Date,Open,High,Low,Close,Volume,Adj Close
2014-06-13,16.04,16.11,16.03,16.09,12000,16.09
2014-06-12,16.15,16.20,16.10,16.12,36400,16.12
2014-06-11,16.21,16.22,16.16,16.19,1500,16.19
2014-06-10,16.12,16.22,16.12,16.22,3700,16.22
2014-06-09,16.07,16.11,16.07,16.11,1400,16.11
2014-06-06,15.99,16.14,15.99,16.10,8700,16.10
2014-06-05,15.78,15.96,15.77,15.94,27500,15.94
2014-06-04,15.77,15.82,15.73,15.78,2500,15.78
2014-06-03,15.84,15.91,15.82,15.87,6700,15.87
2014-06-02,15.81,15.84,15.76,15.77,23600,15.77
2014-05-30,15.89,15.89,15.71,15.72,6900,15.72
2014-05-29,15.86,15.90,15.84,15.89,7100,15.89
2014-05-28,15.80,15.85,15.80,15.85,43800,15.85
2014-05-27,15.77,15.81,15.66,15.74,30200,15.74
2014-05-23,15.75,15.83,15.75,15.80,10400,15.80
2014-05-22,15.65,15.78,15.65,15.75,62800,15.75
2014-05-21,15.68,15.72,15.68,15.71,17800,15.71
2014-05-20,15.73,15.73,15.60,15.66,10200,15.66
2014-05-19,15.70,15.78,15.70,15.78,4700,15.78
2014-05-16,15.65,15.79,15.64,15.79,8100,15.79
2014-05-15,15.65,15.67,15.53,15.58,10600,15.58
2014-05-14,15.67,15.76,15.67,15.71,4500,15.71
2014-05-13,15.63,15.72,15.63,15.66,12400,15.66
2014-05-12,15.53,15.60,15.53,15.60,4400,15.60
2014-05-09,15.36,15.46,15.34,15.42,4200,15.42
2014-05-08,15.51,15.51,15.39,15.41,11100,15.41
2014-05-07,15.39,15.43,15.30,15.41,16100,15.41
2014-05-06,15.30,15.45,15.30,15.37,4400,15.37
2014-05-05,15.29,15.30,15.25,15.29,3000,15.29
2014-05-02,15.25,15.40,15.18,15.39,69500,15.39
2014-05-01,15.22,15.25,15.21,15.22,4300,15.22
2014-04-30,15.18,15.20,15.13,15.19,37600,15.19
2014-04-29,15.21,15.31,15.21,15.27,8300,15.27
2014-04-28,15.11,15.22,15.06,15.17,22200,15.17
2014-04-25,15.19,15.19,15.07,15.11,11300,15.11
2014-04-24,15.29,15.35,15.26,15.28,10800,15.28
2014-04-23,15.36,15.36,15.25,15.32,23800,15.32
2014-04-22,15.29,15.43,15.29,15.40,29200,15.40
2014-04-21,15.35,15.41,15.32,15.34,8200,15.34
2014-04-17,15.45,15.45,15.37,15.43,17400,15.43
2014-04-16,15.20,15.36,15.20,15.33,8500,15.33
2014-04-15,15.30,15.32,15.08,15.19,16300,15.19
2014-04-14,15.19,15.33,14.99,15.33,19600,15.33
2014-04-11,15.23,15.36,15.22,15.26,45500,15.26
2014-04-10,15.56,15.60,15.30,15.35,23700,15.35
2014-04-09,15.39,15.48,15.39,15.45,3100,15.45
2014-04-08,15.36,15.47,15.29,15.40,12700,15.40
2014-04-07,15.32,15.37,15.08,15.25,66200,15.25
2014-04-04,15.45,15.54,15.26,15.27,11100,15.27
2014-04-03,15.30,15.38,15.26,15.32,40500,15.32
2014-04-02,15.31,15.42,15.27,15.35,6000,15.35
2014-04-01,15.30,15.32,15.25,15.30,32500,15.30
2014-03-31,15.25,15.28,15.23,15.25,8300,15.25
2014-03-28,15.05,15.24,15.05,15.17,12800,15.17
2014-03-27,14.97,15.15,14.95,14.99,50400,14.99
2014-03-26,15.03,15.09,14.97,15.03,12200,15.03
2014-03-25,14.85,14.96,14.85,14.93,15300,14.93
2014-03-24,14.86,14.94,14.75,14.83,21800,14.83
2014-03-21,14.77,14.89,14.73,14.74,41800,14.74
2014-03-20,14.68,14.70,14.60,14.65,20700,14.65
2014-03-19,14.86,14.91,14.75,14.75,53200,14.75
2014-03-18,14.68,14.92,14.68,14.91,21000,14.91
2014-03-17,14.60,14.74,14.60,14.67,8200,14.67
2014-03-14,14.50,14.59,14.49,14.52,44600,14.52
2014-03-13,14.74,14.77,14.53,14.53,10000,14.53
2014-03-12,14.74,14.83,14.72,14.82,3800,14.82
2014-03-11,14.95,15.00,14.78,14.84,52500,14.84
2014-03-10,15.00,15.00,14.91,15.00,6500,15.00
2014-03-07,15.15,15.15,14.93,15.01,12900,15.01
2014-03-06,15.02,15.25,15.02,15.12,2100,15.12
2014-03-05,14.94,15.03,14.94,14.99,13800,14.99
2014-03-04,14.99,15.06,14.96,14.96,25000,14.96
2014-03-03,14.94,14.99,14.88,14.88,36300,14.88
2014-02-28,15.14,15.20,15.08,15.16,6900,15.16
2014-02-27,14.99,15.20,14.98,15.20,32000,15.20
2014-02-26,14.87,15.00,14.84,14.98,20800,14.98
2014-02-25,14.88,14.90,14.81,14.84,13000,14.84
2014-02-24,14.94,15.02,14.86,14.92,9700,14.92
2014-02-21,15.08,15.08,14.89,14.95,12900,14.95
2014-02-20,14.76,14.90,14.74,14.90,6200,14.90
2014-02-19,14.80,14.96,14.78,14.80,22400,14.80
2014-02-18,14.99,15.04,14.89,14.90,17600,14.90
2014-02-14,14.94,15.19,14.94,15.06,14900,15.06
2014-02-13,14.76,14.97,14.74,14.91,6200,14.91
2014-02-12,14.94,14.97,14.84,14.89,9100,14.89
2014-02-11,14.60,14.87,14.60,14.82,9200,14.82
2014-02-10,14.63,14.70,14.52,14.54,7800,14.54
2014-02-07,14.71,14.89,14.61,14.71,30500,14.71
2014-02-06,14.61,14.62,14.56,14.60,5300,14.60
2014-02-05,14.25,14.53,14.25,14.33,23500,14.33
2014-02-04,14.15,14.42,14.01,14.35,75000,14.35
2014-02-03,14.33,14.40,14.05,14.08,128500,14.08
2014-01-31,14.17,14.43,14.11,14.42,69400,14.42
2014-01-30,14.24,14.34,14.18,14.27,25300,14.27
2014-01-29,14.19,14.24,14.08,14.21,74000,14.21
2014-01-28,14.34,14.43,14.32,14.32,17600,14.32
2014-01-27,14.55,14.65,14.25,14.34,51300,14.34
2014-01-24,14.78,14.78,14.49,14.58,69800,14.58
2014-01-23,15.00,15.00,14.79,14.84,15100,14.84
2014-01-22,15.05,15.13,14.95,15.10,51000,15.10
2014-01-21,14.96,15.01,14.85,15.01,47300,15.01
2014-01-17,14.98,14.98,14.88,14.97,9400,14.97
2014-01-16,14.99,15.06,14.99,15.01,5100,15.01
2014-01-15,15.03,15.10,14.95,15.05,9500,15.05
2014-01-14,15.04,15.12,14.91,15.09,21900,15.09
2014-01-13,15.00,15.03,14.93,15.03,26000,15.03
2014-01-10,14.95,15.04,14.83,15.04,22800,15.04
2014-01-09,14.92,14.92,14.78,14.85,7000,14.85
2014-01-08,14.87,15.00,14.73,14.91,35200,14.91
2014-01-07,14.99,15.06,14.98,14.98,36200,14.98
2014-01-06,15.03,15.03,14.65,14.87,28400,14.87
2014-01-03,15.14,15.14,14.97,15.03,32900,15.03
2014-01-02,15.42,15.42,14.96,15.14,37700,15.14
2013-12-31,15.49,15.49,15.36,15.48,75300,15.48
2013-12-30,15.06,15.34,15.06,15.33,17700,15.33
2013-12-27,15.24,15.24,15.16,15.16,7800,15.16
2013-12-26,15.29,15.45,15.20,15.22,14500,15.22
2013-12-24,15.13,15.22,15.13,15.21,10000,15.21
2013-12-23,15.07,15.23,14.99,15.05,53900,15.05
2013-12-20,15.20,15.20,15.05,15.05,11300,15.05
2013-12-19,15.25,15.25,15.07,15.14,44400,15.14
2013-12-18,15.05,15.33,14.98,15.28,58600,15.28
2013-12-17,15.04,15.05,14.99,15.05,41100,15.05
2013-12-16,15.11,15.11,15.00,15.01,19500,15.01
2013-12-13,15.01,15.02,14.94,15.01,18600,15.01
2013-12-12,15.15,15.15,15.00,15.04,19800,15.04
2013-12-11,15.31,15.31,15.08,15.15,50900,15.15
2013-12-10,15.44,15.53,15.34,15.36,9500,15.36
2013-12-09,15.31,15.51,15.31,15.36,21900,15.36
2013-12-06,15.23,15.35,15.17,15.34,26200,15.34
2013-12-05,15.11,15.23,15.09,15.17,39000,15.17
2013-12-04,15.06,15.14,15.05,15.12,21400,15.12
2013-12-03,15.20,15.32,15.10,15.16,11700,15.16
2013-12-02,15.37,15.37,15.22,15.26,30400,15.26
2013-11-29,15.37,15.44,15.37,15.44,8400,15.44
2013-11-27,15.42,15.42,15.30,15.32,18900,15.32
2013-11-26,15.19,15.21,15.15,15.20,14800,15.20
2013-11-25,15.32,15.37,15.19,15.21,41200,15.21
2013-11-22,15.25,15.38,15.19,15.35,15300,15.35
2013-11-21,15.24,15.28,15.20,15.20,8400,15.20
2013-11-20,15.43,15.52,15.24,15.28,23600,15.28
2013-11-19,15.46,15.49,15.45,15.47,12700,15.47
2013-11-18,15.48,15.71,15.44,15.52,17900,15.52
2013-11-15,15.26,15.43,15.10,15.35,19900,15.35
2013-11-14,15.01,15.20,15.01,15.17,3000,15.17
2013-11-13,14.89,15.00,14.86,15.00,13000,15.00
2013-11-12,15.00,15.00,14.90,14.94,46700,14.94
2013-11-11,15.07,15.13,14.96,14.99,14800,14.99
2013-11-08,15.12,15.13,15.04,15.12,5900,15.12
2013-11-07,15.48,15.48,15.16,15.20,24300,15.20
2013-11-06,15.43,15.47,15.37,15.43,21200,15.43
2013-11-05,15.51,15.54,15.33,15.40,7200,15.40
2013-11-04,15.48,15.72,15.42,15.64,18800,15.64
2013-11-01,15.51,15.57,15.45,15.47,15500,15.47
2013-10-31,15.75,15.75,15.50,15.50,14500,15.50
2013-10-30,15.65,15.77,15.65,15.77,19000,15.77
2013-10-29,15.62,15.74,15.62,15.64,8900,15.64
2013-10-28,15.55,15.66,15.55,15.65,4100,15.65
2013-10-25,15.51,15.63,15.51,15.61,12600,15.61
2013-10-24,15.67,15.69,15.49,15.57,13000,15.57
2013-10-23,15.79,15.79,15.61,15.67,22000,15.67
2013-10-22,15.85,16.03,15.68,15.92,32800,15.92
2013-10-21,15.89,15.93,15.76,15.81,11400,15.81
2013-10-18,15.89,16.08,15.87,15.98,27800,15.98
2013-10-17,15.52,15.77,15.52,15.76,18400,15.76
2013-10-16,15.61,15.63,15.58,15.62,2100,15.62
2013-10-15,15.52,15.61,15.52,15.55,32300,15.55
2013-10-14,15.50,15.75,15.50,15.63,9500,15.63
2013-10-11,15.64,15.77,15.54,15.57,23200,15.57
2013-10-10,15.37,15.56,15.34,15.56,28100,15.56
2013-10-09,15.17,15.21,15.16,15.18,3700,15.18
2013-10-08,15.45,15.50,15.22,15.22,21900,15.22
2013-10-07,15.40,15.49,15.39,15.45,17700,15.45
2013-10-04,15.38,15.50,15.36,15.45,6100,15.45
2013-10-03,15.35,15.40,15.20,15.34,26200,15.34
2013-10-02,15.18,15.36,15.17,15.34,6600,15.34
2013-10-01,15.06,15.25,15.06,15.21,22800,15.21
2013-09-30,14.85,15.00,14.84,14.97,24100,14.97
2013-09-27,15.15,15.22,15.10,15.10,8200,15.10
2013-09-26,15.35,15.39,15.17,15.26,4100,15.26
2013-09-25,15.23,15.31,15.17,15.28,11100,15.28
2013-09-24,15.27,15.32,15.21,15.26,47900,15.26
2013-09-23,15.50,15.50,15.36,15.41,24100,15.41
2013-09-20,15.58,15.65,15.46,15.50,8100,15.50
2013-09-19,15.72,16.00,15.71,15.86,56600,15.86
2013-09-18,15.35,15.80,15.34,15.79,126700,15.79
2013-09-17,15.51,15.51,15.31,15.41,60400,15.41
2013-09-16,15.45,15.57,15.43,15.54,17200,15.54
2013-09-13,15.31,15.35,15.21,15.31,9100,15.31
2013-09-12,15.27,15.42,15.26,15.31,82300,15.31
2013-09-11,15.28,15.29,15.14,15.28,16900,15.28
2013-09-10,15.28,15.31,15.21,15.31,5000,15.31
2013-09-09,14.72,15.11,14.72,15.08,65400,15.08
2013-09-06,14.51,14.76,14.51,14.68,8200,14.68
2013-09-05,14.30,14.49,14.30,14.44,4100,14.44
2013-09-04,14.34,14.40,14.21,14.35,9200,14.35
2013-09-03,14.17,14.32,14.08,14.27,16700,14.27
2013-08-30,14.11,14.15,13.91,14.02,48500,14.02
2013-08-29,14.03,14.16,14.01,14.01,18400,14.01
2013-08-28,14.10,14.11,13.91,13.95,21300,13.95
2013-08-27,14.25,14.28,14.08,14.12,38500,14.12
2013-08-26,14.49,14.49,14.34,14.46,24600,14.46
2013-08-23,14.47,14.51,14.43,14.46,3500,14.46
2013-08-22,14.24,14.30,14.23,14.26,28700,14.26
2013-08-21,14.34,14.35,14.15,14.19,6800,14.19
2013-08-20,14.55,14.55,14.37,14.50,15800,14.50
2013-08-19,14.70,14.76,14.56,14.62,24300,14.62
2013-08-16,14.82,14.85,14.76,14.76,6600,14.76
2013-08-15,14.86,14.90,14.74,14.86,34300,14.86
2013-08-14,14.98,15.23,14.97,15.06,41500,15.06
2013-08-13,14.91,15.00,14.87,14.91,24000,14.91
2013-08-12,14.89,15.00,14.88,14.91,10100,14.91
2013-08-09,14.71,14.97,14.71,14.89,12400,14.89
2013-08-08,14.56,14.83,14.56,14.82,8000,14.82
2013-08-07,14.69,14.84,14.50,14.50,12400,14.50
2013-08-06,14.74,14.74,14.68,14.73,5200,14.73
2013-08-05,14.90,14.90,14.65,14.89,24400,14.89
2013-08-02,14.85,14.93,14.64,14.90,9600,14.90
2013-08-01,14.74,14.86,14.73,14.86,17300,14.86
2013-07-31,14.57,14.75,14.55,14.62,24300,14.62
2013-07-30,14.68,14.71,14.56,14.65,11300,14.65
2013-07-29,14.80,14.80,14.66,14.70,18000,14.70
2013-07-26,14.72,14.87,14.67,14.87,45200,14.87
2013-07-25,14.76,14.89,14.73,14.85,8900,14.85
2013-07-24,14.86,15.00,14.79,14.85,11300,14.85
2013-07-23,14.78,14.93,14.78,14.92,24600,14.92
2013-07-22,14.67,14.81,14.67,14.76,17100,14.76
2013-07-19,14.85,15.23,14.66,14.67,31800,14.67
2013-07-18,14.95,14.98,14.78,14.85,8300,14.85
2013-07-17,14.91,15.09,14.76,14.94,8000,14.94
2013-07-16,14.81,14.89,14.72,14.85,13100,14.85
2013-07-15,14.67,14.84,14.66,14.81,9500,14.81
2013-07-12,14.79,14.79,14.49,14.55,7600,14.55
2013-07-11,14.52,14.79,14.40,14.79,44100,14.79
2013-07-10,14.22,14.27,14.16,14.24,13900,14.24
2013-07-09,14.25,14.33,14.20,14.32,38500,14.32
2013-07-08,14.10,14.37,14.10,14.14,33700,14.14
2013-07-05,14.31,14.31,14.08,14.10,55200,14.10
2013-07-03,14.19,14.32,14.12,14.25,21900,14.25
2013-07-02,14.36,14.52,14.15,14.28,50400,14.28
2013-07-01,14.37,14.56,14.37,14.47,46300,14.47
2013-06-28,14.22,14.45,14.20,14.34,89800,14.34
2013-06-27,14.02,14.30,14.02,14.27,12100,14.27
2013-06-26,13.79,13.99,13.75,13.95,93400,13.95
2013-06-25,13.87,13.87,13.60,13.75,15100,13.70
2013-06-24,13.66,13.76,13.45,13.67,52600,13.62
2013-06-21,13.97,14.00,13.66,13.87,30000,13.82
2013-06-20,14.19,14.19,13.75,13.84,59200,13.79
2013-06-19,14.70,14.73,14.40,14.40,99100,14.34
2013-06-18,14.74,14.76,14.54,14.72,6900,14.66
2013-06-17,14.83,15.20,14.78,14.78,9900,14.72
2013-06-14,14.64,14.78,14.58,14.68,30000,14.62
2013-06-13,14.61,14.71,14.55,14.68,101700,14.62
2013-06-12,14.73,14.73,14.56,14.59,18000,14.53
2013-06-11,14.84,14.84,14.66,14.74,36300,14.68
2013-06-10,15.09,15.09,14.94,14.98,16300,14.92
2013-06-07,15.12,15.25,15.04,15.09,30900,15.03
2013-06-06,15.15,15.19,15.02,15.19,37900,15.13
2013-06-05,15.35,15.36,15.15,15.19,17500,15.13
2013-06-04,15.57,15.60,15.47,15.49,65500,15.43
2013-06-03,15.42,15.59,15.40,15.59,66700,15.53
2013-05-31,15.58,15.60,15.42,15.43,30200,15.37
2013-05-30,15.70,15.77,15.70,15.75,7900,15.69
2013-05-29,15.94,15.94,15.65,15.69,6300,15.63
2013-05-28,16.04,16.14,15.90,16.00,12700,15.94
2013-05-24,15.76,15.84,15.76,15.82,6500,15.76
2013-05-23,15.89,15.98,15.79,15.94,21900,15.88
2013-05-22,16.21,16.40,16.04,16.04,14300,15.98
2013-05-21,16.26,16.31,16.17,16.25,15100,16.19
2013-05-20,16.24,16.28,16.19,16.21,11900,16.15
2013-05-17,16.20,16.23,16.14,16.19,20900,16.13
2013-05-16,16.19,16.23,16.11,16.11,17100,16.05
2013-05-15,16.06,16.22,16.05,16.14,15800,16.08
2013-05-14,16.17,16.19,16.10,16.13,16900,16.07
2013-05-13,16.15,16.16,16.05,16.05,13800,15.99
2013-05-10,16.10,16.91,16.10,16.22,27100,16.16
2013-05-09,16.27,16.37,16.19,16.23,7800,16.17
2013-05-08,16.26,16.36,16.26,16.34,10600,16.28
2013-05-07,16.14,16.24,16.14,16.18,45900,16.12
2013-05-06,16.13,16.13,16.06,16.11,9300,16.05
2013-05-03,15.94,16.18,15.94,16.07,6900,16.01
2013-05-02,15.98,15.98,15.72,15.93,26100,15.87
2013-05-01,15.94,16.01,15.81,15.81,2000,15.75
2013-04-30,15.87,16.03,15.87,16.02,15000,15.96
2013-04-29,15.77,15.90,15.77,15.90,11800,15.84
2013-04-26,15.77,15.79,15.68,15.74,9500,15.68
2013-04-25,15.76,15.88,15.67,15.87,22500,15.81
2013-04-24,15.73,15.77,15.67,15.76,13000,15.70
2013-04-23,15.81,15.81,15.59,15.69,10900,15.63
2013-04-22,15.75,15.75,15.54,15.67,2400,15.61
2013-04-19,15.49,15.66,15.45,15.56,7800,15.50
2013-04-18,15.27,15.35,15.22,15.35,6500,15.29
2013-04-17,15.16,15.37,15.16,15.31,19000,15.25
2013-04-16,15.37,15.46,15.34,15.39,13000,15.33
2013-04-15,15.47,15.47,15.21,15.21,45800,15.15
2013-04-12,15.39,15.51,15.35,15.51,51100,15.45
2013-04-11,15.54,15.61,15.51,15.58,13000,15.52
2013-04-10,15.48,15.60,15.48,15.53,33600,15.47
2013-04-09,15.23,15.45,15.23,15.43,61800,15.37
2013-04-08,15.16,15.30,15.10,15.30,7200,15.24
2013-04-05,15.10,15.26,15.10,15.24,9900,15.18
2013-04-04,15.48,15.48,15.34,15.37,6500,15.31
2013-04-03,15.63,15.63,15.54,15.55,6600,15.49
2013-04-02,15.67,15.75,15.65,15.72,6600,15.66
2013-04-01,15.75,15.75,15.59,15.60,22300,15.54
2013-03-28,15.49,15.70,15.49,15.69,5400,15.63
2013-03-27,15.45,15.59,15.42,15.57,28400,15.51
2013-03-26,15.35,15.49,15.35,15.49,4600,15.43
2013-03-25,15.40,15.47,15.29,15.33,8600,15.27
2013-03-22,15.28,15.34,15.26,15.30,10300,15.24
2013-03-21,15.37,15.44,15.30,15.35,20100,15.29
2013-03-20,15.42,15.49,15.38,15.39,19300,15.33
2013-03-19,15.50,15.55,15.32,15.38,17500,15.32
2013-03-18,15.62,15.63,15.54,15.54,15300,15.48
2013-03-15,15.64,15.67,15.60,15.65,9500,15.59
2013-03-14,15.76,15.76,15.69,15.72,9100,15.66
2013-03-13,15.62,15.74,15.58,15.67,42500,15.61
2013-03-12,15.76,15.79,15.71,15.71,29000,15.65
2013-03-11,15.82,15.87,15.81,15.87,1400,15.81
2013-03-08,15.87,15.93,15.85,15.93,9100,15.87
2013-03-07,15.67,15.82,15.67,15.82,7600,15.76
2013-03-06,15.75,15.83,15.66,15.74,28900,15.68
2013-03-05,15.64,15.83,15.64,15.79,24600,15.73
2013-03-04,15.57,15.57,15.48,15.53,43100,15.47
2013-03-01,15.58,15.67,15.54,15.67,11700,15.61
2013-02-28,15.64,15.75,15.59,15.59,11300,15.53
2013-02-27,15.52,15.75,15.52,15.70,10900,15.64
2013-02-26,15.48,15.50,15.40,15.50,3100,15.44
2013-02-25,15.63,15.70,15.49,15.49,29700,15.43
2013-02-22,15.59,15.59,15.47,15.55,73200,15.49
2013-02-21,15.65,15.65,15.53,15.57,30700,15.51
2013-02-20,15.94,15.96,15.71,15.71,20900,15.65
2013-02-19,15.92,15.98,15.85,15.86,7400,15.80
2013-02-15,15.96,15.98,15.89,15.92,11200,15.86
2013-02-14,16.00,16.04,15.94,16.01,33200,15.95
2013-02-13,16.01,16.04,15.97,16.04,11900,15.98
2013-02-12,15.96,16.06,15.96,15.99,14800,15.93
2013-02-11,16.01,16.01,15.93,15.96,6600,15.90
2013-02-08,16.02,16.05,15.99,16.00,12600,15.94
2013-02-07,15.99,16.02,15.92,15.98,7600,15.92
2013-02-06,16.08,16.11,16.01,16.07,63500,16.01
2013-02-05,16.09,16.14,16.02,16.13,19200,16.07
2013-02-04,16.11,16.15,16.02,16.04,39500,15.98
2013-02-01,16.15,16.19,16.15,16.18,29600,16.12
2013-01-31,16.12,16.12,16.04,16.07,14400,16.01
2013-01-30,16.06,16.13,16.01,16.11,2800,16.05
2013-01-29,16.05,16.17,16.00,16.16,17700,16.10
2013-01-28,15.96,16.10,15.93,16.00,34700,15.94
2013-01-25,16.15,16.15,16.00,16.00,3600,15.94
2013-01-24,16.15,16.25,16.11,16.16,17100,16.10
2013-01-23,16.15,16.23,16.06,16.06,20800,16.00
2013-01-22,16.15,16.37,16.04,16.20,71900,16.14
2013-01-18,16.01,16.14,16.01,16.13,8300,16.07
2013-01-17,16.04,16.15,16.04,16.06,8400,16.00
2013-01-16,15.99,16.07,15.98,16.01,2700,15.95
2013-01-15,16.00,16.11,15.95,16.09,47800,16.03
2013-01-14,15.98,16.12,15.98,16.11,25400,16.05
2013-01-11,16.02,16.09,15.84,15.94,28000,15.88
2013-01-10,15.87,16.16,15.87,16.09,43800,16.03
2013-01-09,15.83,15.97,15.78,15.83,18200,15.77
2013-01-08,15.79,15.85,15.74,15.78,19400,15.72
2013-01-07,15.91,15.92,15.73,15.82,9100,15.76
2013-01-04,15.90,16.02,15.87,15.93,14100,15.87
2013-01-03,15.93,16.19,15.82,15.95,64700,15.89
2013-01-02,15.76,16.27,15.76,15.97,128000,15.91
2012-12-31,15.24,15.50,15.21,15.50,54100,15.44
2012-12-28,15.15,15.25,15.13,15.24,14300,15.18
2012-12-27,15.12,15.28,15.10,15.17,38200,15.11
2012-12-26,15.24,15.30,15.04,15.08,10200,15.02
2012-12-24,15.11,15.17,15.06,15.15,3100,15.09
2012-12-21,15.07,15.17,15.06,15.16,43800,15.10
2012-12-20,15.19,15.35,15.07,15.32,10600,15.26
2012-12-19,15.33,15.33,15.24,15.27,9600,15.21
2012-12-18,15.26,15.38,15.17,15.38,13000,15.24
2012-12-17,15.15,15.31,15.11,15.31,26800,15.17
2012-12-14,15.02,15.20,15.02,15.17,151800,15.03
2012-12-13,15.12,15.23,15.03,15.15,44700,15.01
2012-12-12,15.12,15.22,15.08,15.20,22700,15.06
2012-12-11,15.05,15.12,15.01,15.09,31100,14.95
2012-12-10,15.03,15.09,14.93,15.07,32200,14.93
2012-12-07,15.03,15.12,15.03,15.04,7200,14.90
2012-12-06,15.10,15.14,15.00,15.04,54000,14.90
2012-12-05,15.08,15.18,14.98,15.09,38600,14.95
2012-12-04,14.91,15.20,14.90,15.04,48900,14.90
2012-12-03,14.95,14.97,14.87,14.91,8400,14.77
2012-11-30,14.89,14.92,14.83,14.91,11100,14.77
2012-11-29,14.81,14.88,14.81,14.87,21400,14.73
2012-11-28,14.70,14.74,14.50,14.74,20800,14.60
2012-11-27,14.78,14.78,14.60,14.66,9200,14.53
2012-11-26,14.67,14.76,14.66,14.75,6400,14.61
2012-11-23,14.58,14.74,14.58,14.74,8600,14.60
2012-11-21,14.49,14.55,14.45,14.48,2900,14.35
2012-11-20,14.54,14.54,14.40,14.48,17200,14.35
2012-11-19,14.56,14.66,14.39,14.63,55600,14.50
2012-11-16,14.32,14.32,14.07,14.24,17700,14.11
2012-11-15,14.25,14.33,14.13,14.23,43200,14.10
2012-11-14,14.49,14.56,14.20,14.25,34800,14.12
2012-11-13,14.49,14.59,14.47,14.54,264400,14.41
2012-11-12,14.68,14.70,14.62,14.65,6200,14.52
2012-11-09,14.52,14.67,14.52,14.60,14300,14.47
2012-11-08,14.79,14.79,14.50,14.52,13900,14.39
2012-11-07,14.74,14.82,14.67,14.75,12900,14.61
2012-11-06,14.86,14.96,14.85,14.95,17000,14.81
2012-11-05,14.71,14.85,14.71,14.83,21100,14.69
2012-11-02,14.88,14.97,14.80,14.80,26000,14.66
2012-11-01,14.74,14.90,14.70,14.84,93100,14.70
2012-10-31,14.71,14.71,14.59,14.69,30900,14.56
2012-10-26,14.63,14.68,14.57,14.67,10600,14.54
2012-10-25,14.74,14.82,14.68,14.71,26000,14.58
2012-10-24,14.58,14.67,14.58,14.62,11000,14.49
2012-10-23,14.65,14.65,14.50,14.54,17400,14.41
2012-10-22,14.81,14.90,14.72,14.81,7200,14.67
2012-10-19,14.89,14.89,14.71,14.72,36400,14.59
2012-10-18,15.02,15.02,14.88,14.95,29200,14.81
2012-10-17,14.96,15.11,14.96,15.06,3500,14.92
2012-10-16,14.86,15.03,14.86,14.96,61300,14.82
2012-10-15,14.62,14.85,14.62,14.85,14300,14.71
2012-10-12,14.69,14.73,14.66,14.68,2500,14.55
2012-10-11,14.71,14.83,14.71,14.78,6900,14.64
2012-10-10,14.75,14.75,14.60,14.60,15200,14.47
2012-10-09,14.85,14.85,14.71,14.71,86300,14.58
2012-10-08,14.79,14.89,14.79,14.88,9700,14.74
2012-10-05,15.00,15.10,14.91,14.94,24900,14.80
2012-10-04,14.87,14.97,14.80,14.97,9200,14.83
2012-10-03,14.81,14.87,14.77,14.84,8100,14.70
2012-10-02,14.83,14.92,14.78,14.89,33000,14.75
2012-10-01,14.73,14.96,14.73,14.81,22600,14.67
2012-09-28,14.63,14.74,14.60,14.63,58700,14.50
2012-09-27,14.60,14.68,14.56,14.65,26700,14.52
2012-09-26,14.49,14.49,14.39,14.48,16400,14.35
2012-09-25,14.81,14.81,14.56,14.56,27100,14.43
2012-09-24,14.67,14.77,14.66,14.77,23300,14.63
2012-09-21,14.71,14.79,14.71,14.76,14800,14.62
2012-09-20,14.66,14.81,14.66,14.71,42900,14.58
2012-09-19,14.83,14.83,14.73,14.75,9400,14.61
2012-09-18,14.85,14.85,14.70,14.76,11300,14.62
2012-09-17,14.84,14.91,14.72,14.80,24200,14.66
2012-09-14,14.84,15.02,14.73,15.00,64600,14.86
2012-09-13,14.33,14.75,14.32,14.69,26600,14.56
2012-09-12,14.40,14.40,14.32,14.36,10000,14.23
2012-09-11,14.21,14.35,14.21,14.32,19400,14.19
2012-09-10,14.24,14.26,14.16,14.21,22200,14.08
2012-09-07,14.18,14.35,14.18,14.33,38400,14.20
2012-09-06,13.94,14.10,13.94,14.10,22200,13.97
2012-09-05,13.83,13.92,13.78,13.85,45800,13.72
2012-09-04,13.82,13.91,13.76,13.88,38000,13.75
2012-08-31,13.81,13.92,13.75,13.89,76800,13.76
2012-08-30,13.82,13.82,13.73,13.76,39700,13.63
2012-08-29,13.90,13.95,13.79,13.87,45700,13.74
2012-08-28,13.94,13.97,13.89,13.93,18300,13.80
2012-08-27,14.02,14.09,13.90,13.98,18600,13.85
2012-08-24,13.91,14.08,13.91,14.05,34700,13.92
2012-08-23,14.06,14.10,14.00,14.02,14100,13.89
2012-08-22,13.98,14.14,13.98,14.10,29100,13.97
2012-08-21,14.11,14.28,14.08,14.12,16200,13.99
2012-08-20,14.11,14.18,14.11,14.13,17000,14.00
2012-08-17,14.16,14.21,14.03,14.21,16200,14.08
2012-08-16,14.15,14.23,14.11,14.23,8700,14.10
2012-08-15,14.12,14.16,14.05,14.14,23300,14.01
2012-08-14,14.10,14.33,14.10,14.19,30800,14.06
2012-08-13,14.27,14.27,14.08,14.15,29600,14.02
2012-08-10,14.16,14.24,14.10,14.24,11300,14.11
2012-08-09,14.16,14.27,14.16,14.23,46800,14.10
2012-08-08,14.10,14.22,14.10,14.21,18700,14.08
2012-08-07,14.11,14.22,14.09,14.16,33400,14.03
2012-08-06,13.91,14.15,13.91,14.10,23100,13.97
2012-08-03,13.79,13.95,13.79,13.92,99700,13.79
2012-08-02,13.75,13.75,13.59,13.63,39900,13.51
2012-08-01,14.04,14.04,13.60,13.80,107200,13.67
2012-07-31,14.07,14.07,13.88,13.97,21600,13.84
2012-07-30,13.86,14.00,13.84,14.00,37200,13.87
2012-07-27,13.63,13.96,13.62,13.92,17400,13.79
2012-07-26,13.51,13.60,13.43,13.56,39800,13.44
2012-07-25,13.43,13.50,13.32,13.33,49000,13.21
2012-07-24,13.45,13.45,13.29,13.37,50600,13.25
2012-07-23,13.42,13.43,13.28,13.38,46200,13.26
2012-07-20,13.80,13.83,13.67,13.71,33300,13.58
2012-07-19,13.94,14.00,13.92,13.96,12600,13.83
2012-07-18,13.89,14.02,13.89,13.94,17400,13.81
2012-07-17,13.90,14.02,13.87,13.95,23600,13.82
2012-07-16,13.79,13.93,13.79,13.87,15700,13.74
2012-07-13,13.90,13.95,13.82,13.90,38700,13.77
2012-07-12,13.98,13.98,13.81,13.87,10800,13.74
2012-07-11,13.80,14.19,13.76,14.09,57300,13.96
2012-07-10,14.29,14.36,14.02,14.04,45100,13.91
2012-07-09,14.11,14.22,14.04,14.20,39900,14.07
2012-07-06,14.21,14.21,14.03,14.09,48000,13.96
2012-07-05,14.39,14.40,14.12,14.21,49700,14.08
2012-07-03,14.07,14.34,14.04,14.33,64700,14.20
2012-07-02,14.00,14.10,13.98,14.03,112900,13.90
2012-06-29,13.83,13.99,13.83,13.99,43900,13.86
2012-06-28,13.55,13.55,13.38,13.50,53100,13.38
2012-06-27,13.49,13.61,13.49,13.58,111700,13.46
2012-06-26,13.48,13.57,13.37,13.45,67800,13.33
2012-06-25,13.52,13.52,13.32,13.45,56300,13.33
2012-06-22,13.56,13.62,13.50,13.58,37100,13.46
2012-06-21,13.88,13.88,13.53,13.53,67500,13.41
2012-06-20,13.91,13.97,13.81,13.90,35100,13.77
2012-06-19,13.80,14.00,13.80,13.88,36100,13.75
2012-06-18,13.61,13.79,13.59,13.71,22400,13.58
2012-06-15,13.53,13.69,13.53,13.65,45800,13.52
2012-06-14,13.43,13.55,13.34,13.47,35400,13.35
2012-06-13,13.55,13.59,13.42,13.45,74000,13.33
2012-06-12,13.38,13.48,13.32,13.44,24500,13.32
2012-06-11,13.42,13.42,13.27,13.27,43300,13.15
2012-06-08,13.36,13.37,13.22,13.34,13200,13.22
2012-06-07,13.43,13.64,13.43,13.46,29900,13.34
2012-06-06,13.08,13.37,13.08,13.37,9200,13.25
2012-06-05,12.97,13.02,12.95,13.01,13900,12.89
2012-06-04,12.95,13.03,12.90,12.97,16800,12.85
2012-06-01,13.00,13.10,12.95,12.97,31500,12.85
2012-05-31,13.29,13.29,13.14,13.25,26700,13.13
2012-05-30,13.30,13.30,13.17,13.23,28100,13.11
2012-05-29,13.39,13.53,13.34,13.44,32100,13.32
2012-05-25,13.09,13.23,13.09,13.16,14300,13.04
2012-05-24,13.28,13.32,13.15,13.19,3200,13.07
2012-05-23,13.16,13.26,13.09,13.25,42000,13.13
2012-05-22,13.46,13.54,13.36,13.36,37000,13.24
2012-05-21,13.23,13.46,13.23,13.46,31900,13.34
2012-05-18,13.40,13.40,13.12,13.15,47400,13.03
2012-05-17,13.43,13.51,13.37,13.37,32400,13.25
2012-05-16,13.60,13.60,13.45,13.46,160500,13.34
2012-05-15,13.60,13.60,13.44,13.47,8000,13.35
2012-05-14,13.74,13.74,13.51,13.59,18200,13.47
2012-05-11,13.96,14.01,13.85,13.87,7300,13.74
2012-05-10,14.09,14.11,14.01,14.04,15400,13.91
2012-05-09,13.98,14.04,13.84,14.03,45000,13.90
2012-05-08,14.27,14.27,14.00,14.14,27100,14.01
2012-05-07,14.19,14.36,14.19,14.33,24000,14.20
2012-05-04,14.46,14.47,14.27,14.27,36700,14.14
2012-05-03,14.60,14.69,14.49,14.49,10000,14.36
2012-05-02,14.68,14.69,14.61,14.63,37000,14.50
2012-05-01,14.76,14.80,14.63,14.71,32200,14.58
2012-04-30,14.61,14.63,14.54,14.60,21000,14.47
2012-04-27,14.73,14.73,14.53,14.58,7400,14.45
2012-04-26,14.45,14.60,14.45,14.57,18700,14.44
2012-04-25,14.48,14.50,14.46,14.48,21400,14.35
2012-04-24,14.36,14.47,14.36,14.39,7000,14.26
2012-04-23,14.39,14.41,14.20,14.39,55900,14.26
2012-04-20,14.50,14.61,14.50,14.56,83400,14.43
2012-04-19,14.49,14.61,14.43,14.47,89400,14.34
2012-04-18,14.57,14.58,14.51,14.58,32600,14.45
2012-04-17,14.53,14.63,14.47,14.59,63800,14.46
2012-04-16,14.50,14.58,14.37,14.42,45700,14.29
2012-04-13,14.49,14.57,14.37,14.43,73400,14.30
2012-04-12,14.36,14.53,14.36,14.51,124100,14.38
2012-04-11,14.33,14.33,14.25,14.27,49800,14.14
2012-04-10,14.39,14.39,14.04,14.11,80200,13.98
2012-04-09,14.56,14.56,14.33,14.35,20400,14.22
2012-04-05,14.53,14.60,14.51,14.54,44700,14.41
2012-04-04,14.54,14.58,14.41,14.52,69900,14.39
2012-04-03,14.74,14.92,14.67,14.76,54000,14.62
2012-04-02,14.56,14.84,14.56,14.79,10000,14.65
2012-03-30,14.65,14.70,14.59,14.63,12000,14.50
2012-03-29,14.58,14.58,14.35,14.56,39800,14.43
2012-03-28,14.78,14.78,14.47,14.61,45800,14.48
2012-03-27,14.75,14.83,14.73,14.79,25500,14.65
2012-03-26,14.62,14.78,14.62,14.78,12500,14.64
2012-03-23,14.46,14.60,14.42,14.56,16100,14.43
2012-03-22,14.51,14.51,14.37,14.45,54800,14.32
2012-03-21,14.56,14.66,14.53,14.55,7300,14.42
2012-03-20,14.64,14.64,14.52,14.57,31500,14.44
2012-03-19,14.87,14.87,14.70,14.84,30000,14.70
2012-03-16,14.80,14.89,14.72,14.89,10900,14.75
2012-03-15,14.86,14.89,14.68,14.89,27400,14.75
2012-03-14,14.88,14.88,14.66,14.74,18900,14.60
2012-03-13,14.71,14.88,14.67,14.86,24800,14.72
2012-03-12,14.61,14.70,14.52,14.60,16500,14.47
2012-03-09,14.86,14.93,14.68,14.70,45300,14.57
2012-03-08,14.67,14.85,14.67,14.77,13100,14.63
2012-03-07,14.48,14.81,14.44,14.52,37800,14.39
2012-03-06,14.55,14.62,14.38,14.38,50100,14.25
2012-03-05,14.93,14.93,14.77,14.89,27200,14.75
2012-03-02,14.83,14.97,14.83,14.96,34700,14.82
2012-03-01,14.77,14.97,14.77,14.96,16000,14.82
2012-02-29,14.88,14.97,14.75,14.75,14700,14.61
2012-02-28,14.72,14.84,14.71,14.78,13900,14.64
2012-02-27,14.67,14.73,14.55,14.64,20700,14.51
2012-02-24,14.57,14.81,14.57,14.76,6100,14.62
2012-02-23,14.62,14.69,14.61,14.62,10900,14.49
2012-02-22,14.71,14.72,14.67,14.69,7200,14.56
2012-02-21,14.69,14.78,14.68,14.71,15500,14.58
2012-02-17,14.77,14.77,14.69,14.73,19200,14.59
2012-02-16,14.49,14.68,14.43,14.68,31600,14.55
2012-02-15,14.57,14.65,14.50,14.50,35500,14.37
2012-02-14,14.47,14.52,14.45,14.47,6200,14.34
2012-02-13,14.49,14.60,14.49,14.53,39100,14.40
2012-02-10,14.45,14.48,14.34,14.37,25700,14.24
2012-02-09,14.71,14.73,14.63,14.65,25200,14.52
2012-02-08,14.67,14.74,14.62,14.68,5800,14.55
2012-02-07,14.49,14.61,14.47,14.57,16900,14.44
2012-02-06,14.58,14.60,14.48,14.60,26300,14.47
2012-02-03,14.69,14.73,14.59,14.66,15000,14.53
2012-02-02,14.47,14.56,14.43,14.48,24200,14.35
2012-02-01,14.26,14.40,14.26,14.37,76700,14.24
2012-01-31,14.01,14.11,14.00,14.11,59900,13.98
2012-01-30,13.92,13.97,13.83,13.91,14600,13.78
2012-01-27,14.12,14.17,14.08,14.10,6100,13.97
2012-01-26,14.25,14.25,14.05,14.09,7000,13.96
2012-01-25,13.85,14.17,13.85,14.12,6500,13.99
2012-01-24,13.81,13.98,13.81,13.97,9400,13.84
2012-01-23,14.00,14.16,13.66,13.99,56300,13.86
2012-01-20,13.93,13.99,13.91,13.94,11600,13.81
2012-01-19,13.87,14.01,13.85,13.95,31200,13.82
2012-01-18,13.64,13.82,13.64,13.81,21200,13.68
2012-01-17,13.60,13.65,13.54,13.57,17700,13.45
2012-01-13,13.50,13.50,13.31,13.36,34500,13.24
2012-01-12,13.41,13.55,13.39,13.55,33000,13.43
2012-01-11,13.38,13.45,13.37,13.44,19300,13.32
2012-01-10,13.36,13.47,13.36,13.38,16600,13.26
2012-01-09,13.09,13.19,13.09,13.19,11900,13.07
2012-01-06,13.10,13.10,12.99,13.09,92900,12.97
2012-01-05,13.18,13.23,13.03,13.13,14900,13.01
2012-01-04,13.17,13.23,13.10,13.23,22500,13.11
2012-01-03,13.14,13.29,13.14,13.28,48800,13.16
2011-12-30,12.77,12.96,12.77,12.92,40600,12.80
2011-12-29,12.92,12.93,12.83,12.89,28700,12.77
2011-12-28,12.98,12.98,12.82,12.83,36400,12.71
2011-12-27,12.94,13.07,12.90,13.07,23200,12.95
2011-12-23,13.03,13.15,13.02,13.12,19600,13.00
2011-12-22,12.93,13.11,12.93,13.07,37000,12.95
2011-12-21,12.88,13.00,12.81,13.00,10100,12.88
2011-12-20,12.76,12.99,12.76,12.95,23200,12.83
2011-12-19,12.74,12.78,12.54,12.54,16700,12.43
2011-12-16,12.77,12.91,12.77,12.78,23400,12.66
2011-12-15,12.87,12.88,12.67,12.67,58100,12.55
2011-12-14,12.92,12.92,12.68,12.73,10700,12.61
2011-12-13,13.17,13.18,12.90,12.97,19600,12.85
2011-12-12,13.22,13.22,12.90,13.12,53200,13.00
2011-12-09,13.32,13.51,13.32,13.43,13300,13.31
2011-12-08,13.47,13.47,13.18,13.20,49000,13.08
2011-12-07,13.62,13.62,13.47,13.61,53000,13.49
2011-12-06,13.69,13.69,13.49,13.65,15100,13.52
2011-12-05,13.84,13.85,13.75,13.77,27000,13.64
2011-12-02,13.73,13.73,13.62,13.70,20400,13.57
2011-12-01,13.61,13.70,13.53,13.65,19200,13.52
2011-11-30,13.41,13.65,13.41,13.65,39400,13.52
2011-11-29,12.91,13.04,12.82,12.97,46000,12.85
2011-11-28,12.89,13.08,12.81,12.97,48800,12.85
2011-11-25,12.50,12.61,12.40,12.45,8700,12.34
2011-11-23,12.69,12.70,12.47,12.55,46500,12.43
2011-11-22,12.86,12.92,12.76,12.80,14800,12.68
2011-11-21,13.00,13.00,12.72,12.89,23400,12.77
2011-11-18,13.32,13.32,13.14,13.25,19800,13.13
2011-11-17,13.56,13.62,13.20,13.22,34500,13.10
2011-11-16,13.61,13.65,13.49,13.55,48000,13.43
2011-11-15,13.55,13.78,13.52,13.74,26600,13.61
2011-11-14,13.78,13.78,13.54,13.59,19100,13.47
2011-11-11,13.71,13.97,13.71,13.86,11000,13.73
2011-11-10,13.73,13.75,13.45,13.60,30900,13.48
2011-11-09,13.89,13.89,13.60,13.60,65400,13.48
2011-11-08,14.21,14.29,14.06,14.28,13900,14.15
2011-11-07,14.19,14.19,13.99,14.17,16300,14.04
2011-11-04,14.18,14.18,13.90,14.09,11500,13.96
2011-11-03,14.06,14.21,13.93,14.21,31300,14.08
2011-11-02,13.94,14.08,13.85,13.96,37100,13.83
2011-11-01,13.54,13.79,13.46,13.73,57200,13.60
2011-10-31,14.35,14.35,13.99,14.01,59300,13.88
2011-10-28,14.51,14.51,14.22,14.42,34900,14.29
2011-10-27,14.21,14.58,14.21,14.54,52600,14.41
2011-10-26,13.83,13.89,13.61,13.89,8000,13.76
2011-10-25,13.66,13.75,13.60,13.70,66300,13.57
2011-10-24,13.60,13.98,13.60,13.90,48200,13.77
2011-10-21,13.53,13.59,13.37,13.53,47800,13.41
2011-10-20,13.48,13.48,13.04,13.29,40000,13.17
2011-10-19,13.59,13.71,13.33,13.46,74100,13.34
2011-10-18,13.52,13.70,13.24,13.57,102900,13.45
2011-10-17,13.79,13.79,13.54,13.57,20100,13.45
2011-10-14,13.79,13.79,13.64,13.78,17200,13.65
2011-10-13,13.77,13.77,13.44,13.61,33700,13.49
2011-10-12,13.78,13.90,13.70,13.85,23500,13.72
2011-10-11,13.31,13.62,13.31,13.51,42700,13.39
2011-10-10,13.25,13.53,13.25,13.49,21000,13.37
2011-10-07,13.01,13.09,12.84,13.04,92200,12.92
2011-10-06,12.57,12.97,12.50,12.97,38000,12.85
2011-10-05,12.51,12.64,12.18,12.64,110300,12.52
2011-10-04,12.30,12.50,12.07,12.50,91500,12.39
2011-10-03,12.53,12.54,12.31,12.42,76400,12.31
2011-09-30,12.67,12.70,12.52,12.55,100200,12.43
2011-09-29,13.02,13.12,12.74,12.91,15700,12.79
2011-09-28,13.14,13.20,12.79,12.87,46800,12.75
2011-09-27,13.03,13.41,13.03,13.18,54700,13.06
2011-09-26,12.65,12.80,12.47,12.78,90400,12.66
2011-09-23,12.52,12.79,12.51,12.65,35100,12.53
2011-09-22,12.94,12.94,12.45,12.52,62600,12.41
2011-09-21,13.67,13.67,13.23,13.24,53700,13.12
2011-09-20,13.65,13.74,13.57,13.62,36700,13.50
2011-09-19,13.62,13.62,13.42,13.61,18400,13.49
2011-09-16,14.01,14.10,13.93,13.98,21800,13.85
2011-09-15,13.88,14.09,13.87,13.98,29700,13.85
2011-09-14,13.87,13.92,13.61,13.80,38200,13.67
2011-09-13,13.86,13.86,13.74,13.82,49400,13.69
2011-09-12,13.70,13.87,13.56,13.87,34100,13.74
2011-09-09,14.21,14.21,13.83,13.90,55800,13.77
2011-09-08,14.58,14.58,14.30,14.32,21000,14.19
2011-09-07,14.22,14.61,14.22,14.61,43600,14.48
2011-09-06,13.78,14.01,13.74,13.98,30500,13.85
2011-09-02,14.28,14.36,14.09,14.20,50400,14.07
2011-09-01,14.63,14.75,14.52,14.66,85900,14.53
2011-08-31,14.59,14.74,14.56,14.70,15300,14.57
2011-08-30,14.39,14.49,14.30,14.49,11300,14.36
2011-08-29,14.11,14.39,14.11,14.39,32400,14.26
2011-08-26,13.75,13.95,13.56,13.95,81800,13.82
2011-08-25,14.02,14.02,13.72,13.82,46000,13.69
2011-08-24,14.12,14.21,13.48,14.00,208300,13.87
2011-08-23,13.89,14.15,13.81,14.15,34600,14.02
2011-08-22,13.91,13.94,13.67,13.72,32400,13.59
2011-08-19,13.78,13.99,13.71,13.73,35100,13.60
2011-08-18,14.03,14.03,13.66,13.90,82100,13.77
2011-08-17,14.32,14.46,14.26,14.43,76000,14.30
2011-08-16,14.35,14.35,14.19,14.26,45500,14.13
2011-08-15,14.13,14.44,14.13,14.39,37300,14.26
2011-08-12,14.02,14.16,13.93,14.07,39200,13.94
2011-08-11,13.24,14.07,13.24,14.02,84900,13.89
2011-08-10,13.50,13.63,13.19,13.32,132700,13.20
2011-08-09,13.24,13.70,13.01,13.68,91700,13.55
2011-08-08,13.75,13.84,12.99,13.08,145200,12.96
2011-08-05,14.66,14.67,14.07,14.35,60100,14.22
2011-08-04,15.03,15.09,14.59,14.59,116100,14.46
2011-08-03,15.45,15.45,15.12,15.37,63300,15.23
2011-08-02,15.61,15.70,15.39,15.40,83700,15.26
2011-08-01,15.87,15.90,15.60,15.83,79800,15.68
2011-07-29,15.48,15.74,15.48,15.72,71600,15.58
2011-07-28,15.64,15.74,15.62,15.67,41200,15.53
2011-07-27,15.83,15.83,15.63,15.64,67400,15.50
2011-07-26,15.83,15.91,15.80,15.89,38500,15.74
2011-07-25,15.76,15.89,15.75,15.79,49400,15.65
2011-07-22,15.90,15.94,15.85,15.93,9600,15.78
2011-07-21,15.78,15.92,15.72,15.90,20100,15.75
2011-07-20,15.68,15.74,15.67,15.71,29800,15.57
2011-07-19,15.54,15.68,15.21,15.64,154400,15.50
2011-07-18,15.52,15.52,15.42,15.49,67700,15.35
2011-07-15,15.56,15.63,15.47,15.55,18500,15.41
2011-07-14,15.72,15.77,15.47,15.52,25900,15.38
2011-07-13,15.51,15.76,15.51,15.69,57600,15.55
2011-07-12,15.56,15.56,15.42,15.44,35100,15.30
2011-07-11,15.65,15.68,15.52,15.59,171200,15.45
2011-07-08,15.91,15.94,15.79,15.93,31100,15.78
2011-07-07,16.10,16.16,15.73,16.07,345100,15.92
2011-07-06,15.97,15.98,15.88,15.98,42600,15.83
2011-07-05,16.00,16.06,15.98,16.06,23900,15.91
2011-07-01,15.84,16.03,15.84,15.97,32900,15.82
2011-06-30,15.78,15.85,15.73,15.84,63400,15.69
2011-06-29,15.59,15.75,15.53,15.67,30300,15.53
2011-06-28,15.38,15.58,15.37,15.58,16100,15.44
2011-06-27,15.21,15.41,15.19,15.38,20100,15.24
2011-06-24,15.28,15.36,15.16,15.24,18000,15.10
2011-06-23,15.13,15.22,14.98,15.22,22100,15.08
2011-06-22,15.43,15.45,15.28,15.28,4500,15.14
2011-06-21,15.26,15.47,15.26,15.46,8200,15.32
2011-06-20,15.13,15.19,15.10,15.17,6500,15.03
2011-06-17,15.34,15.36,15.17,15.17,27100,15.03
2011-06-16,15.28,15.28,15.04,15.16,21700,15.02
2011-06-15,15.49,15.49,15.25,15.29,28900,15.15
2011-06-14,15.48,15.62,15.48,15.60,37400,15.46
2011-06-13,15.38,15.49,15.31,15.35,16500,15.21
2011-06-10,15.66,15.66,15.36,15.38,17600,15.24
2011-06-09,15.70,15.81,15.70,15.77,10500,15.63
2011-06-08,15.68,15.74,15.58,15.63,52300,15.49
2011-06-07,15.72,15.82,15.62,15.74,12500,15.60
2011-06-06,15.75,15.83,15.60,15.63,20100,15.49
2011-06-03,15.74,15.94,15.73,15.81,27100,15.67
2011-06-02,15.87,15.95,15.73,15.84,40100,15.69
2011-06-01,16.04,16.04,15.76,15.77,53800,15.63
2011-05-31,15.95,16.11,15.95,16.07,31700,15.92
2011-05-27,15.82,15.91,15.79,15.86,35200,15.71
2011-05-26,15.63,15.74,15.59,15.70,27800,15.56
2011-05-25,15.41,15.57,15.40,15.55,13100,15.41
2011-05-24,15.42,15.51,15.41,15.46,16200,15.32
2011-05-23,15.36,15.40,15.20,15.30,32900,15.16
2011-05-20,15.62,15.68,15.54,15.63,11200,15.49
2011-05-19,15.81,15.83,15.69,15.75,12100,15.61
2011-05-18,15.62,15.95,15.62,15.85,23600,15.70
2011-05-17,15.58,15.66,15.45,15.66,21300,15.52
2011-05-16,15.55,15.72,15.55,15.58,19400,15.44
2011-05-13,15.83,15.83,15.54,15.64,47500,15.50
2011-05-12,15.85,15.87,15.61,15.87,10000,15.72
2011-05-11,16.11,16.11,15.79,15.82,56000,15.68
2011-05-10,16.11,16.13,16.02,16.11,11800,15.96
2011-05-09,15.92,15.97,15.83,15.95,25000,15.80
2011-05-06,15.85,16.18,15.80,15.86,50700,15.71
2011-05-05,15.83,15.85,15.66,15.69,10500,15.55
2011-05-04,16.17,16.17,15.86,15.92,77000,15.77
2011-05-03,16.22,16.22,16.02,16.11,117000,15.96
2011-05-02,16.41,16.49,16.31,16.35,24000,16.20
2011-04-29,16.25,16.44,16.22,16.41,23000,16.26
2011-04-28,16.31,16.31,16.14,16.25,24600,16.10
2011-04-27,16.15,16.38,16.12,16.37,58100,16.22
2011-04-26,16.20,16.30,16.11,16.26,18600,16.11
2011-04-25,16.15,16.22,16.13,16.19,24900,16.04
2011-04-21,16.20,16.29,16.19,16.26,12600,16.11
2011-04-20,15.94,16.17,15.94,16.17,35200,16.02
2011-04-19,15.56,15.75,15.56,15.75,5600,15.61
2011-04-18,15.74,15.74,15.49,15.54,26600,15.40
2011-04-15,15.98,16.00,15.87,15.92,6600,15.77
2011-04-14,15.71,15.95,15.71,15.95,8600,15.80
2011-04-13,15.86,15.97,15.82,15.89,8700,15.74
2011-04-12,15.94,15.94,15.77,15.77,19800,15.63
2011-04-11,16.18,16.24,16.03,16.09,31200,15.94
2011-04-08,16.29,16.32,16.22,16.23,28100,16.08
2011-04-07,16.38,16.43,16.25,16.25,64000,16.10
2011-04-06,16.29,16.40,16.29,16.36,18500,16.21
2011-04-05,16.23,16.35,16.21,16.24,35800,16.09
2011-04-04,16.24,16.32,16.20,16.32,20900,16.17
2011-04-01,16.06,16.24,16.06,16.20,26300,16.05
2011-03-31,15.93,16.00,15.93,15.95,32100,15.80
2011-03-30,15.70,15.92,15.70,15.88,22600,15.73
2011-03-29,15.39,15.68,15.39,15.68,26500,15.54
2011-03-28,15.64,15.64,15.47,15.50,34200,15.36
2011-03-25,15.49,15.57,15.49,15.54,8500,15.40
2011-03-24,15.40,15.55,15.40,15.51,24600,15.37
2011-03-23,15.19,15.39,15.15,15.35,19700,15.21
2011-03-22,15.06,15.20,15.06,15.18,7500,15.04
2011-03-21,15.09,15.22,15.04,15.14,24000,15.00
2011-03-18,14.96,15.00,14.88,14.91,44200,14.77
2011-03-17,14.95,14.95,14.78,14.81,51500,14.67
2011-03-16,14.84,15.09,14.62,14.69,58200,14.56
2011-03-15,14.70,15.05,14.59,15.00,32400,14.86
2011-03-14,15.10,15.25,15.10,15.25,43400,15.11
2011-03-11,15.00,15.19,14.92,15.19,22900,15.05
2011-03-10,15.19,15.19,14.95,15.01,38800,14.87
2011-03-09,15.25,15.37,15.25,15.35,19300,15.21
2011-03-08,15.29,15.42,15.21,15.35,28000,15.21
2011-03-07,15.44,15.44,15.12,15.19,21300,15.05
2011-03-04,15.35,15.48,15.34,15.45,43000,15.31
2011-03-03,15.23,15.40,15.23,15.38,35400,15.24
2011-03-02,14.99,15.12,14.97,15.12,109300,14.98
2011-03-01,15.10,15.15,14.96,14.97,45100,14.83
2011-02-28,14.96,15.12,14.96,15.10,20700,14.96
2011-02-25,14.93,14.98,14.88,14.93,26800,14.79
2011-02-24,14.73,14.82,14.66,14.79,50600,14.65
2011-02-23,14.71,14.86,14.70,14.81,59200,14.67
2011-02-22,15.08,15.09,14.80,14.82,61700,14.68
2011-02-18,15.26,15.37,15.25,15.30,46900,15.16
2011-02-17,15.21,15.30,15.15,15.24,44900,15.10
2011-02-16,15.06,15.25,15.06,15.25,20200,15.11
2011-02-15,14.96,15.12,14.96,15.08,30100,14.94
2011-02-14,15.08,15.19,15.02,15.06,63800,14.92
2011-02-11,14.88,15.14,14.88,15.14,24400,15.00
2011-02-10,15.04,15.06,14.91,14.97,36800,14.83
2011-02-09,15.36,15.36,15.12,15.16,32100,15.02
2011-02-08,15.42,15.52,15.40,15.48,25200,15.34
2011-02-07,15.53,15.60,15.41,15.49,21100,15.35
2011-02-04,15.49,15.61,15.40,15.58,22000,15.44
2011-02-03,15.63,15.67,15.50,15.56,20500,15.42
2011-02-02,15.60,15.65,15.55,15.56,40700,15.42
2011-02-01,15.35,15.64,15.35,15.60,66000,15.46
2011-01-31,15.35,15.39,15.22,15.35,24700,15.21
2011-01-28,15.74,15.75,15.20,15.25,77500,15.11
2011-01-27,15.84,15.84,15.67,15.80,27300,15.66
2011-01-26,15.78,15.84,15.72,15.75,27800,15.61
2011-01-25,15.67,15.70,15.55,15.70,40500,15.56
2011-01-24,15.80,15.80,15.50,15.70,26400,15.56
2011-01-21,15.72,15.83,15.68,15.69,36100,15.55
2011-01-20,15.94,15.94,15.60,15.69,52000,15.55
2011-01-19,16.08,16.14,15.88,16.00,15000,15.85
2011-01-18,16.21,16.21,16.04,16.14,22200,15.99
2011-01-14,16.14,16.16,16.03,16.11,54000,15.96
2011-01-13,16.24,16.24,16.09,16.18,35500,16.03
2011-01-12,16.15,16.29,16.15,16.22,101600,16.07
2011-01-11,16.06,16.14,16.00,16.02,32000,15.87
2011-01-10,16.12,16.12,15.94,16.01,38800,15.86
2011-01-07,16.43,16.43,16.05,16.15,68600,16.00
2011-01-06,16.45,16.45,16.27,16.32,40100,16.17
2011-01-05,16.54,16.54,16.42,16.47,43300,16.32
2011-01-04,16.80,16.80,16.50,16.57,110200,16.42
2011-01-03,16.50,16.72,16.50,16.63,57700,16.48
2010-12-31,16.15,16.36,16.15,16.36,32700,16.21
2010-12-30,15.99,16.06,15.92,16.06,59000,15.91
2010-12-29,15.87,15.91,15.80,15.91,44100,15.76
2010-12-28,15.81,15.84,15.76,15.76,34500,15.62
2010-12-27,15.75,15.84,15.75,15.79,63600,15.65
2010-12-23,15.73,15.94,15.73,15.90,22400,15.75
2010-12-22,15.87,15.89,15.75,15.83,19200,15.68
2010-12-21,15.63,15.86,15.63,15.75,39100,15.61
2010-12-20,15.90,15.98,15.53,15.73,58600,15.51
2010-12-17,15.80,15.82,15.66,15.81,32900,15.58
2010-12-16,15.92,15.92,15.74,15.83,14200,15.60
2010-12-15,16.00,16.00,15.75,15.83,14400,15.60
2010-12-14,15.70,16.06,15.70,16.01,108300,15.78
2010-12-13,16.01,16.08,15.96,16.02,21400,15.79
2010-12-10,15.98,16.01,15.87,16.01,37200,15.78
2010-12-09,16.17,16.18,15.91,16.01,18200,15.78
2010-12-08,16.09,16.18,16.01,16.10,41100,15.87
2010-12-07,16.22,16.34,16.17,16.19,87200,15.96
2010-12-06,16.40,16.52,16.21,16.23,43500,16.00
2010-12-03,16.03,16.42,16.03,16.42,25500,16.19
2010-12-02,16.20,16.31,16.13,16.31,66400,16.08
2010-12-01,16.00,16.18,16.00,16.12,21400,15.89
2010-11-30,15.62,15.90,15.60,15.90,37500,15.67
2010-11-29,15.80,15.81,15.68,15.74,39200,15.52
2010-11-26,15.80,15.86,15.68,15.80,12300,15.57
2010-11-24,15.89,16.11,15.76,16.03,54100,15.80
2010-11-23,16.09,16.20,15.74,15.79,61400,15.56
2010-11-22,16.54,16.54,16.15,16.26,21600,16.03
2010-11-19,16.26,16.45,16.20,16.45,21300,16.22
2010-11-18,16.26,16.42,16.26,16.40,21800,16.17
2010-11-17,16.01,16.09,15.84,16.01,27000,15.78
2010-11-16,16.30,16.30,15.83,15.83,22000,15.60
2010-11-15,16.35,16.49,16.35,16.39,8700,16.16
2010-11-12,16.76,16.79,16.30,16.35,52000,16.12
2010-11-11,16.89,17.03,16.86,16.86,122700,16.62
2010-11-10,17.02,17.11,16.85,17.01,57300,16.77
2010-11-09,17.13,17.22,16.90,17.00,47000,16.76
2010-11-08,17.35,17.35,17.06,17.17,65000,16.93
2010-11-05,17.16,17.44,17.07,17.30,61400,17.05
2010-11-04,16.64,17.31,16.63,17.06,84300,16.82
2010-11-03,16.54,16.65,16.28,16.62,8900,16.38
2010-11-02,16.46,16.58,16.42,16.50,23700,16.26
2010-11-01,16.32,16.41,16.31,16.37,12700,16.14
2010-10-29,16.05,16.19,16.05,16.18,17700,15.95
2010-10-28,16.23,16.23,16.07,16.13,28400,15.90
2010-10-27,16.10,16.21,15.97,16.09,48700,15.86
2010-10-26,16.08,16.28,16.08,16.21,14700,15.98
2010-10-25,16.16,16.32,16.16,16.23,28200,16.00
2010-10-22,16.06,16.08,15.94,15.99,21700,15.76
2010-10-21,16.09,16.14,15.83,15.89,37700,15.66
2010-10-20,15.80,16.04,15.80,15.94,13500,15.71
2010-10-19,15.78,15.93,15.60,15.70,37700,15.48
2010-10-18,16.00,16.14,15.91,16.05,18700,15.82
2010-10-15,16.01,16.12,15.92,16.04,13400,15.81
2010-10-14,16.16,16.17,15.99,16.09,15600,15.86
2010-10-13,15.92,16.14,15.92,16.10,27300,15.87
2010-10-12,15.89,16.02,15.81,15.86,81300,15.63
2010-10-11,15.91,16.17,15.90,15.97,57700,15.74
2010-10-08,15.77,15.96,15.69,15.95,9600,15.72
2010-10-07,15.88,15.88,15.70,15.78,38000,15.55
2010-10-06,15.89,15.98,15.85,15.92,29200,15.69
2010-10-05,15.65,15.97,15.65,15.97,20800,15.74
2010-10-04,15.71,15.75,15.59,15.67,37200,15.45
2010-10-01,15.51,15.75,15.51,15.71,31700,15.49
2010-09-30,15.47,15.52,15.40,15.51,51300,15.29
2010-09-29,15.33,15.42,15.20,15.42,14400,15.20
2010-09-28,15.22,15.32,15.10,15.28,39500,15.06
2010-09-27,15.29,15.36,15.20,15.29,23700,15.07
2010-09-24,15.14,15.31,15.14,15.31,16500,15.09
2010-09-23,15.03,15.23,14.97,15.01,26800,14.80
2010-09-22,14.98,15.11,14.91,15.02,21500,14.81
2010-09-21,14.93,15.11,14.93,15.00,60500,14.79
2010-09-20,14.82,14.98,14.80,14.98,47300,14.77
2010-09-17,14.78,14.80,14.69,14.76,86600,14.55
2010-09-16,14.83,14.89,14.75,14.78,21700,14.57
2010-09-15,14.81,14.94,14.77,14.89,18600,14.68
2010-09-14,14.77,14.92,14.75,14.84,62800,14.63
2010-09-13,14.59,14.79,14.42,14.75,37800,14.54
2010-09-10,14.48,14.55,14.45,14.46,32600,14.25
2010-09-09,14.51,14.54,14.43,14.48,39900,14.27
2010-09-08,14.39,14.50,14.39,14.45,38900,14.24
2010-09-07,14.51,14.51,14.30,14.33,33800,14.13
2010-09-03,14.29,14.57,14.29,14.43,138100,14.22
2010-09-02,14.21,14.32,14.13,14.32,31300,14.12
2010-09-01,13.88,14.20,13.85,14.13,26900,13.93
2010-08-31,13.63,13.82,13.63,13.67,9300,13.47
2010-08-30,13.92,13.92,13.71,13.74,15000,13.54
2010-08-27,13.66,13.92,13.66,13.88,13900,13.68
2010-08-26,13.75,13.84,13.57,13.66,33900,13.47
2010-08-25,13.64,13.74,13.51,13.72,26300,13.52
2010-08-24,13.82,13.90,13.70,13.75,54700,13.55
2010-08-23,13.95,14.14,13.95,13.99,53200,13.79
2010-08-20,13.91,14.06,13.86,14.06,50300,13.86
2010-08-19,14.12,14.16,13.98,13.98,13700,13.78
2010-08-18,14.01,14.16,14.01,14.13,4700,13.93
2010-08-17,14.07,14.18,14.02,14.14,10200,13.94
2010-08-16,13.63,13.94,13.63,13.93,26100,13.73
2010-08-13,13.82,13.83,13.76,13.82,16800,13.62
2010-08-12,13.50,13.77,13.50,13.77,21500,13.57
2010-08-11,13.97,13.97,13.70,13.70,26600,13.50
2010-08-10,14.20,14.29,14.10,14.25,16000,14.05
2010-08-09,14.31,14.37,14.29,14.36,28300,14.16
2010-08-06,14.25,14.28,14.15,14.28,11300,14.08
2010-08-05,14.28,14.28,14.19,14.28,18700,14.08
2010-08-04,14.27,14.33,14.20,14.32,15500,14.12
2010-08-03,14.36,14.36,14.27,14.29,38000,14.09
2010-08-02,14.08,14.41,14.08,14.30,32000,14.10
2010-07-30,13.80,14.00,13.74,13.99,25000,13.79
2010-07-29,13.82,14.00,13.77,13.89,36100,13.69
2010-07-28,13.91,14.00,13.83,13.83,14300,13.63
2010-07-27,14.12,14.12,13.89,13.94,7000,13.74
2010-07-26,13.90,14.00,13.87,13.98,54100,13.78
2010-07-23,13.69,13.86,13.69,13.86,19600,13.66
2010-07-22,13.53,13.80,13.53,13.76,25200,13.56
2010-07-21,13.53,13.67,13.40,13.40,36000,13.21
2010-07-20,13.16,13.55,13.15,13.55,28600,13.36
2010-07-19,13.29,13.36,13.16,13.30,19900,13.11
2010-07-16,13.41,13.41,13.12,13.19,37200,13.00
2010-07-15,13.50,13.50,13.37,13.50,12900,13.31
2010-07-14,13.54,13.59,13.49,13.59,14500,13.40
2010-07-13,13.38,13.62,13.38,13.61,36700,13.42
2010-07-12,13.50,13.50,13.37,13.40,6600,13.21
2010-07-09,13.26,13.47,13.26,13.47,5100,13.28
2010-07-08,13.25,13.29,13.17,13.28,13500,13.09
2010-07-07,13.02,13.22,13.02,13.21,19300,13.02
2010-07-06,13.00,13.16,12.96,13.02,18700,12.83
2010-07-02,12.61,12.80,12.61,12.80,24300,12.62
2010-07-01,12.80,12.80,12.41,12.69,19900,12.51
2010-06-30,12.80,12.87,12.70,12.70,25200,12.52
2010-06-29,12.90,12.90,12.68,12.72,48500,12.54
2010-06-28,13.10,13.17,13.05,13.12,12800,12.93
2010-06-25,13.08,13.13,13.01,13.07,11600,12.88
2010-06-24,13.30,13.30,13.05,13.10,40800,12.91
2010-06-23,13.15,13.30,13.15,13.17,15300,12.98
2010-06-22,13.64,13.64,13.25,13.25,36200,13.06
2010-06-21,13.45,13.78,13.43,13.43,53400,13.23
2010-06-18,13.34,13.45,13.32,13.32,21000,13.13
2010-06-17,13.36,13.37,13.29,13.32,13100,13.13
2010-06-16,13.28,13.49,13.26,13.40,12900,13.20
2010-06-15,13.28,13.37,13.15,13.35,17900,13.16
2010-06-14,13.01,13.27,13.01,13.08,16400,12.89
2010-06-11,12.69,13.00,12.69,13.00,5100,12.81
2010-06-10,12.69,12.94,12.69,12.94,17700,12.75
2010-06-09,12.61,12.77,12.54,12.54,39600,12.36
2010-06-08,12.35,12.49,12.33,12.48,28200,12.30
2010-06-07,12.50,12.58,12.31,12.31,29600,12.13
2010-06-04,12.70,12.73,12.45,12.51,31800,12.33
2010-06-03,13.00,13.00,12.72,12.90,24500,12.71
2010-06-02,12.60,12.94,12.60,12.94,11800,12.75
2010-06-01,12.61,12.75,12.53,12.58,32800,12.40
2010-05-28,12.84,12.84,12.66,12.74,12200,12.55
2010-05-27,12.41,12.82,12.41,12.81,15700,12.62
2010-05-26,12.21,12.45,12.10,12.18,23300,12.00
2010-05-25,11.91,12.14,11.75,12.14,29500,11.96
2010-05-24,12.20,12.49,12.20,12.29,13600,12.11
2010-05-21,12.02,12.40,11.91,12.39,28100,12.21
2010-05-20,12.36,12.38,12.08,12.15,61000,11.97
2010-05-19,12.76,12.86,12.40,12.77,84700,12.58
2010-05-18,13.19,13.24,12.81,12.86,85900,12.67
2010-05-17,13.07,13.20,12.87,13.05,32900,12.86
2010-05-14,13.35,13.35,13.09,13.14,75600,12.95
2010-05-13,13.44,13.63,13.39,13.40,29600,13.20
2010-05-12,13.42,13.52,13.42,13.51,33700,13.31
2010-05-11,13.29,13.46,13.15,13.30,46900,13.11
2010-05-10,13.32,13.52,13.32,13.42,34000,13.22
2010-05-07,12.48,12.87,12.29,12.57,44400,12.39
2010-05-06,13.13,13.63,12.14,12.70,135100,12.51
2010-05-05,13.11,13.38,12.91,13.18,71200,12.99
2010-05-04,14.00,14.00,13.47,13.50,41500,13.30
2010-05-03,13.96,14.06,13.87,14.04,26900,13.84
2010-04-30,14.13,14.13,13.96,13.96,21900,13.76
2010-04-29,14.00,14.14,14.00,14.13,11600,13.92
2010-04-28,13.91,13.96,13.78,13.84,20700,13.64
2010-04-27,14.09,14.11,13.82,13.83,56200,13.63
2010-04-26,14.25,14.40,14.01,14.22,134000,14.01
2010-04-23,14.14,14.30,14.14,14.30,16900,14.09
2010-04-22,13.95,14.20,13.95,14.20,26300,13.99
2010-04-21,14.15,14.20,14.04,14.13,21400,13.92
2010-04-20,14.03,14.23,14.03,14.15,25100,13.94
2010-04-19,13.96,14.15,13.82,14.00,40500,13.80
2010-04-16,14.29,14.29,13.98,14.15,37100,13.94
2010-04-15,14.55,14.55,14.47,14.50,11100,14.29
2010-04-14,14.44,14.59,14.44,14.59,27000,14.38
2010-04-13,14.35,14.39,14.27,14.39,14000,14.18
2010-04-12,14.46,14.49,14.41,14.43,19400,14.22
2010-04-09,14.32,14.59,14.32,14.39,26500,14.18
2010-04-08,14.31,14.42,14.20,14.35,39200,14.14
2010-04-07,14.50,14.50,14.32,14.36,37000,14.15
2010-04-06,14.33,14.58,14.33,14.50,34300,14.29
2010-04-05,14.30,14.48,14.30,14.46,9200,14.25
2010-04-01,14.10,14.35,14.10,14.30,21000,14.09
2010-03-31,13.98,14.07,13.96,14.07,12000,13.87
2010-03-30,13.92,14.04,13.92,14.02,37700,13.82
2010-03-29,13.90,14.01,13.90,13.98,14700,13.78
2010-03-26,13.83,13.85,13.75,13.81,17000,13.61
2010-03-25,13.77,13.90,13.76,13.76,15600,13.56
2010-03-24,13.91,13.92,13.78,13.80,15600,13.60
2010-03-23,13.89,14.01,13.89,13.94,22200,13.74
2010-03-22,13.87,13.98,13.82,13.97,21100,13.77
2010-03-19,13.95,14.07,13.79,13.95,112600,13.75
2010-03-18,13.94,14.15,13.85,13.99,22100,13.79
2010-03-17,13.89,14.06,13.89,13.96,18500,13.76
2010-03-16,13.72,13.82,13.69,13.81,11700,13.61
2010-03-15,13.67,13.74,13.62,13.67,10200,13.47
2010-03-12,13.83,13.83,13.65,13.73,17700,13.53
2010-03-11,13.88,13.88,13.68,13.83,33200,13.63
2010-03-10,13.68,13.89,13.68,13.82,34700,13.62
2010-03-09,13.70,13.85,13.63,13.74,17700,13.54
2010-03-08,13.62,13.73,13.61,13.71,36500,13.51
2010-03-05,13.39,13.60,13.39,13.58,11700,13.38
2010-03-04,13.21,13.28,13.15,13.26,13700,13.07
2010-03-03,13.29,13.38,13.25,13.30,20700,13.11
2010-03-02,13.08,13.25,13.08,13.21,15100,13.02
2010-03-01,12.96,13.18,12.95,13.06,116700,12.87
2010-02-26,12.67,12.89,12.67,12.89,21300,12.70
2010-02-25,12.64,12.74,12.53,12.74,25600,12.55
2010-02-24,12.67,12.86,12.67,12.77,20400,12.58
2010-02-23,13.05,13.05,12.72,12.74,12400,12.55
2010-02-22,13.01,13.10,12.92,12.97,27800,12.78
2010-02-19,12.87,13.08,12.87,13.02,31600,12.83
2010-02-18,12.97,13.13,12.97,13.07,28000,12.88
2010-02-17,12.98,13.11,12.98,13.09,9400,12.90
2010-02-16,12.78,13.06,12.78,13.06,18200,12.87
2010-02-12,12.69,12.79,12.56,12.79,9200,12.60
2010-02-11,12.64,12.90,12.61,12.85,25800,12.66
2010-02-10,12.43,12.69,12.43,12.52,17200,12.34
2010-02-09,12.26,12.63,12.26,12.55,30100,12.37
2010-02-08,12.21,12.33,12.09,12.14,34000,11.96
2010-02-05,12.66,12.66,11.78,12.28,137900,12.10
2010-02-04,13.14,13.14,12.46,12.47,54900,12.29
2010-02-03,13.13,13.26,13.12,13.15,22700,12.96
2010-02-02,13.10,13.24,13.08,13.20,33900,13.01
2010-02-01,12.81,13.10,12.81,13.07,18100,12.88
2010-01-29,13.17,13.17,12.77,12.84,20300,12.65
2010-01-28,13.01,13.07,12.82,12.95,24300,12.76
2010-01-27,13.00,13.08,12.84,12.99,42100,12.80
2010-01-26,13.26,13.33,13.14,13.22,27100,13.03
2010-01-25,13.33,13.57,13.33,13.46,16200,13.26
2010-01-22,13.73,13.73,13.26,13.26,50200,13.07
2010-01-21,14.00,14.00,13.65,13.65,38500,13.45
2010-01-20,14.01,14.13,14.01,14.03,20300,13.83
2010-01-19,14.06,14.31,14.06,14.31,24500,14.10
2010-01-15,14.18,14.18,14.10,14.11,13800,13.90
2010-01-14,14.30,14.30,14.21,14.28,22100,14.07
2010-01-13,14.20,14.26,14.16,14.23,28400,14.02
2010-01-12,14.45,14.45,14.21,14.23,18500,14.02
2010-01-11,14.47,14.73,14.46,14.47,33500,14.26
2010-01-08,14.68,14.68,14.43,14.43,21400,14.22
2010-01-07,14.58,14.58,14.42,14.44,15000,14.23
2010-01-06,14.72,14.72,14.44,14.58,21800,14.37
2010-01-05,14.85,14.85,14.53,14.61,67900,14.40
2010-01-04,14.01,14.39,14.01,14.39,37200,14.18
2009-12-31,13.88,13.97,13.85,13.97,28900,13.77
2009-12-30,13.84,13.93,13.80,13.88,15800,13.68
2009-12-29,13.88,14.01,13.83,13.91,16400,13.71
2009-12-28,13.97,14.05,13.86,13.99,20400,13.79
2009-12-24,13.80,14.00,13.80,13.91,16600,13.71
2009-12-23,13.69,13.88,13.69,13.82,22000,13.62
2009-12-22,13.44,13.73,13.44,13.69,27800,13.49
2009-12-21,14.04,14.06,13.84,13.87,28400,13.48
2009-12-18,14.04,14.06,13.90,14.03,35800,13.64
2009-12-17,14.12,14.19,14.00,14.07,43600,13.68
2009-12-16,14.28,14.45,14.22,14.35,91500,13.95
2009-12-15,14.02,14.29,14.02,14.27,44900,13.87
2009-12-14,14.12,14.30,14.10,14.19,42800,13.79
2009-12-11,13.97,14.01,13.88,14.01,27600,13.62
2009-12-10,13.98,14.05,13.83,13.90,29200,13.51
2009-12-09,13.91,13.98,13.83,13.97,19700,13.58
2009-12-08,14.16,14.16,13.89,13.94,32900,13.55
2009-12-07,14.03,14.31,14.03,14.23,18100,13.83
2009-12-04,14.33,14.44,14.16,14.31,13800,13.91
2009-12-03,14.23,14.31,14.18,14.22,26300,13.82
2009-12-02,14.20,14.34,14.14,14.23,22400,13.83
2009-12-01,14.28,14.28,14.14,14.16,22700,13.77
2009-11-30,14.00,14.00,13.80,13.93,8800,13.54
2009-11-27,13.61,13.95,13.59,13.84,24500,13.45
2009-11-25,14.20,14.21,14.14,14.21,15600,13.81
2009-11-24,14.09,14.13,13.94,14.09,17000,13.70
2009-11-23,13.99,14.22,13.99,14.07,17600,13.68
2009-11-20,13.76,13.92,13.76,13.90,9300,13.51
2009-11-19,14.13,14.13,13.77,13.81,47400,13.43
2009-11-18,14.12,14.22,14.10,14.16,12600,13.77
2009-11-17,14.30,14.30,14.04,14.20,26300,13.80
2009-11-16,14.09,14.35,14.09,14.32,34800,13.92
2009-11-13,13.76,14.04,13.76,14.03,26600,13.64
2009-11-12,14.00,14.00,13.75,13.80,36100,13.42
2009-11-11,13.94,14.07,13.86,13.94,33400,13.55
2009-11-10,13.81,13.95,13.74,13.88,42200,13.49
2009-11-09,13.63,13.96,13.61,13.82,54800,13.44
2009-11-06,13.34,13.50,13.28,13.50,9400,13.12
2009-11-05,13.11,13.39,13.11,13.36,55600,12.99
2009-11-04,13.07,13.25,13.05,13.12,36000,12.75
2009-11-03,12.66,13.01,12.66,12.93,29500,12.57
2009-11-02,12.82,13.15,12.74,12.98,34000,12.62
2009-10-30,13.17,13.24,12.75,12.90,279100,12.54
2009-10-29,12.91,13.24,12.91,13.19,189000,12.82
2009-10-28,13.24,13.24,12.83,12.90,92300,12.54
2009-10-27,13.58,13.58,13.31,13.35,26900,12.98
2009-10-26,13.65,13.85,13.49,13.51,44800,13.13
2009-10-23,13.80,13.92,13.63,13.66,34000,13.28
2009-10-22,13.70,13.82,13.55,13.75,25500,13.37
2009-10-21,13.76,13.94,13.70,13.71,26100,13.33
2009-10-20,13.88,13.88,13.65,13.79,37700,13.41
2009-10-19,13.91,14.08,13.79,13.86,161500,13.47
2009-10-16,13.98,13.98,13.68,13.78,29000,13.40
2009-10-15,13.94,14.05,13.91,14.01,20100,13.62
2009-10-14,13.95,14.00,13.90,13.95,39800,13.56
2009-10-13,13.79,13.79,13.54,13.69,19600,13.31
2009-10-12,13.66,13.71,13.60,13.64,29700,13.26
2009-10-09,13.50,13.69,13.46,13.54,71700,13.16
2009-10-08,13.45,13.53,13.37,13.51,24100,13.13
2009-10-07,13.19,13.32,13.19,13.29,17200,12.92
2009-10-06,13.23,13.35,13.15,13.25,40900,12.88
2009-10-05,12.86,13.11,12.86,13.02,29500,12.66
2009-10-02,12.50,12.91,12.50,12.80,15000,12.44
2009-10-01,13.19,13.19,12.75,12.89,33100,12.53
2009-09-30,13.22,13.31,13.04,13.18,55100,12.81
2009-09-29,13.05,13.20,13.05,13.11,17400,12.74
2009-09-28,13.23,13.23,13.05,13.11,27100,12.74
2009-09-25,12.98,12.99,12.90,12.96,32200,12.60
2009-09-24,13.17,13.18,12.79,12.92,47900,12.56
2009-09-23,13.29,13.34,13.16,13.24,51700,12.87
2009-09-22,13.30,13.35,13.27,13.30,34400,12.93
2009-09-21,13.25,13.31,13.10,13.15,33400,12.78
2009-09-18,13.45,13.45,13.34,13.38,16900,13.01
2009-09-17,13.50,13.61,13.34,13.34,50300,12.97
2009-09-16,13.30,13.40,13.15,13.38,25600,13.01
2009-09-15,13.01,13.04,12.86,13.04,20500,12.68
2009-09-14,12.65,12.92,12.65,12.92,38400,12.56
2009-09-11,12.90,12.99,12.84,12.90,19800,12.54
2009-09-10,12.81,12.90,12.66,12.90,31200,12.54
2009-09-09,12.77,12.85,12.74,12.77,12300,12.41
2009-09-08,12.55,12.70,12.55,12.68,13900,12.33
2009-09-04,12.14,12.35,12.13,12.33,23300,11.99
2009-09-03,12.01,12.09,12.00,12.09,22300,11.75
2009-09-02,11.77,11.89,11.75,11.88,20000,11.55
2009-09-01,11.85,12.04,11.83,11.85,135000,11.52
2009-08-31,12.10,12.10,11.80,11.93,56400,11.60
2009-08-28,12.15,12.18,12.04,12.13,26900,11.79
2009-08-27,12.02,12.12,11.85,12.12,15700,11.78
2009-08-26,12.26,12.26,12.04,12.13,29600,11.79
2009-08-25,12.13,12.33,12.11,12.11,15200,11.77
2009-08-24,12.25,12.28,12.07,12.19,52100,11.85
2009-08-21,11.86,12.11,11.86,12.09,39900,11.75
2009-08-20,11.82,11.90,11.80,11.85,27500,11.52
2009-08-19,11.51,11.75,11.51,11.70,13900,11.37
2009-08-18,11.53,11.68,11.51,11.64,20400,11.32
2009-08-17,11.34,11.44,11.14,11.36,96500,11.04
2009-08-14,12.32,12.32,11.86,11.95,35600,11.62
2009-08-13,12.09,12.22,12.08,12.20,25200,11.86
2009-08-12,11.97,12.15,11.96,12.06,67100,11.72
2009-08-11,12.20,12.20,11.90,11.97,39600,11.64
2009-08-10,12.17,12.27,12.10,12.25,30600,11.91
2009-08-07,12.58,12.58,12.17,12.27,79800,11.93
2009-08-06,12.59,12.64,12.42,12.42,22000,12.07
2009-08-05,12.80,12.80,12.45,12.59,21600,12.24
2009-08-04,12.44,12.83,12.39,12.80,37800,12.44
2009-08-03,12.50,12.72,12.47,12.61,47800,12.26
2009-07-31,12.32,12.32,12.12,12.13,46000,11.79
2009-07-30,12.14,12.28,12.07,12.07,32700,11.73
2009-07-29,11.99,11.99,11.75,11.91,18700,11.58
2009-07-28,12.09,12.11,11.93,12.04,18300,11.70
2009-07-27,12.00,12.26,11.89,12.13,123800,11.79
2009-07-24,12.11,12.25,11.95,12.25,20900,11.91
2009-07-23,11.92,12.23,11.92,12.20,54500,11.86
2009-07-22,11.94,11.99,11.84,11.87,26500,11.54
2009-07-21,11.88,11.99,11.72,11.90,148300,11.57
2009-07-20,11.65,11.86,11.65,11.86,52100,11.53
2009-07-17,11.31,11.64,11.31,11.49,39600,11.17
2009-07-16,11.08,11.40,11.08,11.37,41900,11.05
2009-07-15,10.76,11.29,10.76,11.29,23600,10.98
2009-07-14,10.82,10.82,10.70,10.76,13300,10.46
2009-07-13,10.51,10.79,10.47,10.69,63000,10.39
2009-07-10,10.52,10.77,10.42,10.57,43000,10.28
2009-07-09,10.61,10.78,10.61,10.74,14500,10.44
2009-07-08,10.60,10.67,10.41,10.56,74800,10.27
2009-07-07,10.75,10.78,10.60,10.60,15300,10.30
2009-07-06,10.70,10.77,10.54,10.77,13600,10.47
2009-07-02,10.97,10.97,10.75,10.83,13300,10.53
2009-07-01,10.99,11.19,10.98,11.08,17900,10.77
2009-06-30,11.00,11.00,10.79,10.92,26600,10.62
2009-06-29,10.97,10.99,10.85,10.99,16000,10.68
2009-06-26,10.77,10.93,10.77,10.91,12300,10.61
2009-06-25,10.50,10.80,10.50,10.79,15700,10.49
2009-06-24,10.50,10.67,10.49,10.50,38300,10.21
2009-06-23,10.31,10.38,10.22,10.32,52200,10.03
2009-06-22,10.40,10.55,10.30,10.30,52300,10.01
2009-06-19,10.68,10.78,10.68,10.73,20200,10.43
2009-06-18,10.59,10.71,10.54,10.65,49000,10.35
2009-06-17,10.70,10.70,10.54,10.59,39200,10.30
2009-06-16,11.10,11.10,10.72,10.73,16100,10.43
2009-06-15,11.15,11.20,10.92,10.92,40100,10.62
2009-06-12,11.45,11.45,11.30,11.42,64300,11.10
2009-06-11,11.22,11.55,11.22,11.49,60900,11.17
2009-06-10,11.12,11.35,11.12,11.25,31100,10.94
2009-06-09,11.00,11.15,10.98,11.07,22800,10.76
2009-06-08,11.25,11.25,11.02,11.12,62200,10.81
2009-06-05,11.53,11.63,11.24,11.35,57500,11.03
2009-06-04,11.08,11.35,11.03,11.35,31600,11.03
2009-06-03,11.51,11.51,10.90,11.06,63800,10.75
2009-06-02,11.63,11.65,11.48,11.65,57900,11.33
2009-06-01,11.58,11.72,11.58,11.65,31000,11.33
2009-05-29,11.15,11.33,11.03,11.25,38800,10.94
2009-05-28,10.79,11.06,10.72,10.94,28200,10.64
2009-05-27,10.75,10.98,10.74,10.74,32800,10.44
2009-05-26,10.68,10.75,10.49,10.75,78700,10.45
2009-05-22,10.43,10.67,10.43,10.52,27500,10.23
2009-05-21,10.44,10.68,10.32,10.34,33000,10.05
2009-05-20,10.80,10.84,10.69,10.69,57900,10.39
2009-05-19,10.45,10.75,10.39,10.68,43200,10.38
2009-05-18,10.12,10.45,10.05,10.43,18400,10.14
2009-05-15,9.75,10.17,9.75,9.90,20800,9.62
2009-05-14,9.63,9.84,9.63,9.84,12100,9.57
2009-05-13,10.09,10.17,9.58,9.63,71400,9.36
2009-05-12,10.11,10.34,10.11,10.15,53700,9.87
2009-05-11,10.33,10.34,10.15,10.20,23300,9.92
2009-05-08,10.10,10.42,10.10,10.42,29600,10.13
2009-05-07,10.51,10.51,9.80,10.07,43500,9.79
2009-05-06,10.45,10.45,10.28,10.28,73800,9.99
2009-05-05,10.29,10.45,10.05,10.27,35600,9.98
2009-05-04,9.85,10.35,9.80,10.29,35300,10.00
2009-05-01,9.44,9.75,9.44,9.58,77300,9.31
2009-04-30,9.12,9.48,9.12,9.32,35300,9.06
2009-04-29,8.66,9.38,8.66,9.10,42100,8.85
2009-04-28,8.57,8.93,8.55,8.65,25800,8.41
2009-04-27,8.83,8.84,8.65,8.77,39900,8.53
2009-04-24,8.78,9.07,8.78,8.90,28800,8.65
2009-04-23,8.69,8.83,8.68,8.78,39700,8.54
2009-04-22,8.69,8.83,8.56,8.67,80200,8.43
2009-04-21,8.51,8.78,8.51,8.70,117500,8.46
2009-04-20,9.08,9.08,8.51,8.51,71300,8.27
2009-04-17,9.18,9.24,9.07,9.15,18500,8.90
2009-04-16,9.23,9.23,9.03,9.10,60300,8.85
2009-04-15,8.78,9.00,8.66,8.98,23200,8.73
2009-04-14,9.07,9.09,8.78,8.78,35800,8.54
2009-04-13,8.82,9.65,8.76,9.10,57300,8.85
2009-04-09,8.44,9.34,8.44,8.82,42500,8.57
2009-04-08,8.37,8.55,8.31,8.41,13500,8.18
2009-04-07,8.27,8.59,8.25,8.28,10100,8.05
2009-04-06,8.65,8.65,8.40,8.59,39900,8.35
2009-04-03,8.72,8.72,8.45,8.60,18100,8.36
2009-04-02,8.30,9.30,8.29,8.57,176800,8.33
2009-04-01,7.98,8.29,7.98,8.29,9500,8.06
2009-03-31,8.04,8.13,7.72,7.98,39700,7.76
2009-03-30,7.93,7.93,7.57,7.60,21000,7.39
2009-03-27,8.36,8.37,8.01,8.10,14200,7.87
2009-03-26,8.33,8.49,8.19,8.40,20500,8.17
2009-03-25,8.29,8.38,8.04,8.10,32400,7.87
2009-03-24,8.00,8.30,8.00,8.00,47600,7.78
2009-03-23,7.91,8.38,7.88,8.27,56100,8.04
2009-03-20,7.75,7.80,7.50,7.53,35700,7.32
2009-03-19,7.81,7.94,7.67,7.67,18300,7.46
2009-03-18,7.78,7.90,7.58,7.88,45000,7.66
2009-03-17,7.45,7.77,7.26,7.77,25400,7.55
2009-03-16,7.54,7.90,7.43,7.48,26800,7.27
2009-03-13,7.69,7.78,7.51,7.60,27300,7.39
2009-03-12,7.20,7.60,7.20,7.60,43900,7.39
2009-03-11,7.28,7.30,7.07,7.22,15900,7.02
2009-03-10,6.71,7.30,6.71,7.17,38400,6.97
2009-03-09,6.75,6.75,6.60,6.65,30000,6.46
2009-03-06,6.75,6.88,6.68,6.68,38300,6.49
2009-03-05,6.74,6.84,6.64,6.71,48700,6.52
2009-03-04,6.81,6.98,6.81,6.95,9500,6.76
2009-03-03,6.64,6.80,6.64,6.71,52000,6.52
2009-03-02,6.72,6.76,6.59,6.61,58900,6.43
2009-02-27,6.90,7.24,6.86,7.01,42400,6.81
2009-02-26,7.16,7.35,7.04,7.06,50000,6.86
2009-02-25,7.01,7.28,7.00,7.22,10200,7.02
2009-02-24,6.82,7.26,6.82,7.26,32100,7.06
2009-02-23,7.12,7.18,6.90,6.90,96500,6.71
2009-02-20,7.10,7.10,6.73,7.00,36100,6.81
2009-02-19,7.30,7.40,7.15,7.15,10700,6.95
2009-02-18,7.20,7.30,7.15,7.29,34200,7.09
2009-02-17,7.49,7.49,7.21,7.21,55500,7.01
2009-02-13,7.70,7.83,7.70,7.79,5300,7.57
2009-02-12,7.60,7.75,7.45,7.75,12200,7.53
2009-02-11,7.56,7.85,7.56,7.84,28900,7.62
2009-02-10,8.13,8.13,7.66,7.66,40600,7.45
2009-02-09,8.33,8.33,8.00,8.17,19500,7.94
2009-02-06,8.00,8.20,7.80,8.19,47800,7.96
2009-02-05,7.68,7.96,7.48,7.94,28900,7.72
2009-02-04,7.79,7.80,7.55,7.80,16200,7.58
2009-02-03,7.02,7.83,7.02,7.70,21500,7.49
2009-02-02,7.35,7.49,7.30,7.49,35200,7.28
2009-01-30,8.00,8.00,7.43,7.60,27300,7.39
2009-01-29,7.78,7.94,7.61,7.83,29900,7.61
2009-01-28,7.90,8.03,7.81,8.00,33500,7.78
2009-01-27,7.82,7.85,7.61,7.75,44300,7.53
2009-01-26,7.61,7.85,7.51,7.65,29600,7.44
2009-01-23,7.49,7.50,7.10,7.49,20400,7.28
2009-01-22,7.25,7.91,7.21,7.55,45200,7.34
2009-01-21,7.15,7.62,7.05,7.50,48400,7.29
2009-01-20,7.24,7.48,7.03,7.03,46500,6.83
2009-01-16,8.15,8.15,7.51,7.73,41900,7.51
2009-01-15,7.62,7.75,7.24,7.73,38800,7.51
2009-01-14,7.85,7.85,7.56,7.61,85100,7.40
2009-01-13,7.75,8.00,7.75,8.00,79300,7.78
2009-01-12,8.05,8.30,7.79,7.80,69200,7.58
2009-01-09,8.40,8.40,8.15,8.15,76500,7.92
2009-01-08,8.50,8.80,8.30,8.40,322700,8.17
2009-01-07,8.91,9.04,8.43,8.48,93000,8.24
2009-01-06,9.03,9.40,8.86,8.99,223200,8.74
2009-01-05,8.75,8.94,8.69,8.90,53300,8.65
2009-01-02,8.33,8.75,8.33,8.73,69500,8.49
2008-12-31,8.00,8.29,8.00,8.21,38600,7.98
2008-12-30,7.33,8.29,7.33,8.09,114300,7.86
2008-12-29,8.01,8.24,7.87,7.92,105700,7.70
2008-12-26,7.82,8.32,7.50,8.05,175900,7.83
2008-12-24,7.80,7.95,7.78,7.90,31700,7.68
2008-12-23,8.16,8.17,7.79,8.04,77200,7.82
2008-12-22,7.96,8.18,7.80,8.04,110700,7.82
2008-12-19,8.30,8.70,8.19,8.28,135400,8.05
2008-12-18,8.80,8.80,8.24,8.35,94400,8.12
2008-12-17,8.85,9.02,8.41,8.55,57300,8.31
2008-12-16,9.38,10.05,9.17,10.05,99800,8.63
2008-12-15,9.11,9.44,8.96,9.15,120600,7.85
2008-12-12,8.70,9.44,8.66,9.01,75900,7.73
2008-12-11,9.22,9.57,9.05,9.55,89800,8.20
2008-12-10,8.90,9.24,8.90,9.00,54000,7.72
2008-12-09,9.25,9.25,8.50,8.67,75600,7.44
2008-12-08,8.55,8.86,8.50,8.80,61700,7.55
2008-12-05,8.00,8.23,7.88,8.22,34400,7.06
2008-12-04,8.42,8.50,8.09,8.10,33800,6.95
2008-12-03,8.24,8.64,8.10,8.63,36300,7.41
2008-12-02,8.21,8.35,8.11,8.32,18100,7.14
2008-12-01,8.59,8.59,8.15,8.15,42200,7.00
2008-11-28,8.26,8.84,8.21,8.73,8900,7.49
2008-11-26,8.21,8.65,8.02,8.53,33200,7.32
2008-11-25,8.26,8.61,8.02,8.20,28200,7.04
2008-11-24,7.63,8.54,7.59,8.48,61800,7.28
2008-11-21,7.31,7.60,7.10,7.30,21700,6.27
2008-11-20,7.31,7.32,7.08,7.08,60200,6.08
2008-11-19,8.18,8.24,7.58,7.66,35500,6.57
2008-11-18,8.30,8.53,8.00,8.34,32200,7.16
2008-11-17,8.19,9.25,8.14,8.30,54800,7.12
2008-11-14,8.73,9.22,8.15,8.21,92100,7.05
2008-11-13,8.23,9.24,8.01,9.15,89800,7.85
2008-11-12,8.70,9.24,8.04,8.38,77900,7.19
2008-11-11,9.25,9.25,8.89,8.94,63800,7.67
2008-11-10,9.83,10.20,9.49,9.51,33300,8.16
2008-11-07,9.13,9.57,9.13,9.39,38100,8.06
2008-11-06,9.58,9.62,8.73,9.00,66800,7.72
2008-11-05,10.54,10.64,9.55,9.70,47100,8.33
2008-11-04,10.01,10.85,10.01,10.38,76100,8.91
2008-11-03,10.19,10.45,9.60,10.00,64000,8.58
2008-10-31,9.60,9.78,9.18,9.76,59900,8.38
2008-10-30,10.35,10.35,9.21,9.61,38600,8.25
2008-10-29,8.63,9.18,8.40,9.00,108400,7.72
2008-10-28,8.00,8.57,7.55,8.57,111700,7.36
2008-10-27,8.34,8.34,7.73,7.75,62600,6.65
2008-10-24,8.07,8.67,7.76,8.45,70400,7.25
2008-10-23,8.87,8.98,8.45,8.89,48000,7.63
2008-10-22,9.68,9.72,8.65,9.03,188000,7.75
2008-10-21,9.90,10.39,9.75,9.99,48700,8.57
2008-10-20,9.97,10.20,9.90,10.20,62300,8.75
2008-10-17,9.85,10.22,9.65,9.81,53900,8.42
2008-10-16,9.81,10.04,9.17,9.75,65200,8.37
2008-10-15,10.85,10.85,9.71,9.97,95400,8.56
2008-10-14,11.90,12.25,11.01,11.28,118200,9.68
2008-10-13,9.65,11.04,9.65,10.96,62900,9.41
2008-10-10,8.26,9.36,7.50,8.90,108500,7.64
2008-10-09,12.73,12.73,9.40,9.57,176600,8.21
2008-10-08,8.92,9.84,8.69,9.37,119600,8.04
2008-10-07,10.37,10.99,9.81,9.83,73300,8.44
2008-10-06,11.65,11.65,9.76,10.55,110500,9.05
2008-10-03,12.21,12.90,12.21,12.40,50200,10.64
2008-10-02,12.85,12.85,12.39,12.51,31700,10.74
2008-10-01,12.99,13.36,12.71,13.13,37400,11.27
2008-09-30,12.55,13.25,12.32,13.13,85400,11.27
2008-09-29,13.25,13.56,12.36,12.36,67900,10.61
2008-09-26,14.00,14.23,13.76,14.05,46700,12.06
2008-09-25,14.25,14.43,14.12,14.38,64100,12.34
2008-09-24,14.16,14.94,13.40,14.20,34100,12.19
2008-09-23,14.32,14.50,13.91,14.12,25700,12.12
2008-09-22,14.82,14.87,14.49,14.74,49800,12.65
2008-09-19,15.24,15.26,14.11,15.15,91100,13.00
2008-09-18,12.67,13.59,12.30,13.35,117300,11.46
2008-09-17,12.55,12.85,12.15,12.85,115500,11.03
2008-09-16,12.65,13.06,12.57,12.93,109100,11.10
2008-09-15,14.03,14.03,13.35,13.36,47200,11.47
2008-09-12,13.99,14.45,13.99,14.45,29700,12.40
2008-09-11,14.13,14.19,13.75,14.19,95700,12.18
2008-09-10,14.46,14.50,14.29,14.43,24700,12.39
2008-09-09,15.01,15.01,14.31,14.39,47800,12.35
2008-09-08,15.24,15.24,14.75,15.16,36700,13.01
2008-09-05,14.50,14.78,14.26,14.77,48800,12.68
2008-09-04,15.20,15.20,14.51,14.58,46400,12.51
2008-09-03,15.44,15.44,15.15,15.25,12200,13.09
2008-09-02,15.80,15.80,15.37,15.43,31900,13.24
2008-08-29,15.95,15.95,15.82,15.85,7900,13.60
2008-08-28,15.85,15.97,15.85,15.96,17900,13.70
2008-08-27,15.67,15.78,15.47,15.61,20800,13.40
2008-08-26,15.41,15.51,15.41,15.41,32700,13.23
2008-08-25,15.58,15.76,15.41,15.52,20100,13.32
2008-08-22,15.77,15.84,15.62,15.78,23800,13.54
2008-08-21,15.75,15.87,15.52,15.76,12500,13.53
2008-08-20,15.52,15.87,15.52,15.76,31000,13.53
2008-08-19,15.78,15.78,15.41,15.54,30100,13.34
2008-08-18,16.05,16.18,15.79,15.92,29400,13.66
2008-08-15,16.22,16.22,15.96,16.16,24600,13.87
2008-08-14,16.01,16.41,16.01,16.28,27200,13.97
2008-08-13,16.10,16.24,16.02,16.11,83100,13.83
2008-08-12,17.00,17.00,16.18,16.21,29400,13.91
2008-08-11,17.17,17.17,16.58,16.58,13500,14.23
2008-08-08,16.58,16.89,16.50,16.77,45000,14.39
2008-08-07,17.10,17.10,16.59,16.59,38600,14.24
2008-08-06,17.09,17.24,17.04,17.12,43100,14.69
2008-08-05,16.95,17.18,16.92,17.16,53300,14.73
2008-08-04,17.10,17.11,16.89,16.89,88300,14.50
2008-08-01,17.19,17.34,17.04,17.18,27000,14.75
2008-07-31,17.32,17.32,17.03,17.25,82500,14.81
2008-07-30,17.08,17.26,16.95,17.16,43200,14.73
2008-07-29,16.83,17.01,16.83,17.01,40600,14.60
2008-07-28,17.12,17.26,16.81,16.81,29100,14.43
2008-07-25,17.26,17.27,17.16,17.19,34200,14.75
2008-07-24,17.71,17.71,17.18,17.22,51700,14.78
2008-07-23,17.74,17.82,17.61,17.64,19900,15.14
2008-07-22,17.38,17.63,17.30,17.60,49400,15.11
2008-07-21,17.50,17.63,17.41,17.58,60900,15.09
2008-07-18,17.21,17.42,17.11,17.29,64200,14.84
2008-07-17,17.88,17.88,17.25,17.43,63400,14.96
2008-07-16,17.15,18.36,16.85,17.26,653800,14.81
2008-07-15,17.11,17.35,16.79,16.89,199800,14.50
2008-07-14,17.75,17.75,17.00,17.20,142400,14.76
2008-07-11,17.52,17.52,17.02,17.20,45800,14.76
2008-07-10,17.44,17.57,17.02,17.34,189400,14.88
2008-07-09,17.07,17.24,16.94,16.94,85000,14.54
2008-07-08,16.55,16.90,16.47,16.90,61600,14.51
2008-07-07,17.05,17.27,16.51,16.67,249300,14.31
2008-07-03,17.11,17.35,16.81,17.06,51000,14.64
2008-07-02,18.31,18.31,17.09,17.09,65900,14.67
2008-07-01,17.35,17.62,17.16,17.62,72200,15.12
2008-06-30,17.55,17.78,17.55,17.78,41100,15.26
2008-06-27,17.60,17.76,17.42,17.55,38100,15.06
2008-06-26,18.36,18.36,17.60,17.68,101900,15.17
2008-06-25,22.41,22.48,22.30,22.42,103200,15.54
2008-06-24,22.37,22.49,22.11,22.26,60800,15.43
2008-06-23,22.41,22.65,22.36,22.41,105300,15.53
2008-06-20,22.64,22.64,22.14,22.26,24700,15.43
2008-06-19,22.49,22.90,22.34,22.83,58500,15.83
2008-06-18,22.80,22.80,22.49,22.59,20600,15.66
2008-06-17,22.95,23.21,22.89,22.90,13300,15.87
2008-06-16,22.63,22.91,22.58,22.84,32100,15.83
2008-06-13,22.62,22.82,22.56,22.82,20000,15.82
2008-06-12,22.51,22.81,22.50,22.54,25000,15.62
2008-06-11,22.87,22.88,22.43,22.50,47600,15.60
2008-06-10,22.80,23.05,22.70,22.70,25000,15.74
2008-06-09,23.54,23.59,23.13,23.25,42700,16.12
2008-06-06,24.37,24.37,23.52,23.57,34800,16.34
2008-06-05,24.08,24.46,24.05,24.46,37100,16.96
2008-06-04,24.13,24.17,23.85,23.93,39500,16.59
2008-06-03,24.58,24.58,23.99,24.14,52400,16.73
2008-06-02,24.66,24.66,24.25,24.42,27100,16.93
2008-05-30,24.65,24.73,24.59,24.60,39200,17.05
2008-05-29,24.22,24.66,24.22,24.46,30800,16.96
2008-05-28,24.24,24.40,23.94,24.40,50500,16.91
2008-05-27,24.27,24.28,24.00,24.16,68300,16.75
2008-05-23,24.47,24.52,24.26,24.30,38400,16.84
2008-05-22,24.62,24.79,24.53,24.67,26100,17.10
2008-05-21,25.00,25.12,24.58,24.60,23200,17.05
2008-05-20,24.71,24.91,24.54,24.86,70000,17.23
2008-05-19,25.02,25.43,25.00,25.13,49900,17.42
2008-05-16,24.85,25.10,24.81,25.06,43500,17.37
2008-05-15,24.53,24.86,24.37,24.82,76600,17.20
2008-05-14,24.25,24.56,24.24,24.37,82300,16.89
2008-05-13,24.30,24.30,24.05,24.15,36400,16.74
2008-05-12,23.83,24.17,23.83,24.10,43900,16.71
2008-05-09,23.84,23.85,23.68,23.75,38700,16.46
2008-05-08,24.20,24.22,23.83,23.93,69500,16.59
2008-05-07,24.48,24.52,23.98,23.98,69700,16.62
2008-05-06,24.30,24.62,24.30,24.59,50300,17.05
2008-05-05,24.25,24.49,24.25,24.42,40400,16.93
2008-05-02,24.21,24.50,24.18,24.30,26300,16.84
2008-05-01,23.94,24.15,23.78,24.13,19200,16.73
2008-04-30,23.37,23.86,23.37,23.75,31300,16.46
2008-04-29,23.63,23.63,23.35,23.35,22600,16.19
2008-04-28,23.86,24.00,23.62,23.77,30300,16.48
2008-04-25,23.84,23.96,23.54,23.81,40500,16.50
2008-04-24,23.39,23.72,23.06,23.70,75600,16.43
2008-04-23,23.17,23.55,23.13,23.55,27900,16.32
2008-04-22,23.14,23.15,22.92,22.96,59100,15.92
2008-04-21,23.18,23.31,23.02,23.25,11700,16.12
2008-04-18,23.02,23.32,22.90,23.14,23400,16.04
2008-04-17,22.90,22.95,22.61,22.79,17100,15.80
2008-04-16,22.53,23.00,22.53,23.00,49200,15.94
2008-04-15,22.27,22.43,22.17,22.27,29200,15.44
2008-04-14,22.21,22.30,22.00,22.14,22400,15.35
2008-04-11,22.34,22.53,22.03,22.19,86200,15.38
2008-04-10,22.35,22.66,22.15,22.49,15300,15.59
2008-04-09,22.67,22.67,22.13,22.16,13900,15.36
2008-04-08,22.52,22.80,22.33,22.62,32200,15.68
2008-04-07,22.81,23.00,22.52,22.61,13900,15.67
2008-04-04,22.58,22.65,22.21,22.52,33500,15.61
2008-04-03,22.07,22.51,21.93,22.50,47800,15.60
2008-04-02,22.42,22.48,21.96,22.21,93700,15.40
2008-04-01,21.88,22.35,21.73,22.26,57200,15.43
2008-03-31,21.53,21.57,21.33,21.36,29800,14.81
2008-03-28,21.71,21.87,21.40,21.42,42600,14.85
2008-03-27,21.72,21.87,21.51,21.51,21900,14.91
2008-03-26,21.75,21.75,21.37,21.59,40200,14.97
2008-03-25,21.70,21.89,21.49,21.85,45800,15.15
2008-03-24,20.58,21.56,20.58,21.53,100900,14.92
2008-03-20,20.21,20.86,20.03,20.60,107500,14.28
2008-03-19,21.55,21.61,20.39,20.39,89500,14.13
2008-03-18,20.76,21.62,20.76,21.56,46000,14.94
2008-03-17,20.41,20.81,18.26,20.59,97700,14.27
2008-03-14,21.76,21.88,21.15,21.26,95400,14.74
2008-03-13,21.80,21.96,21.00,21.88,385300,15.17
2008-03-12,22.38,22.69,22.12,22.13,28600,15.34
2008-03-11,21.93,22.69,21.48,22.69,96500,15.73
2008-03-10,21.99,21.99,21.28,21.37,33500,14.81
2008-03-07,22.02,22.35,21.60,21.83,40300,15.13
2008-03-06,22.65,22.65,22.20,22.20,27700,15.39
2008-03-05,22.20,22.79,22.20,22.42,26900,15.54
2008-03-04,22.65,22.65,21.82,22.06,46000,15.29
2008-03-03,22.79,23.02,22.49,22.65,72200,15.70
2008-02-29,23.48,23.48,22.75,22.78,43000,15.79
2008-02-28,23.63,23.91,23.47,23.62,35400,16.37
2008-02-27,23.79,24.29,23.70,23.86,57600,16.54
2008-02-26,23.41,24.10,23.41,24.04,54700,16.66
2008-02-25,23.06,23.64,22.93,23.55,67700,16.32
2008-02-22,22.98,23.15,22.56,23.15,36900,16.05
2008-02-21,23.38,23.60,22.81,22.90,46700,15.87
2008-02-20,22.94,23.55,22.93,23.40,27400,16.22
2008-02-19,22.56,23.33,22.56,23.18,94500,16.07
2008-02-15,22.50,22.63,22.27,22.49,22700,15.59
2008-02-14,23.17,23.34,22.50,22.50,60500,15.60
2008-02-13,23.17,23.27,22.97,23.14,89200,16.04
2008-02-12,22.65,23.23,22.65,22.90,27600,15.87
2008-02-11,22.56,22.58,21.98,22.44,41100,15.55
2008-02-08,22.29,22.63,22.13,22.26,38200,15.43
2008-02-07,22.07,22.90,21.72,22.31,58900,15.46
2008-02-06,22.54,23.02,21.90,21.95,67700,15.22
2008-02-05,23.40,23.40,22.29,22.33,59000,15.48
2008-02-04,23.55,23.67,23.29,23.53,45200,16.31
2008-02-01,22.84,23.30,22.84,23.30,39900,16.15
2008-01-31,22.21,22.96,22.20,22.79,116800,15.80
2008-01-30,22.73,23.26,22.41,22.83,55800,15.83
2008-01-29,22.43,22.91,22.33,22.91,46800,15.88
2008-01-28,21.60,22.33,21.40,22.33,57100,15.48
2008-01-25,22.80,23.10,21.98,22.06,61200,15.29
2008-01-24,22.35,23.02,22.18,22.42,132900,15.54
2008-01-23,21.20,22.21,20.48,22.21,77400,15.40
2008-01-22,21.06,21.96,20.11,21.85,93800,15.15
2008-01-18,22.15,22.46,21.86,22.29,157100,15.45
2008-01-17,23.22,23.50,21.51,21.85,117700,15.15
2008-01-16,23.90,24.18,22.95,23.00,120900,15.94
2008-01-15,24.82,24.82,24.22,24.24,111100,16.80
2008-01-14,25.10,25.37,24.95,25.32,92100,17.55
2008-01-11,25.49,25.49,24.76,24.82,112900,17.20
2008-01-10,25.06,25.63,25.06,25.56,391200,17.72
2008-01-09,25.13,25.50,25.13,25.42,193300,17.62
2008-01-08,24.86,26.85,24.73,24.80,858700,17.19
2008-01-07,24.39,25.16,24.39,24.62,243000,17.07
2008-01-04,24.69,25.31,24.15,24.35,183600,16.88
2008-01-03,24.68,25.12,24.68,24.78,40300,17.18
2008-01-02,25.24,25.71,24.84,24.92,153600,17.27
2007-12-31,25.15,25.34,24.73,24.75,56600,17.16
2007-12-28,24.90,25.08,24.63,24.84,37600,17.22
2007-12-27,25.00,25.00,24.73,24.78,31800,17.18
2007-12-26,25.29,25.30,24.54,25.11,53800,17.41
2007-12-24,25.25,25.25,24.33,24.90,51100,17.26
2007-12-21,24.11,24.51,24.11,24.33,66300,16.87
2007-12-20,23.91,24.25,23.48,23.81,65000,16.50
2007-12-19,24.09,24.09,23.30,23.65,110100,16.39
2007-12-18,32.16,32.16,31.10,32.16,78600,16.48
2007-12-17,32.15,32.25,31.10,31.10,105900,15.94
2007-12-14,32.46,32.46,31.73,31.97,45000,16.38
2007-12-13,32.78,32.82,32.05,32.64,111100,16.73
2007-12-12,34.25,34.25,32.92,33.41,46000,17.12
2007-12-11,34.33,34.36,32.74,32.85,83200,16.83
2007-12-10,33.89,34.23,33.81,34.02,30800,17.43
2007-12-07,33.99,34.01,33.75,33.96,24500,17.40
2007-12-06,33.60,34.36,33.46,34.28,37600,17.57
2007-12-05,32.63,33.48,32.63,33.38,47000,17.10
2007-12-04,32.11,32.51,32.06,32.21,84700,16.51
2007-12-03,32.25,32.37,32.10,32.25,61700,16.53
2007-11-30,32.60,32.78,32.05,32.37,89100,16.59
2007-11-29,32.19,32.44,31.71,32.08,47300,16.44
2007-11-28,30.95,32.45,30.95,32.41,64100,16.61
2007-11-27,30.11,30.78,29.93,30.75,46100,15.76
2007-11-26,31.04,31.30,29.86,29.86,121600,15.30
2007-11-23,30.43,30.92,30.43,30.67,11100,15.72
2007-11-21,30.60,30.62,29.75,29.96,57300,15.35
2007-11-20,31.28,32.18,30.89,31.38,48500,16.08
2007-11-19,32.30,32.30,30.57,30.98,52300,15.88
2007-11-16,32.15,32.52,31.85,32.44,36800,16.62
2007-11-15,32.63,33.08,32.12,32.23,55800,16.52
2007-11-14,33.89,34.30,32.99,33.04,63700,16.93
2007-11-13,31.90,33.38,31.90,33.15,28500,16.99
2007-11-12,32.01,32.24,31.01,31.01,150900,15.89
2007-11-09,32.85,33.17,32.44,32.50,62000,16.65
2007-11-08,33.22,33.70,32.38,33.15,89400,16.99
2007-11-07,34.20,34.20,33.10,33.15,111300,16.99
2007-11-06,34.06,34.20,33.46,34.20,55700,17.53
2007-11-05,33.37,33.46,32.71,33.05,52500,16.94
2007-11-02,34.39,34.66,33.56,34.15,67900,17.50
2007-11-01,34.93,35.03,34.00,34.15,102800,17.50
2007-10-31,34.97,35.36,34.70,35.12,64000,18.00
2007-10-30,35.45,35.45,34.47,34.65,57800,17.76
2007-10-29,34.91,35.21,34.45,34.96,197100,17.91
2007-10-26,34.15,34.62,34.09,34.37,89100,17.61
2007-10-25,33.67,33.78,33.02,33.54,69900,17.19
2007-10-24,33.75,33.75,32.65,33.37,130900,17.10
2007-10-23,33.32,33.61,33.13,33.55,128900,17.19
2007-10-22,31.65,32.51,31.56,32.50,65600,16.65
2007-10-19,33.74,33.75,32.46,32.56,95800,16.68
2007-10-18,33.29,34.00,33.10,33.85,59600,17.35
2007-10-17,33.24,33.62,32.85,33.62,99100,17.23
2007-10-16,32.53,33.00,32.39,32.54,53800,16.67
2007-10-15,33.60,33.80,32.83,33.23,96100,17.03
2007-10-12,32.85,33.36,32.68,33.33,30300,17.08
2007-10-11,33.64,33.75,32.15,32.70,62000,16.76
2007-10-10,32.92,33.14,32.56,33.04,35000,16.93
2007-10-09,32.40,32.92,32.40,32.92,26100,16.87
2007-10-08,32.20,32.40,31.91,32.09,33200,16.44
2007-10-05,31.90,32.70,31.90,32.40,20300,16.60
2007-10-04,31.39,31.56,30.94,31.53,22800,16.16
2007-10-03,31.80,31.83,31.16,31.25,33900,16.01
2007-10-02,31.90,32.11,31.60,31.93,64800,16.36
2007-10-01,31.09,31.90,31.09,31.83,31000,16.31
2007-09-28,31.00,31.12,30.51,30.70,62600,15.73
2007-09-27,30.80,31.19,30.73,31.03,48300,15.90
2007-09-26,30.63,30.75,30.34,30.63,24400,15.70
2007-09-25,30.14,30.44,29.65,30.22,17600,15.49
2007-09-24,30.25,30.50,30.19,30.31,52000,15.53
2007-09-21,29.82,30.24,29.76,29.96,35500,15.35
2007-09-20,29.95,30.00,29.50,29.59,38200,15.16
2007-09-19,29.67,30.21,29.67,29.76,77100,15.25
2007-09-18,28.53,29.85,28.39,29.67,35700,15.20
2007-09-17,28.48,28.62,27.98,28.33,44700,14.52
2007-09-14,28.22,28.70,28.22,28.52,13600,14.61
2007-09-13,28.45,28.77,28.32,28.55,21800,14.63
2007-09-12,27.80,28.35,27.80,28.22,18000,14.46
2007-09-11,27.82,28.31,27.81,28.05,22100,14.37
2007-09-10,27.80,27.80,27.09,27.49,13400,14.09
2007-09-07,27.79,27.84,27.31,27.55,35900,14.12
2007-09-06,28.25,28.44,28.02,28.25,30800,14.48
2007-09-05,28.23,28.23,27.78,27.92,28800,14.31
2007-09-04,28.04,28.68,28.01,28.41,18600,14.56
2007-08-31,27.76,28.20,27.76,28.03,41700,14.36
2007-08-30,26.97,27.56,26.88,27.26,35700,13.97
2007-08-29,26.40,27.19,26.40,27.19,44600,13.93
2007-08-28,27.03,27.03,26.01,26.09,32100,13.37
2007-08-27,27.22,27.43,27.11,27.28,33300,13.98
2007-08-24,26.45,27.34,26.45,27.22,32400,13.95
2007-08-23,26.90,26.90,26.10,26.44,44100,13.55
2007-08-22,26.05,26.40,26.05,26.40,105300,13.53
2007-08-21,25.39,25.62,24.90,25.31,48100,12.97
2007-08-20,26.82,26.90,25.00,25.44,80700,13.04
2007-08-17,24.90,25.47,24.23,25.20,79000,12.91
2007-08-16,24.18,24.33,22.40,23.66,159100,12.12
2007-08-15,25.84,26.18,24.77,25.01,104800,12.82
2007-08-14,27.27,27.27,26.14,26.23,44400,13.44
2007-08-13,27.31,27.40,27.12,27.18,34500,13.93
2007-08-10,26.80,27.29,26.35,27.00,48000,13.84
2007-08-09,27.86,27.86,26.10,27.21,73900,13.94
2007-08-08,28.18,28.62,28.00,28.21,99400,14.46
2007-08-07,27.24,27.88,27.10,27.68,52000,14.18
2007-08-06,27.10,27.49,26.42,27.49,88400,14.09
2007-08-03,28.10,28.13,27.01,27.20,78400,13.94
2007-08-02,28.16,28.34,27.83,28.25,40800,14.48
2007-08-01,28.00,28.00,27.42,27.96,38800,14.33
2007-07-31,28.66,28.75,28.40,28.40,61500,14.55
2007-07-30,27.92,28.55,27.92,28.53,89900,14.62
2007-07-27,27.90,28.37,27.65,27.80,54700,14.25
2007-07-26,28.84,28.89,27.57,28.05,59200,14.37
2007-07-25,29.45,29.86,29.13,29.47,38700,15.10
2007-07-24,30.03,30.03,29.13,29.21,35500,14.97
2007-07-23,29.90,30.37,29.88,30.21,64600,15.48
2007-07-20,29.70,29.75,29.38,29.40,62900,15.07
2007-07-19,29.69,29.85,29.43,29.78,50300,15.26
2007-07-18,29.48,29.63,29.16,29.30,54900,15.01
2007-07-17,29.83,29.83,29.57,29.58,60900,15.16
2007-07-16,30.05,30.16,29.57,29.89,162800,15.32
2007-07-13,29.80,30.38,29.80,30.31,35200,15.53
2007-07-12,29.70,30.03,29.50,29.94,45300,15.34
2007-07-11,28.72,29.12,28.72,29.05,27400,14.89
2007-07-10,29.25,29.25,28.78,28.85,50400,14.78
2007-07-09,29.30,29.38,29.20,29.33,20300,15.03
2007-07-06,28.50,29.10,28.50,29.09,54700,14.91
2007-07-05,28.33,28.51,28.23,28.44,24700,14.57
2007-07-03,28.15,28.38,28.15,28.33,32900,14.52
2007-07-02,27.30,27.87,27.30,27.85,17300,14.27
2007-06-29,27.30,27.48,27.01,27.28,29000,13.98
2007-06-28,27.45,27.46,27.25,27.35,28400,14.01
2007-06-27,26.92,27.49,26.77,27.49,41300,14.09
2007-06-26,29.51,29.70,29.50,29.58,55800,13.92
2007-06-25,29.66,29.68,28.93,29.49,96300,13.88
2007-06-22,29.84,29.84,29.53,29.53,38700,13.90
2007-06-21,29.40,29.85,29.26,29.79,35900,14.02
2007-06-20,29.53,29.74,29.20,29.20,59800,13.75
2007-06-19,29.35,29.35,28.73,29.16,41200,13.73
2007-06-18,29.06,29.22,29.02,29.09,58700,13.69
2007-06-15,28.82,28.98,28.71,28.92,50700,13.61
2007-06-14,28.35,28.75,28.35,28.64,70800,13.48
2007-06-13,28.00,28.35,28.00,28.33,39700,13.34
2007-06-12,28.32,28.32,27.51,27.96,44800,13.16
2007-06-11,28.25,28.68,28.11,28.52,57700,13.43
2007-06-08,27.92,28.44,27.89,28.44,25800,13.39
2007-06-07,28.30,28.52,27.79,27.92,51700,13.14
2007-06-06,28.61,28.61,28.17,28.43,25900,13.38
2007-06-05,28.75,28.89,28.70,28.86,48800,13.59
2007-06-04,28.56,28.83,28.56,28.83,19500,13.57
2007-06-01,28.65,29.00,28.63,28.92,22200,13.61
2007-05-31,28.52,28.70,28.19,28.42,58300,13.38
2007-05-30,27.64,28.40,27.64,28.25,40200,13.30
2007-05-29,28.06,28.31,28.00,28.07,63600,13.21
2007-05-25,27.80,28.01,27.80,27.97,34600,13.17
2007-05-24,28.22,28.29,27.42,27.57,59000,12.98
2007-05-23,28.35,28.50,28.18,28.35,68200,13.35
2007-05-22,28.31,28.67,28.24,28.25,28200,13.30
2007-05-21,28.60,28.61,28.30,28.34,37700,13.34
2007-05-18,28.47,28.52,28.32,28.52,19600,13.43
2007-05-17,28.23,28.67,27.76,28.35,85500,13.35
2007-05-16,27.67,28.05,27.67,27.99,39600,13.18
2007-05-15,27.50,27.91,27.50,27.77,52900,13.07
2007-05-14,27.76,27.85,27.40,27.69,70500,13.03
2007-05-11,27.46,27.85,27.44,27.72,45500,13.05
2007-05-10,27.91,27.91,27.26,27.26,39200,12.83
2007-05-09,27.64,28.16,27.64,28.16,25000,13.26
2007-05-08,27.79,27.79,27.55,27.64,59100,13.01
2007-05-07,27.91,28.07,27.81,28.01,51300,13.19
2007-05-04,27.63,27.70,27.53,27.60,61400,12.99
2007-05-03,30.58,30.58,27.15,27.40,576900,12.90
2007-05-02,27.70,27.70,27.49,27.52,51500,12.95
2007-05-01,27.49,27.50,27.26,27.34,13000,12.87
2007-04-30,27.75,27.75,27.29,27.36,27200,12.88
2007-04-27,27.70,27.76,27.48,27.75,28000,13.06
2007-04-26,27.99,28.00,27.75,27.90,29500,13.13
2007-04-25,27.79,27.97,27.75,27.97,54900,13.17
2007-04-24,27.72,27.86,27.62,27.79,34000,13.08
2007-04-23,27.65,27.81,27.60,27.65,27100,13.02
2007-04-20,27.44,27.72,27.44,27.72,29500,13.05
2007-04-19,27.19,27.19,26.82,27.02,12600,12.72
2007-04-18,27.58,27.60,27.21,27.41,30500,12.90
2007-04-17,27.84,27.84,27.51,27.66,25300,13.02
2007-04-16,27.66,27.83,27.58,27.80,24200,13.09
2007-04-13,26.98,27.45,26.98,27.41,24600,12.90
2007-04-12,26.76,27.15,26.76,27.15,30600,12.78
2007-04-11,27.12,27.23,26.80,26.90,12200,12.66
2007-04-10,27.27,27.27,27.03,27.08,18900,12.75
2007-04-09,27.03,27.40,26.96,27.16,25300,12.79
2007-04-05,26.85,26.93,26.69,26.90,12600,12.66
2007-04-04,27.00,27.00,26.65,26.80,28100,12.62
2007-04-03,26.50,26.77,26.50,26.76,15600,12.60
2007-04-02,26.18,26.35,25.95,26.35,93100,12.40
2007-03-30,26.15,26.16,25.86,26.04,26500,12.26
2007-03-29,26.27,26.27,25.54,25.96,65000,12.22
2007-03-28,26.15,26.15,25.81,25.81,20200,12.15
2007-03-27,26.41,26.60,26.20,26.31,9700,12.39
2007-03-26,26.95,26.95,26.40,26.60,30500,12.52
2007-03-23,26.76,26.89,26.57,26.69,64200,12.56
2007-03-22,26.72,26.90,26.52,26.90,53600,12.66
2007-03-21,25.94,26.67,25.80,26.66,39400,12.55
2007-03-20,25.67,25.88,25.60,25.81,26900,12.15
2007-03-19,25.40,25.59,25.40,25.59,18200,12.05
2007-03-16,25.24,25.54,25.08,25.15,16000,11.84
2007-03-15,25.03,25.44,25.03,25.23,16900,11.88
2007-03-14,25.41,25.43,24.60,25.28,90200,11.90
2007-03-13,26.07,26.08,25.47,25.56,125700,12.03
2007-03-12,25.89,26.38,25.89,26.30,20700,12.38
2007-03-09,25.80,25.98,25.66,25.89,29700,12.19
2007-03-08,25.14,25.89,25.14,25.80,29500,12.15
2007-03-07,25.00,25.29,25.00,25.15,46100,11.84
2007-03-06,25.00,25.51,24.89,25.31,49100,11.91
2007-03-05,24.60,24.89,24.34,24.50,73300,11.53
2007-03-02,25.35,25.86,25.00,25.33,41100,11.92
2007-03-01,25.72,25.72,24.80,25.35,99400,11.93
2007-02-28,25.75,26.12,24.70,26.10,72100,12.29
2007-02-27,26.50,26.50,24.96,25.30,116200,11.91
2007-02-26,26.91,27.08,26.75,26.89,54600,12.66
2007-02-23,26.98,27.32,26.95,27.01,101300,12.71
2007-02-22,27.10,27.39,26.88,26.95,46500,12.69
2007-02-21,26.82,27.00,26.72,26.88,93800,12.65
2007-02-20,26.95,27.00,26.54,27.00,41800,12.71
2007-02-16,26.66,26.75,26.52,26.75,51200,12.59
2007-02-15,26.65,26.69,26.50,26.63,25400,12.54
2007-02-14,26.20,26.59,26.20,26.56,42500,12.50
2007-02-13,25.84,26.15,25.83,26.01,30300,12.24
2007-02-12,25.78,25.97,25.64,25.83,43700,12.16
2007-02-09,25.89,26.20,25.81,25.92,153900,12.20
2007-02-08,25.85,26.08,25.77,26.05,69200,12.26
2007-02-07,26.18,26.25,26.02,26.06,81000,12.27
2007-02-06,26.00,26.12,25.93,26.10,193300,12.29
2007-02-05,25.94,25.97,25.84,25.95,53800,12.22
2007-02-02,26.05,26.05,25.90,25.94,58700,12.21
2007-02-01,25.88,26.09,25.84,25.91,236800,12.20
2007-01-31,25.30,25.67,25.21,25.56,131500,12.03
2007-01-30,25.59,25.94,25.59,25.67,69800,12.08
2007-01-29,25.90,26.01,25.60,25.72,135000,12.11
2007-01-26,26.00,26.28,25.82,26.09,54900,12.28
2007-01-25,26.20,26.45,25.92,26.00,44800,12.24
2007-01-24,26.45,26.75,26.45,26.58,43800,12.51
2007-01-23,25.83,26.28,25.83,26.28,156600,12.37
2007-01-22,26.06,26.15,25.67,25.72,54000,12.11
2007-01-19,25.98,26.06,25.90,26.00,73100,12.24
2007-01-18,25.88,26.00,25.77,25.90,31100,12.19
2007-01-17,25.86,25.90,25.70,25.75,31900,12.12
2007-01-16,25.81,26.14,25.75,25.76,67200,12.13
2007-01-12,25.47,25.96,25.47,25.96,40900,12.22
2007-01-11,24.14,25.36,24.13,25.29,100500,11.91
2007-01-10,25.50,25.50,24.76,25.23,82100,11.88
2007-01-09,26.37,26.37,25.75,25.86,65600,12.17
2007-01-08,26.24,26.46,26.15,26.35,333700,12.40
2007-01-05,27.00,27.00,25.80,25.99,127500,12.23
2007-01-04,27.22,27.23,26.80,26.90,78200,12.66
2007-01-03,27.17,27.65,27.07,27.22,128900,12.81
2006-12-29,26.79,26.97,26.69,26.83,61900,12.63
2006-12-28,26.30,26.54,26.20,26.54,23200,12.49
2006-12-27,26.04,26.34,26.04,26.31,95400,12.39
2006-12-26,25.72,25.98,25.65,25.98,45300,12.23
2006-12-22,25.82,25.85,25.65,25.71,41000,12.10
2006-12-21,25.77,25.91,25.63,25.80,93200,12.15
2006-12-20,25.61,25.61,25.12,25.61,59200,12.06
2006-12-19,29.90,30.00,29.46,30.00,90000,12.04
2006-12-18,30.11,30.34,30.10,30.20,99900,12.12
2006-12-15,29.79,29.86,29.56,29.74,81900,11.93
2006-12-14,29.68,29.95,29.51,29.79,50100,11.95
2006-12-13,29.66,29.70,29.54,29.62,18400,11.88
2006-12-12,29.58,29.70,29.47,29.70,41300,11.92
2006-12-11,29.54,29.77,29.52,29.77,28000,11.94
2006-12-08,29.39,29.79,29.39,29.70,16000,11.92
2006-12-07,29.45,29.82,29.45,29.65,36200,11.90
2006-12-06,29.79,29.86,29.55,29.62,25200,11.88
2006-12-05,29.25,29.68,29.10,29.54,27500,11.85
2006-12-04,28.41,29.21,28.41,28.97,99900,11.62
2006-12-01,28.62,28.62,28.25,28.28,7000,11.35
2006-11-30,28.50,28.62,28.38,28.53,37800,11.45
2006-11-29,28.10,28.50,28.10,28.43,42400,11.41
2006-11-28,28.11,28.15,27.95,28.04,13200,11.25
2006-11-27,28.49,28.49,28.00,28.11,45500,11.28
2006-11-24,28.26,28.50,28.26,28.50,18000,11.43
2006-11-22,27.71,28.27,27.71,28.26,34100,11.34
2006-11-21,27.92,27.96,27.71,27.71,27900,11.12
2006-11-20,27.97,27.97,27.80,27.88,17000,11.19
2006-11-17,28.00,28.00,27.75,27.83,26300,11.17
2006-11-16,28.38,28.40,28.08,28.12,44700,11.28
2006-11-15,28.35,28.36,28.25,28.36,11200,11.38
2006-11-14,27.93,28.30,27.93,28.30,56400,11.35
2006-11-13,28.00,28.00,27.90,27.93,16300,11.21
2006-11-10,28.13,28.13,27.91,28.11,16900,11.28
2006-11-09,27.90,28.21,27.90,28.21,35700,11.32
2006-11-08,28.00,28.03,27.81,27.99,12000,11.23
2006-11-07,28.10,28.10,27.93,28.00,112000,11.23
2006-11-06,27.05,27.82,27.03,27.73,32900,11.13
2006-11-03,26.96,27.10,26.79,26.91,38600,10.80
2006-11-02,26.71,27.06,26.70,26.91,14900,10.80
2006-11-01,26.99,27.22,26.86,26.92,36100,10.80
2006-10-31,26.74,27.10,26.74,26.83,41200,10.76
2006-10-30,26.95,26.95,26.80,26.84,27100,10.77
2006-10-27,27.52,27.54,27.18,27.28,29300,10.95
2006-10-26,27.45,27.52,27.28,27.46,19400,11.02
2006-10-25,27.26,27.50,27.22,27.35,62400,10.97
2006-10-24,26.71,27.26,26.71,27.25,45100,10.93
2006-10-23,26.69,26.75,26.36,26.75,27000,10.73
2006-10-20,26.41,26.60,26.28,26.35,12500,10.57
2006-10-19,26.45,26.45,26.15,26.41,22300,10.60
2006-10-18,26.00,26.23,26.00,26.18,20100,10.50
2006-10-17,26.10,26.29,25.71,25.97,45100,10.42
2006-10-16,25.97,26.15,25.87,26.00,13200,10.43
2006-10-13,25.74,25.97,25.64,25.83,29100,10.36
2006-10-12,25.30,25.65,25.29,25.53,179900,10.24
2006-10-11,25.00,25.37,25.00,25.17,16500,10.10
2006-10-10,25.10,25.22,24.98,25.18,18100,10.10
2006-10-09,25.26,25.35,25.08,25.20,43200,10.11
2006-10-06,24.80,25.40,24.79,25.39,51300,10.19
2006-10-05,24.85,25.17,24.76,25.00,36700,10.03
2006-10-04,24.22,24.72,24.22,24.62,24300,9.88
2006-10-03,24.52,24.53,24.30,24.30,17400,9.75
2006-10-02,24.51,24.71,24.51,24.54,18100,9.85
2006-09-29,24.60,24.76,24.44,24.46,32100,9.81
2006-09-28,24.68,24.88,24.51,24.66,19400,9.89
2006-09-27,24.69,24.83,24.51,24.68,17800,9.90
2006-09-26,24.34,24.68,24.23,24.68,22200,9.90
2006-09-25,24.12,24.40,24.06,24.40,28400,9.79
2006-09-22,24.48,24.48,24.08,24.20,14900,9.71
2006-09-21,24.80,24.91,24.58,24.58,28500,9.86
2006-09-20,24.52,24.88,24.52,24.88,7200,9.98
2006-09-19,24.71,24.85,24.41,24.51,28400,9.83
2006-09-18,24.66,24.92,24.60,24.75,13800,9.93
2006-09-15,24.50,24.69,24.40,24.41,14600,9.79
2006-09-14,24.55,24.57,24.39,24.44,5600,9.81
2006-09-13,24.25,24.69,24.25,24.65,12400,9.89
2006-09-12,24.03,24.46,24.03,24.40,21600,9.79
2006-09-11,24.22,24.23,24.00,24.10,22600,9.67
2006-09-08,24.50,24.50,24.24,24.47,22900,9.82
2006-09-07,24.50,24.50,24.20,24.25,21500,9.73
2006-09-06,24.98,24.98,24.50,24.50,19100,9.83
2006-09-05,24.96,25.06,24.93,25.06,25700,10.05
2006-09-01,24.56,24.69,24.55,24.63,15300,9.88
2006-08-31,24.50,24.56,24.40,24.53,8600,9.84
2006-08-30,24.30,24.56,24.26,24.53,21800,9.84
2006-08-29,24.32,24.46,24.25,24.40,17800,9.79
2006-08-28,24.33,24.40,24.06,24.27,43900,9.74
2006-08-25,24.23,24.37,24.23,24.29,10200,9.75
2006-08-24,24.49,24.49,24.30,24.33,28000,9.76
2006-08-23,24.85,24.85,24.34,24.36,99100,9.77
2006-08-22,24.45,24.51,24.45,24.49,50500,9.83
2006-08-21,24.76,24.76,24.35,24.40,26500,9.79
2006-08-18,24.74,24.75,24.62,24.66,33600,9.89
2006-08-17,25.14,25.14,24.80,24.80,28500,9.95
2006-08-16,24.70,25.08,24.70,24.89,35200,9.99
2006-08-15,24.35,24.76,24.24,24.67,22200,9.90
2006-08-14,24.27,24.39,23.99,24.00,57300,9.63
2006-08-11,24.25,24.25,23.90,24.01,13400,9.63
2006-08-10,24.25,24.25,24.02,24.10,12000,9.67
2006-08-09,24.06,24.45,24.06,24.30,23000,9.75
2006-08-08,23.94,24.09,23.90,24.04,64600,9.65
2006-08-07,23.54,23.80,23.54,23.69,28200,9.50
2006-08-04,23.85,23.93,23.48,23.61,78100,9.47
2006-08-03,23.21,23.52,23.21,23.50,21800,9.43
2006-08-02,23.40,23.60,23.40,23.54,36400,9.44
2006-08-01,23.35,23.35,23.01,23.33,28200,9.36
2006-07-31,23.65,23.69,23.55,23.60,19200,9.47
2006-07-28,23.44,23.82,23.44,23.82,29700,9.56
2006-07-27,23.10,23.50,23.10,23.42,69000,9.40
2006-07-26,23.29,23.29,23.00,23.11,24300,9.27
2006-07-25,22.91,23.14,22.84,23.14,37000,9.28
2006-07-24,22.56,23.30,22.56,23.09,54300,9.26
2006-07-21,22.94,22.94,22.40,22.46,17600,9.01
2006-07-20,23.59,23.59,22.99,23.02,27900,9.24
2006-07-19,22.01,23.60,22.01,23.60,36800,9.47
2006-07-18,22.24,22.88,22.02,22.38,36300,8.98
2006-07-17,22.52,22.58,22.30,22.49,90400,9.02
2006-07-14,22.95,22.95,22.22,22.46,49100,9.01
2006-07-13,23.12,23.12,22.44,22.59,30200,9.06
2006-07-12,23.34,23.50,23.17,23.18,10200,9.30
2006-07-11,23.54,23.55,23.16,23.50,32600,9.43
2006-07-10,23.38,23.69,23.26,23.36,29300,9.37
2006-07-07,23.52,23.58,23.25,23.25,35600,9.33
2006-07-06,23.15,23.59,23.15,23.46,23600,9.41
2006-07-05,23.71,23.71,23.05,23.05,22900,9.25
2006-07-03,23.50,24.02,23.50,23.82,25000,9.56
2006-06-30,23.18,23.38,22.81,23.00,27200,9.23
2006-06-29,21.84,23.15,21.77,23.14,51700,9.28
2006-06-28,21.03,21.34,21.02,21.34,27200,8.56
2006-06-27,22.26,22.49,21.87,21.87,22600,8.77
2006-06-26,22.20,22.31,22.13,22.17,25400,8.90
2006-06-23,22.15,22.39,21.98,22.31,19000,8.95
2006-06-22,22.73,22.73,22.15,22.30,46300,8.95
2006-06-21,22.19,22.76,22.19,22.46,42500,9.01
2006-06-20,21.80,22.12,21.77,22.07,53000,8.85
2006-06-19,22.30,22.42,21.57,21.70,82800,8.71
2006-06-16,22.70,22.70,21.90,22.26,48700,8.93
2006-06-15,21.49,22.60,21.49,22.55,74700,9.05
2006-06-14,20.36,20.99,20.36,20.99,72100,8.42
2006-06-13,20.02,20.92,20.02,20.35,113200,8.16
2006-06-12,22.12,22.19,21.10,21.29,60900,8.54
2006-06-09,22.41,22.75,22.00,22.06,53100,8.85
2006-06-08,22.90,23.00,21.77,22.36,132300,8.97
2006-06-07,23.29,23.81,23.25,23.27,49900,9.34
2006-06-06,24.06,24.17,22.95,23.44,96600,9.40
2006-06-05,25.75,25.75,24.31,24.31,42300,9.75
2006-06-02,25.10,25.45,25.10,25.26,32300,10.13
2006-06-01,23.98,24.85,23.90,24.85,32800,9.97
2006-05-31,23.60,24.24,23.60,23.98,55700,9.62
2006-05-30,24.74,24.74,24.00,24.00,76100,9.63
2006-05-26,24.87,25.15,24.56,24.92,43800,10.00
2006-05-25,23.90,24.75,23.90,24.75,52100,9.93
2006-05-24,24.01,24.18,23.40,23.90,94000,9.59
2006-05-23,24.01,24.49,24.01,24.13,133600,9.68
2006-05-22,25.10,25.10,23.22,23.76,180400,9.53
2006-05-19,25.20,25.58,25.05,25.39,80800,10.19
2006-05-18,25.26,25.77,24.98,25.40,135800,10.19
2006-05-17,26.76,26.77,25.81,25.97,84600,10.42
2006-05-16,26.40,26.89,26.26,26.81,31200,10.76
2006-05-15,26.55,27.08,26.41,26.60,76400,10.67
2006-05-12,28.23,28.23,27.25,27.43,65600,11.01
2006-05-11,28.54,28.74,28.37,28.39,107000,11.39
2006-05-10,28.65,28.84,28.30,28.54,68800,11.45
2006-05-09,28.46,28.72,28.40,28.70,46500,11.51
2006-05-08,28.68,28.96,28.50,28.65,49100,11.49
2006-05-05,28.00,28.40,28.00,28.39,23400,11.39
2006-05-04,27.41,27.83,27.41,27.76,52100,11.14
2006-05-03,27.57,27.57,27.31,27.54,29700,11.05
2006-05-02,27.12,27.78,27.12,27.56,35100,11.06
2006-05-01,27.15,27.35,27.04,27.15,32400,10.89
2006-04-28,26.70,27.04,26.70,26.98,39900,10.82
2006-04-27,26.95,27.17,26.66,26.66,13600,10.70
2006-04-26,26.76,27.16,26.76,27.00,19700,10.83
2006-04-25,26.77,26.77,26.61,26.66,16900,10.70
2006-04-24,26.64,26.78,26.64,26.70,41900,10.71
2006-04-21,27.40,27.40,26.67,26.71,72100,10.72
2006-04-20,26.65,26.80,26.53,26.79,43800,10.75
2006-04-19,26.50,26.60,26.37,26.58,26000,10.66
2006-04-18,26.00,26.49,26.00,26.40,54000,10.59
2006-04-17,25.64,26.04,25.64,25.89,23400,10.39
2006-04-13,25.60,25.75,25.50,25.66,10700,10.30
2006-04-12,25.49,25.74,25.32,25.74,33200,10.33
2006-04-11,26.00,26.20,25.68,25.85,31800,10.37
2006-04-10,25.92,26.34,25.88,26.14,31900,10.49
2006-04-07,26.00,26.11,25.99,26.02,58500,10.44
2006-04-06,26.48,26.50,25.91,25.91,73000,10.40
2006-04-05,26.26,26.43,26.20,26.43,74100,10.60
2006-04-04,26.21,26.21,26.00,26.07,74200,10.46
2006-04-03,25.38,26.08,25.38,26.01,55600,10.44
2006-03-31,24.85,25.20,24.82,25.18,39600,10.10
2006-03-30,24.80,24.98,24.55,24.85,21900,9.97
2006-03-29,24.40,24.79,24.40,24.77,24100,9.94
2006-03-28,24.58,24.70,24.36,24.36,19600,9.77
2006-03-27,24.61,24.84,24.55,24.83,43600,9.96
2006-03-24,24.55,24.76,24.55,24.62,34600,9.88
2006-03-23,24.65,25.03,24.35,24.53,195400,9.84
2006-03-22,25.50,25.50,25.10,25.25,34200,10.13
2006-03-21,25.85,25.95,25.50,25.52,17600,10.24
2006-03-20,25.95,26.08,25.85,25.99,29800,10.43
2006-03-17,25.90,26.13,25.90,26.05,30600,10.45
2006-03-16,25.45,26.18,25.39,25.90,39100,10.39
2006-03-15,25.00,25.40,25.00,25.40,19200,10.19
2006-03-14,24.60,24.91,24.56,24.91,30600,9.99
2006-03-13,24.45,24.96,24.45,24.70,33100,9.91
2006-03-10,24.20,24.64,24.20,24.36,22600,9.77
2006-03-09,24.35,24.65,23.91,24.11,79300,9.67
2006-03-08,24.80,24.85,23.50,24.35,128300,9.77
2006-03-07,25.91,25.91,24.71,24.96,109900,10.01
2006-03-06,26.30,26.32,26.11,26.12,56200,10.48
2006-03-03,26.43,26.43,26.12,26.22,47700,10.52
2006-03-02,26.20,26.41,26.11,26.32,28800,10.56
2006-03-01,26.11,26.30,26.03,26.20,65000,10.51
2006-02-28,26.30,26.31,26.01,26.05,47400,10.45
2006-02-27,26.28,26.51,26.26,26.43,71900,10.60
2006-02-24,25.80,26.10,25.77,26.10,20800,10.47
2006-02-23,25.91,26.24,25.70,25.93,40700,10.40
2006-02-22,26.17,26.17,25.97,26.00,63200,10.43
2006-02-21,26.15,26.38,26.10,26.26,61300,10.54
2006-02-17,25.85,26.50,25.85,26.00,76900,10.43
2006-02-16,25.33,25.85,25.30,25.60,39000,10.27
2006-02-15,25.20,25.50,25.20,25.30,42000,10.15
2006-02-14,25.00,25.18,24.66,25.14,77500,10.09
2006-02-13,25.66,25.69,24.99,24.99,181400,10.03
2006-02-10,25.65,25.74,25.55,25.74,83800,10.33
2006-02-09,25.40,25.53,25.40,25.52,19100,10.24
2006-02-08,25.29,25.32,25.07,25.27,42300,10.14
2006-02-07,25.35,25.61,25.35,25.43,195700,10.20
2006-02-06,25.25,25.72,25.25,25.68,55600,10.30
2006-02-03,25.30,25.30,25.01,25.16,35500,10.09
2006-02-02,25.59,25.80,25.30,25.43,49500,10.20
2006-02-01,25.57,25.69,25.54,25.57,18000,10.26
2006-01-31,25.50,25.85,25.25,25.75,38900,10.33
2006-01-30,25.27,25.76,25.24,25.66,47800,10.30
2006-01-27,25.10,25.16,25.00,25.15,161900,10.09
2006-01-26,24.72,24.85,24.70,24.80,124500,9.95
2006-01-25,24.70,24.84,24.60,24.63,86000,9.88
2006-01-24,24.75,25.00,24.55,24.73,147800,9.92
2006-01-23,24.68,24.73,24.56,24.59,151300,9.87
2006-01-20,24.80,25.02,24.70,24.73,110900,9.92
2006-01-19,24.30,25.00,24.30,24.90,33800,9.99
2006-01-18,24.24,24.24,23.50,24.15,59500,9.69
2006-01-17,24.59,24.59,24.40,24.53,29700,9.84
2006-01-13,24.40,24.66,24.40,24.62,21100,9.88
2006-01-12,24.71,24.71,24.34,24.56,44100,9.85
2006-01-11,24.35,24.85,24.22,24.65,70700,9.89
2006-01-10,24.09,24.09,23.84,23.95,36300,9.61
2006-01-09,23.65,24.24,23.65,24.19,162200,9.71
2006-01-06,23.02,23.33,22.93,23.15,149800,9.29
2006-01-05,22.95,23.00,22.80,22.87,40400,9.18
2006-01-04,22.65,23.10,22.65,22.90,74300,9.19
2006-01-03,22.14,22.90,22.14,22.90,57900,9.19
2005-12-30,21.80,21.98,21.70,21.92,18500,8.79
2005-12-29,21.77,21.98,21.77,21.95,23100,8.81
2005-12-28,21.97,22.03,21.77,21.90,19100,8.79
2005-12-27,21.44,21.99,21.42,21.97,37200,8.81
2005-12-23,21.89,21.94,21.60,21.94,63200,8.80
2005-12-22,21.74,22.09,21.74,21.83,109700,8.76
2005-12-21,21.62,21.84,21.62,21.80,55400,8.75
2005-12-20,22.80,22.96,22.75,22.93,34400,8.64
2005-12-19,22.93,22.97,22.78,22.78,24000,8.58
2005-12-16,22.68,22.93,22.68,22.90,34200,8.63
2005-12-15,22.80,22.92,22.62,22.75,18900,8.57
2005-12-14,22.75,22.84,22.57,22.61,37700,8.52
2005-12-13,22.38,22.62,22.38,22.62,67700,8.52
2005-12-12,22.38,22.40,22.32,22.35,35500,8.42
2005-12-09,22.25,22.35,22.16,22.26,81800,8.39
2005-12-08,22.42,22.44,22.19,22.19,25300,8.36
2005-12-07,22.41,22.54,22.40,22.45,72200,8.46
2005-12-06,22.28,22.40,22.28,22.29,51200,8.40
2005-12-05,22.06,22.38,22.06,22.22,20100,8.37
2005-12-02,22.51,22.59,21.69,22.20,41700,8.36
2005-12-01,22.03,22.33,21.96,22.33,29400,8.41
2005-11-30,22.25,22.25,21.94,22.00,29300,8.29
2005-11-29,22.13,22.26,22.07,22.23,7900,8.38
2005-11-28,22.11,22.26,22.06,22.22,8700,8.37
2005-11-25,22.25,22.26,22.06,22.10,3200,8.33
2005-11-23,22.00,22.25,22.00,22.17,23500,8.35
2005-11-22,22.06,22.06,21.47,22.00,46900,8.29
2005-11-21,22.28,22.38,22.15,22.23,9800,8.38
2005-11-18,21.90,22.30,21.82,22.21,18100,8.37
2005-11-17,21.49,22.04,21.49,21.90,19300,8.25
2005-11-16,21.45,21.49,21.36,21.49,8400,8.10
2005-11-15,21.25,21.45,21.25,21.45,10500,8.08
2005-11-14,21.48,21.50,21.20,21.45,27600,8.08
2005-11-11,21.19,21.30,21.16,21.24,6800,8.00
2005-11-10,21.13,21.19,21.03,21.11,14700,7.95
2005-11-09,21.10,21.45,21.01,21.12,16300,7.96
2005-11-08,20.90,21.10,20.82,21.10,19200,7.95
2005-11-07,20.82,21.02,20.82,20.95,8700,7.89
2005-11-04,20.95,21.10,20.87,20.97,10500,7.90
2005-11-03,20.90,21.14,20.90,21.04,33200,7.93
2005-11-02,20.53,20.80,20.53,20.72,32100,7.81
2005-11-01,20.42,20.64,20.42,20.64,17300,7.78
2005-10-31,20.05,20.34,20.05,20.34,34800,7.66
2005-10-28,19.60,19.95,19.60,19.90,35400,7.50
2005-10-27,19.98,19.98,19.51,19.69,12200,7.42
2005-10-26,19.85,20.04,19.85,19.91,14600,7.50
2005-10-25,19.94,20.13,19.78,19.95,13700,7.52
2005-10-24,19.56,19.94,19.55,19.94,18700,7.51
2005-10-21,19.60,19.64,19.25,19.50,15600,7.35
2005-10-20,19.81,19.93,19.50,19.50,13400,7.35
2005-10-19,19.55,19.79,19.10,19.70,32600,7.42
2005-10-18,20.34,20.34,19.78,19.80,46300,7.46
2005-10-17,19.82,20.50,19.82,20.34,31100,7.66
2005-10-14,19.94,20.05,19.93,20.03,33700,7.55
2005-10-13,20.10,20.16,19.50,20.12,79100,7.58
2005-10-12,20.80,20.94,20.11,20.50,45000,7.72
2005-10-11,20.92,21.30,20.92,21.20,22900,7.99
2005-10-10,20.75,21.19,20.75,21.02,27800,7.92
2005-10-07,20.50,20.76,20.50,20.76,42800,7.82
2005-10-06,21.60,21.68,20.15,20.25,40200,7.63
2005-10-05,21.63,21.63,21.56,21.61,53100,8.14
2005-10-04,21.89,21.98,21.75,21.85,42200,8.23
2005-10-03,21.55,21.61,21.50,21.57,42300,8.13
2005-09-30,21.60,21.62,21.45,21.57,14900,8.13
2005-09-29,21.35,21.53,21.34,21.53,7600,8.11
2005-09-28,21.18,21.35,21.17,21.27,23100,8.01
2005-09-27,21.24,21.25,20.95,21.01,18800,7.92
2005-09-26,21.16,21.25,21.16,21.21,34900,7.99
2005-09-23,21.20,21.20,20.85,21.00,20600,7.91
2005-09-22,21.24,21.25,21.20,21.24,11800,8.00
2005-09-21,21.14,21.35,21.05,21.22,13100,8.00
2005-09-20,21.06,21.29,21.06,21.20,25000,7.99
2005-09-19,20.85,21.05,20.74,20.95,17300,7.89
2005-09-16,20.75,20.85,20.73,20.75,18500,7.82
2005-09-15,20.54,20.66,20.54,20.66,5700,7.78
2005-09-14,20.51,20.60,20.50,20.50,10200,7.72
2005-09-13,20.66,20.66,20.50,20.50,12900,7.72
2005-09-12,20.60,20.77,20.60,20.68,16400,7.79
2005-09-09,20.37,20.58,20.37,20.53,24000,7.74
2005-09-08,20.25,20.38,20.19,20.30,18900,7.65
2005-09-07,20.40,20.40,20.25,20.37,14000,7.67
2005-09-06,20.11,20.34,20.07,20.33,15300,7.66
2005-09-02,19.88,20.04,19.88,20.03,14800,7.55
2005-09-01,19.66,19.94,19.66,19.84,19300,7.48
2005-08-31,19.48,19.75,19.48,19.69,16600,7.42
2005-08-30,19.52,19.67,19.44,19.45,14500,7.33
2005-08-29,19.60,19.76,19.54,19.57,14500,7.37
2005-08-26,19.64,19.73,19.53,19.65,19500,7.40
2005-08-25,19.60,19.75,19.55,19.64,17600,7.40
2005-08-24,20.08,20.09,19.61,19.64,17700,7.40
2005-08-23,20.05,20.09,19.81,19.97,24900,7.52
2005-08-22,19.85,20.05,19.85,20.04,14800,7.55
2005-08-19,19.80,19.80,19.65,19.65,13900,7.40
2005-08-18,19.90,19.90,19.73,19.80,22800,7.46
2005-08-17,19.91,20.06,19.91,19.99,17400,7.53
2005-08-16,20.24,20.24,19.99,20.00,33700,7.54
2005-08-15,20.19,20.20,20.03,20.18,40000,7.60
2005-08-12,20.35,20.35,20.05,20.12,39400,7.58
2005-08-11,20.35,20.44,20.25,20.35,14800,7.67
2005-08-10,20.11,20.45,20.06,20.17,42300,7.60
2005-08-09,20.00,20.09,19.91,20.00,19000,7.54
2005-08-08,19.90,19.98,19.75,19.90,11100,7.50
2005-08-05,19.76,19.91,19.59,19.90,12800,7.50
2005-08-04,19.95,19.95,19.86,19.86,27600,7.48
2005-08-03,19.90,20.00,19.90,19.91,21500,7.50
2005-08-02,19.70,19.98,19.70,19.90,24000,7.50
2005-08-01,19.67,19.67,19.52,19.60,22700,7.38
2005-07-29,19.53,19.69,19.52,19.65,19900,7.40
2005-07-28,19.51,19.70,19.51,19.62,15800,7.39
2005-07-27,19.40,19.50,19.34,19.50,12600,7.35
2005-07-26,19.55,19.57,19.26,19.44,12900,7.32
2005-07-25,19.60,19.69,19.50,19.52,9500,7.35
2005-07-22,19.47,19.80,19.36,19.50,24700,7.35
2005-07-21,19.25,19.41,19.24,19.36,38700,7.29
2005-07-20,19.24,19.44,19.24,19.31,9600,7.28
2005-07-19,19.13,19.19,19.02,19.19,8100,7.23
2005-07-18,18.95,19.10,18.89,19.01,6900,7.16
2005-07-15,19.29,19.30,19.10,19.10,16900,7.20
2005-07-14,19.29,19.40,19.25,19.25,9700,7.25
2005-07-13,19.20,19.20,19.05,19.20,14400,7.23
2005-07-12,18.59,19.01,18.59,18.95,13800,7.14
2005-07-11,18.36,18.73,18.36,18.61,14400,7.01
2005-07-08,18.19,18.44,18.13,18.33,8000,6.91
2005-07-07,18.19,18.23,17.93,18.23,20900,6.87
2005-07-06,18.34,18.35,18.21,18.24,4900,6.87
2005-07-05,18.34,18.34,18.12,18.30,5800,6.89
2005-07-01,18.25,18.34,18.16,18.34,10900,6.91
2005-06-30,18.05,18.34,18.05,18.15,7600,6.84
2005-06-29,18.17,18.28,18.00,18.28,15200,6.89
2005-06-28,18.02,18.15,18.02,18.15,7900,6.84
2005-06-27,18.10,18.10,17.91,17.96,11200,6.77
2005-06-24,18.21,18.42,18.05,18.11,18300,6.82
2005-06-23,18.47,18.65,18.26,18.26,30500,6.88
2005-06-22,18.36,18.48,18.30,18.30,8300,6.89
2005-06-21,18.44,18.44,18.25,18.36,16800,6.92
2005-06-20,18.31,18.47,18.24,18.44,25300,6.95
2005-06-17,18.18,18.40,18.18,18.38,16100,6.93
2005-06-16,18.19,18.30,18.10,18.24,24600,6.87
2005-06-15,18.10,18.20,17.95,18.08,17400,6.81
2005-06-14,17.85,18.10,17.83,18.10,16600,6.82
2005-06-13,17.85,17.93,17.76,17.90,19900,6.74
2005-06-10,17.96,17.99,17.89,17.89,13600,6.74
2005-06-09,17.94,17.96,17.84,17.86,6400,6.73
2005-06-08,17.83,17.99,17.82,17.87,18400,6.73
2005-06-07,17.81,17.99,17.75,17.85,17800,6.73
2005-06-06,17.82,17.95,17.76,17.77,9900,6.70
2005-06-03,17.85,17.95,17.85,17.92,41000,6.75
2005-06-02,17.68,17.87,17.62,17.83,25100,6.72
2005-06-01,17.25,17.68,17.25,17.68,41500,6.66
2005-05-31,17.45,17.51,17.40,17.40,24700,6.56
2005-05-27,17.36,17.46,17.32,17.45,24700,6.57
2005-05-26,17.02,17.25,16.96,17.23,17000,6.49
2005-05-25,17.10,17.15,17.00,17.00,38400,6.41
2005-05-24,17.23,17.25,17.12,17.15,13700,6.46
2005-05-23,17.22,17.28,17.05,17.26,17400,6.50
2005-05-20,17.20,17.20,17.03,17.18,35400,6.47
2005-05-19,17.27,17.45,17.27,17.33,14100,6.53
2005-05-18,17.06,17.25,17.06,17.25,48100,6.50
2005-05-17,16.99,17.00,16.82,16.92,47700,6.38
2005-05-16,17.00,17.20,16.92,16.99,13200,6.40
2005-05-13,16.95,17.00,16.91,16.94,35700,6.38
2005-05-12,17.17,17.23,17.07,17.07,29000,6.43
2005-05-11,17.35,17.35,17.14,17.25,15500,6.50
2005-05-10,17.60,17.66,17.15,17.36,15900,6.54
2005-05-09,17.70,17.80,17.56,17.70,15900,6.67
2005-05-06,17.65,17.76,17.51,17.61,15200,6.63
2005-05-05,17.62,17.66,17.51,17.52,8900,6.60
2005-05-04,17.15,17.59,17.03,17.59,20100,6.63
2005-05-03,17.00,17.18,16.93,17.14,13600,6.46
2005-05-02,16.95,17.19,16.93,17.07,12200,6.43
2005-04-29,16.90,17.10,16.80,17.10,20800,6.44
2005-04-28,17.29,17.29,17.10,17.20,18400,6.48
2005-04-27,17.33,17.33,17.19,17.30,24200,6.52
2005-04-26,17.28,17.34,17.17,17.17,15600,6.47
2005-04-25,16.80,17.20,16.78,17.19,23600,6.48
2005-04-22,17.14,17.20,16.84,16.90,30800,6.37
2005-04-21,16.93,17.23,16.93,17.09,47600,6.44
2005-04-20,16.90,16.98,16.90,16.91,32500,6.37
2005-04-19,16.51,16.96,16.51,16.85,35100,6.35
2005-04-18,16.30,16.60,16.28,16.50,55400,6.22
2005-04-15,17.30,17.30,16.62,16.62,23900,6.26
2005-04-14,17.72,17.77,17.40,17.40,7200,6.56
2005-04-13,17.80,17.93,17.69,17.72,7900,6.68
2005-04-12,17.60,17.89,17.50,17.89,16300,6.74
2005-04-11,17.79,17.90,17.65,17.75,36300,6.69
2005-04-08,17.86,17.92,17.71,17.76,25200,6.69
2005-04-07,17.80,17.80,17.60,17.76,13100,6.69
2005-04-06,17.41,17.80,17.41,17.72,42000,6.68
2005-04-05,17.46,17.60,17.32,17.38,17000,6.55
2005-04-04,17.56,17.57,17.26,17.45,26600,6.57
2005-04-01,17.53,17.67,17.47,17.59,28500,6.63
2005-03-31,17.22,17.33,17.21,17.33,47800,6.53
2005-03-30,16.85,17.02,16.79,17.00,72700,6.41
2005-03-29,17.28,17.28,16.88,16.88,54900,6.36
2005-03-28,17.50,17.64,17.31,17.47,37000,6.58
2005-03-24,17.17,17.45,17.17,17.40,24300,6.56
2005-03-23,17.75,17.75,17.16,17.19,42500,6.48
2005-03-22,17.70,17.86,17.65,17.86,52800,6.73
2005-03-21,17.90,18.03,17.81,17.85,65700,6.73
2005-03-18,17.88,17.90,17.75,17.79,28800,6.70
2005-03-17,17.55,17.90,17.43,17.80,57700,6.71
2005-03-16,17.85,18.09,17.43,17.49,97000,6.59
2005-03-15,18.70,18.74,18.06,18.11,84400,6.82
2005-03-14,19.06,19.09,18.62,18.85,60200,7.10
2005-03-11,19.30,19.34,19.06,19.11,45700,7.20
2005-03-10,19.72,19.80,19.10,19.18,52900,7.23
2005-03-09,19.94,20.07,19.81,19.86,32000,7.48
2005-03-08,20.12,20.14,19.94,19.94,15800,7.51
2005-03-07,19.90,20.12,19.85,20.12,21900,7.58
2005-03-04,19.94,19.97,19.78,19.93,42100,7.51
2005-03-03,20.05,20.18,19.75,19.94,46300,7.51
2005-03-02,20.10,20.14,19.90,19.90,38800,7.50
2005-03-01,20.07,20.27,19.85,20.24,32200,7.63
2005-02-28,19.99,20.10,19.90,19.97,40300,7.52
2005-02-25,19.99,20.00,19.83,19.93,45800,7.51
2005-02-24,19.80,19.99,19.63,19.90,26300,7.50
2005-02-23,19.64,19.75,19.51,19.75,61000,7.44
2005-02-22,19.65,19.86,19.51,19.51,48100,7.35
2005-02-18,19.70,19.75,19.56,19.65,44600,7.40
2005-02-17,19.50,19.73,19.50,19.61,60600,7.39
2005-02-16,19.37,19.55,19.29,19.55,20000,7.37
2005-02-15,19.12,19.39,19.01,19.39,41800,7.31
2005-02-14,19.15,19.29,19.15,19.25,45500,7.25
2005-02-11,19.12,19.40,18.87,19.00,102400,7.16
2005-02-10,19.19,19.85,19.15,19.32,142800,7.28
2005-02-09,19.04,19.29,19.00,19.29,83100,7.27
2005-02-08,18.76,19.12,18.66,19.05,67800,7.18
2005-02-07,18.53,18.66,18.51,18.66,17200,7.03
2005-02-04,18.21,18.54,18.21,18.41,20200,6.94
2005-02-03,18.48,18.54,18.32,18.32,34700,6.90
2005-02-02,18.42,18.49,18.41,18.48,16100,6.96
2005-02-01,18.40,18.49,18.39,18.44,18100,6.95
2005-01-31,18.23,18.49,18.22,18.43,40100,6.94
2005-01-28,18.46,18.48,18.35,18.36,62100,6.92
2005-01-27,18.22,18.25,17.75,18.24,38200,6.87
2005-01-26,18.05,18.17,18.05,18.13,47800,6.83
2005-01-25,17.42,18.06,17.34,18.06,48300,6.80
2005-01-24,17.65,17.68,17.19,17.34,23400,6.53
2005-01-21,17.60,17.85,17.36,17.40,44700,6.56
2005-01-20,17.52,17.52,17.32,17.35,13700,6.54
2005-01-19,18.05,18.16,17.66,17.66,31000,6.65
2005-01-18,17.45,18.18,17.36,18.12,129000,6.83
2005-01-14,17.45,17.55,17.27,17.27,16600,6.51
2005-01-13,17.45,17.53,17.45,17.48,56500,6.59
2005-01-12,17.35,17.45,17.01,17.42,30400,6.56
2005-01-11,17.46,17.47,17.10,17.25,29700,6.50
2005-01-10,17.00,17.45,17.00,17.40,59200,6.56
2005-01-07,17.45,17.46,17.19,17.21,18200,6.48
2005-01-06,16.93,17.48,16.79,17.30,32000,6.52
2005-01-05,16.75,17.15,16.70,16.75,65300,6.31
2005-01-04,17.80,17.85,17.15,17.16,28800,6.47
2005-01-03,17.82,17.87,17.52,17.79,45700,6.70
2004-12-31,17.65,17.70,17.30,17.57,44500,6.62
2004-12-30,17.48,17.64,17.42,17.45,10800,6.57
2004-12-29,17.50,17.56,17.23,17.40,20500,6.56
2004-12-28,17.48,17.67,17.35,17.40,36900,6.56
2004-12-27,17.10,17.38,17.10,17.20,16500,6.48
2004-12-23,17.16,17.29,17.06,17.23,18100,6.49
2004-12-22,17.30,17.30,17.14,17.16,16500,6.47
2004-12-21,16.88,17.30,16.88,17.29,48900,6.51
2004-12-20,16.87,16.89,16.82,16.83,35800,6.32
2004-12-17,16.78,16.88,16.78,16.86,40900,6.33
2004-12-16,16.58,16.80,16.55,16.80,145100,6.30
2004-12-15,16.85,16.86,16.52,16.58,69500,6.22
2004-12-14,17.06,17.12,16.57,16.82,79700,6.31
2004-12-13,16.91,17.08,16.32,17.08,40600,6.41
2004-12-10,16.92,17.17,16.86,17.00,29400,6.38
2004-12-09,16.80,17.09,16.22,17.00,63700,6.38
2004-12-08,17.26,17.27,17.02,17.09,21700,6.41
2004-12-07,17.84,17.84,17.40,17.60,81400,6.60
2004-12-06,17.85,17.87,17.71,17.87,48000,6.71
2004-12-03,17.69,17.85,17.65,17.84,32900,6.69
2004-12-02,17.84,17.85,17.64,17.83,32500,6.69
2004-12-01,17.45,17.79,17.40,17.79,52500,6.68
2004-11-30,17.28,17.51,17.26,17.48,40300,6.56
2004-11-29,17.05,17.15,16.95,17.15,10300,6.44
2004-11-26,17.09,17.14,16.94,17.14,8700,6.43
2004-11-24,17.10,17.10,16.95,17.02,13800,6.39
2004-11-23,17.00,17.15,16.90,17.00,17600,6.38
2004-11-22,16.85,16.96,16.73,16.96,16800,6.36
2004-11-19,17.08,17.10,17.02,17.05,28500,6.40
2004-11-18,17.15,17.21,16.90,17.17,16600,6.44
2004-11-17,16.84,17.10,16.84,17.09,25100,6.41
2004-11-16,16.55,16.85,16.45,16.83,50400,6.32
2004-11-15,16.49,16.77,16.49,16.75,19400,6.29
2004-11-12,16.28,16.60,16.28,16.57,19900,6.22
2004-11-11,16.35,16.45,16.20,16.28,15400,6.11
2004-11-10,15.78,16.28,15.78,16.28,25800,6.11
2004-11-09,15.63,15.97,15.62,15.93,33700,5.98
2004-11-08,16.49,16.53,15.80,15.93,101000,5.98
2004-11-05,16.47,16.60,16.47,16.60,30800,6.23
2004-11-04,16.40,16.43,16.01,16.42,44600,6.16
2004-11-03,15.89,16.40,15.89,16.39,14600,6.15
2004-11-02,15.34,15.95,15.33,15.75,31700,5.91
2004-11-01,15.30,15.34,15.20,15.31,6700,5.75
2004-10-29,15.20,15.37,15.20,15.20,9700,5.70
2004-10-28,15.38,15.38,15.33,15.36,4200,5.76
2004-10-27,14.93,15.29,14.90,15.28,19400,5.73
2004-10-26,14.78,14.97,14.75,14.93,27200,5.60
2004-10-25,14.95,14.95,14.68,14.71,27700,5.52
2004-10-22,15.15,15.19,15.00,15.00,16700,5.63
2004-10-21,15.14,15.15,14.98,15.14,21400,5.68
2004-10-20,15.10,15.15,15.00,15.14,23800,5.68
2004-10-19,15.18,15.31,15.18,15.25,7200,5.72
2004-10-18,15.22,15.28,15.05,15.13,23200,5.68
2004-10-15,15.08,15.25,15.05,15.22,13700,5.71
2004-10-14,15.21,15.38,15.03,15.03,21100,5.64
2004-10-13,15.74,15.74,15.30,15.30,27900,5.74
2004-10-12,16.11,16.11,15.77,15.84,33600,5.94
2004-10-11,16.08,16.24,15.80,16.22,20500,6.09
2004-10-08,16.00,16.12,15.93,16.06,13300,6.03
2004-10-07,16.13,16.17,15.91,16.08,22000,6.03
2004-10-06,15.88,16.11,15.88,16.10,11200,6.04
2004-10-05,15.78,16.00,15.70,15.97,17500,5.99
2004-10-04,15.75,15.75,15.44,15.71,33300,5.90
2004-10-01,15.56,15.64,15.53,15.64,21600,5.87
2004-09-30,15.56,15.56,15.36,15.48,25200,5.81
2004-09-29,15.45,15.50,15.41,15.42,28500,5.79
2004-09-28,15.20,15.43,15.18,15.41,31800,5.78
2004-09-27,15.27,15.27,15.08,15.22,36200,5.71
2004-09-24,15.30,15.46,15.20,15.27,12400,5.73
2004-09-23,15.20,15.35,15.15,15.34,44500,5.76
2004-09-22,15.43,15.49,15.19,15.38,26100,5.77
2004-09-21,15.30,15.43,15.26,15.43,21100,5.79
2004-09-20,15.30,15.35,15.22,15.30,23200,5.74
2004-09-17,15.02,15.15,15.02,15.14,34400,5.68
2004-09-16,14.71,15.06,14.68,15.06,20600,5.65
2004-09-15,14.60,14.90,14.56,14.80,30200,5.55
2004-09-14,14.89,14.89,14.70,14.70,22900,5.52
2004-09-13,14.75,14.90,14.75,14.89,24700,5.59
2004-09-10,14.41,14.75,14.35,14.74,37300,5.53
2004-09-09,14.54,14.64,14.49,14.51,16900,5.44
2004-09-08,14.60,14.70,14.58,14.64,16700,5.49
2004-09-07,14.82,14.89,14.67,14.68,22100,5.51
2004-09-03,14.50,14.73,14.50,14.72,22500,5.52
2004-09-02,14.50,14.59,14.45,14.58,19200,5.47
2004-09-01,14.24,14.50,14.24,14.50,11700,5.44
2004-08-31,14.42,14.42,14.30,14.35,24500,5.38
2004-08-30,14.30,14.47,14.22,14.32,23300,5.37
2004-08-27,14.49,14.50,14.23,14.38,34300,5.40
2004-08-26,14.16,14.48,14.16,14.29,102600,5.36
2004-08-25,13.78,14.06,13.72,14.03,118800,5.26
2004-08-24,13.53,13.55,13.34,13.34,12700,5.01
2004-08-23,13.54,13.54,13.40,13.44,10300,5.04
2004-08-20,13.30,13.57,13.30,13.45,22000,5.05
2004-08-19,13.23,13.35,13.05,13.30,25000,4.99
2004-08-18,13.00,13.21,12.92,13.20,14700,4.95
2004-08-17,12.98,13.09,12.85,13.07,15700,4.90
2004-08-16,12.77,12.93,12.74,12.93,1400,4.85
2004-08-13,12.85,12.98,12.75,12.75,14300,4.78
2004-08-12,12.80,12.91,12.75,12.75,16100,4.78
2004-08-11,12.74,12.92,12.72,12.88,11200,4.83
2004-08-10,12.67,12.92,12.67,12.91,16900,4.84
2004-08-09,12.62,12.71,12.62,12.70,10100,4.77
2004-08-06,12.63,12.75,12.47,12.47,37100,4.68
2004-08-05,12.82,12.90,12.82,12.82,6000,4.81
2004-08-04,12.64,12.85,12.62,12.83,9600,4.81
2004-08-03,12.84,12.92,12.68,12.70,26600,4.77
2004-08-02,12.80,12.97,12.73,12.82,16300,4.81
2004-07-30,12.95,13.00,12.80,12.80,13200,4.80
2004-07-29,12.82,12.91,12.80,12.87,10400,4.83
2004-07-28,12.66,12.92,12.66,12.92,17500,4.85
2004-07-27,12.70,12.82,12.70,12.74,17700,4.78
2004-07-26,12.75,12.85,12.65,12.74,13800,4.78
2004-07-23,12.95,13.05,12.75,12.75,30700,4.78
2004-07-22,12.90,13.03,12.84,12.90,22000,4.84
2004-07-21,13.32,13.32,12.95,12.96,16000,4.86
2004-07-20,13.24,13.24,13.08,13.22,13700,4.96
2004-07-19,13.25,13.35,13.15,13.25,20100,4.97
2004-07-16,13.40,13.47,13.28,13.30,17200,4.99
2004-07-15,13.44,13.44,13.35,13.35,6000,5.01
2004-07-14,13.40,13.48,13.33,13.37,6700,5.02
2004-07-13,13.42,13.47,13.42,13.46,10900,5.05
2004-07-12,13.47,13.47,13.42,13.46,6000,5.05
2004-07-09,13.36,13.48,13.36,13.46,13800,5.05
2004-07-08,13.40,13.50,13.35,13.36,19300,5.01
2004-07-07,13.17,13.55,13.17,13.40,21200,5.03
2004-07-06,13.18,13.20,13.02,13.12,9600,4.92
2004-07-02,13.17,13.19,13.10,13.10,7600,4.92
2004-07-01,13.25,13.28,13.04,13.17,11600,4.94
2004-06-30,13.22,13.25,13.12,13.23,15700,4.96
2004-06-29,13.24,13.42,13.15,13.29,33000,4.99
2004-06-28,13.04,13.20,13.04,13.20,23300,4.95
2004-06-25,13.08,13.24,13.05,13.05,8100,4.89
2004-06-24,13.02,13.38,13.02,13.05,18500,4.89
2004-06-23,13.00,13.00,12.87,12.95,24000,4.85
2004-06-22,13.00,13.00,12.90,13.00,20700,4.87
2004-06-21,13.17,13.17,13.07,13.09,15800,4.90
2004-06-18,13.26,13.27,13.08,13.18,6000,4.94
2004-06-17,13.21,13.32,13.15,13.27,11700,4.97
2004-06-16,13.40,13.50,13.10,13.21,18900,4.95
2004-06-15,13.31,13.50,13.25,13.45,9600,5.04
2004-06-14,13.10,13.31,13.10,13.28,36600,4.97
2004-06-10,13.28,13.35,13.22,13.32,5500,4.99
2004-06-09,13.48,13.48,13.23,13.23,21800,4.96
2004-06-08,13.32,13.47,13.31,13.46,13100,5.04
2004-06-07,13.37,13.50,13.28,13.48,26400,5.05
2004-06-04,12.92,13.24,12.87,13.24,22800,4.96
2004-06-03,12.75,12.98,12.75,12.76,33300,4.78
2004-06-02,13.05,13.12,13.00,13.12,11300,4.91
2004-06-01,13.29,13.37,12.95,13.10,27300,4.91
2004-05-28,13.45,13.45,13.34,13.39,25900,5.02
2004-05-27,13.24,13.50,13.23,13.40,9800,5.02
2004-05-26,13.29,13.49,13.28,13.34,12700,5.00
2004-05-25,13.45,13.45,13.32,13.39,27700,5.02
2004-05-24,13.05,13.55,13.05,13.36,49300,5.00
2004-05-21,12.81,13.05,12.80,12.95,15200,4.85
2004-05-20,12.65,12.95,12.64,12.80,24000,4.79
2004-05-19,12.54,12.85,12.54,12.75,56400,4.78
2004-05-18,11.93,12.18,11.93,12.14,22800,4.55
2004-05-17,12.00,12.09,11.80,11.85,44100,4.44
2004-05-14,12.52,12.53,12.36,12.41,37100,4.65
2004-05-13,12.48,12.58,12.43,12.52,31200,4.69
2004-05-12,12.65,12.71,12.48,12.58,37900,4.71
2004-05-11,12.43,12.63,12.30,12.63,28900,4.73
2004-05-10,12.00,12.30,11.95,12.00,73900,4.50
2004-05-07,13.18,13.23,12.79,12.80,61700,4.79
2004-05-06,13.40,13.40,12.90,13.28,77000,4.97
2004-05-05,13.68,13.69,13.52,13.60,11600,5.09
2004-05-04,13.23,13.77,13.18,13.77,49200,5.16
2004-05-03,13.11,13.39,13.10,13.23,29400,4.96
2004-04-30,13.49,13.50,13.07,13.29,111600,4.98
2004-04-29,13.90,13.99,13.61,13.63,120200,5.11
2004-04-28,15.00,15.00,14.30,14.38,69700,5.39
2004-04-27,15.15,15.25,15.12,15.20,21500,5.69
2004-04-26,15.71,15.71,15.15,15.19,28600,5.69
2004-04-23,15.65,15.70,15.58,15.70,12600,5.88
2004-04-22,15.46,15.69,15.40,15.66,26800,5.87
2004-04-21,16.40,16.50,15.25,15.59,48300,5.84
2004-04-20,16.35,16.35,16.07,16.27,21200,6.09
2004-04-19,16.70,16.81,16.27,16.40,52700,6.14
2004-04-16,16.41,16.85,16.30,16.83,210300,6.30
2004-04-15,16.00,16.45,16.00,16.43,157300,6.15
2004-04-14,15.75,16.20,15.50,16.01,63800,6.00
2004-04-13,16.35,16.47,15.51,15.81,57200,5.92
2004-04-12,16.09,16.35,16.00,16.19,24400,6.06
2004-04-08,15.95,16.00,15.82,15.98,16500,5.99
2004-04-07,15.87,16.00,15.65,15.90,39200,5.96
2004-04-06,15.95,16.00,15.87,15.92,23000,5.96
2004-04-05,15.99,16.15,15.74,16.15,94100,6.05
2004-04-02,15.88,15.98,15.70,15.93,23200,5.97
2004-04-01,15.70,15.83,15.69,15.83,17100,5.93
2004-03-31,15.55,15.70,15.52,15.67,23900,5.87
2004-03-30,15.65,15.70,15.50,15.60,27300,5.84
2004-03-29,15.20,15.59,15.20,15.40,27500,5.77
2004-03-26,15.05,15.24,15.05,15.20,25400,5.69
2004-03-25,14.75,15.12,14.75,15.05,20600,5.64
2004-03-24,14.76,14.89,14.73,14.80,6200,5.54
2004-03-23,14.66,14.80,14.66,14.76,15800,5.53
2004-03-22,14.70,14.75,14.63,14.64,28700,5.48
2004-03-19,15.00,15.06,14.86,14.99,9400,5.62
2004-03-18,14.77,14.98,14.77,14.98,34800,5.61
2004-03-17,14.65,14.82,14.61,14.76,43500,5.53
2004-03-16,14.35,14.52,14.35,14.45,52300,5.41
2004-03-15,14.49,14.73,14.25,14.32,47300,5.36
2004-03-12,14.40,14.63,14.40,14.59,36700,5.47
2004-03-11,14.30,14.53,13.90,14.38,174700,5.39
2004-03-10,15.20,15.29,14.91,14.98,34600,5.61
2004-03-09,15.60,15.60,15.17,15.34,28200,5.75
2004-03-08,15.65,15.78,15.57,15.58,32300,5.84
2004-03-05,15.58,15.78,15.49,15.50,23300,5.81
2004-03-04,15.45,15.65,15.45,15.59,16900,5.84
2004-03-03,15.70,15.80,15.44,15.55,25200,5.82
2004-03-02,16.00,16.00,15.74,15.79,36500,5.91
2004-03-01,15.80,15.99,15.80,15.83,23900,5.93
2004-02-27,15.52,15.80,15.51,15.72,17100,5.89
2004-02-26,15.00,15.58,15.00,15.49,33600,5.80
2004-02-25,14.85,15.55,14.85,15.45,32100,5.79
2004-02-24,15.10,15.10,14.66,14.95,37300,5.60
2004-02-23,15.35,15.61,15.20,15.33,18100,5.74
2004-02-20,15.79,15.79,15.30,15.40,36200,5.77
2004-02-19,15.73,15.98,15.68,15.79,27200,5.91
2004-02-18,15.80,15.80,15.65,15.76,39800,5.90
2004-02-17,15.52,16.03,15.52,15.75,62000,5.90
2004-02-13,15.65,15.85,15.60,15.65,57500,5.86
2004-02-12,15.45,15.65,15.45,15.62,24200,5.85
2004-02-11,15.25,15.45,15.14,15.44,60400,5.78
2004-02-10,15.39,15.40,15.17,15.29,26100,5.73
2004-02-09,15.45,15.55,15.27,15.40,52900,5.77
2004-02-06,14.31,14.85,14.27,14.85,41900,5.56
2004-02-05,14.37,14.39,14.06,14.19,36600,5.32
2004-02-04,14.25,14.41,14.20,14.34,33100,5.37
2004-02-03,14.50,14.65,14.40,14.60,26800,5.47
2004-02-02,14.89,14.89,14.51,14.70,23300,5.51
2004-01-30,14.34,15.00,14.17,14.90,45700,5.58
2004-01-29,14.85,14.85,13.94,14.34,85000,5.37
2004-01-28,15.51,15.71,14.82,14.82,66000,5.55
2004-01-27,15.85,15.87,15.51,15.61,39900,5.85
2004-01-26,15.63,15.70,15.51,15.67,26400,5.87
2004-01-23,15.65,15.95,15.32,15.70,146500,5.88
2004-01-22,15.67,15.80,15.60,15.60,66800,5.84
2004-01-21,15.40,15.73,15.40,15.68,34400,5.87
2004-01-20,15.08,15.39,15.08,15.32,47400,5.74
2004-01-16,15.48,15.49,15.01,15.23,46300,5.71
2004-01-15,15.58,15.58,15.35,15.45,36700,5.79
2004-01-14,15.51,15.77,15.43,15.72,104500,5.89
2004-01-13,15.82,15.82,15.65,15.66,33500,5.87
2004-01-12,15.72,15.88,15.61,15.75,89100,5.90
2004-01-09,15.60,15.60,15.52,15.60,69900,5.84
2004-01-08,15.67,15.76,15.52,15.60,58900,5.84
2004-01-07,15.63,15.63,15.50,15.57,62600,5.83
2004-01-06,15.71,15.73,15.52,15.69,168700,5.88
2004-01-05,15.29,15.40,15.28,15.40,112700,5.77
2004-01-02,14.81,15.15,14.81,15.04,62800,5.63
2003-12-31,14.60,14.97,14.54,14.71,38000,5.51
2003-12-30,14.48,14.84,14.47,14.70,53400,5.51
2003-12-29,14.35,14.64,14.35,14.52,31700,5.44
2003-12-26,14.58,14.58,14.30,14.35,17400,5.38
2003-12-24,13.95,14.58,13.95,14.58,33600,5.46
2003-12-23,13.91,13.98,13.72,13.98,32200,5.24
2003-12-22,13.66,13.88,13.66,13.81,13100,5.17
2003-12-19,13.85,14.10,13.74,13.82,35200,5.11
2003-12-18,13.66,13.85,13.59,13.85,29500,5.13
2003-12-17,13.68,13.70,13.50,13.58,23700,5.03
2003-12-16,13.75,13.85,13.52,13.78,30800,5.10
2003-12-15,13.75,13.99,13.75,13.76,22000,5.09
2003-12-12,13.43,13.69,13.43,13.69,21700,5.07
2003-12-11,13.28,13.47,13.19,13.36,46700,4.94
2003-12-10,13.60,13.65,13.25,13.26,9700,4.91
2003-12-09,13.60,13.75,13.50,13.50,56200,5.00
2003-12-08,13.39,13.46,13.31,13.46,40300,4.98
2003-12-05,13.54,13.60,13.40,13.42,14600,4.97
2003-12-04,13.58,13.67,13.44,13.60,12900,5.03
2003-12-03,13.49,13.65,13.42,13.49,25900,4.99
2003-12-02,13.40,13.52,13.20,13.42,27500,4.97
2003-12-01,13.08,13.55,13.05,13.40,63200,4.96
2003-11-28,13.00,13.00,12.94,12.98,7000,4.80
2003-11-26,12.82,12.94,12.76,12.90,18700,4.77
2003-11-25,12.84,12.85,12.71,12.72,20900,4.71
2003-11-24,12.46,12.84,12.37,12.74,20600,4.71
2003-11-21,12.41,12.63,12.35,12.52,16900,4.63
2003-11-20,12.36,12.46,12.30,12.31,35600,4.56
2003-11-19,12.23,12.50,12.11,12.46,78700,4.61
2003-11-18,13.00,13.00,12.46,12.48,34600,4.62
2003-11-17,12.93,12.93,12.00,12.60,49300,4.66
2003-11-14,13.15,13.20,13.05,13.07,35900,4.84
2003-11-13,13.02,13.18,12.98,13.10,16700,4.85
2003-11-12,12.77,13.05,12.77,13.04,52500,4.83
2003-11-11,13.55,13.65,12.60,12.75,71600,4.72
2003-11-10,13.85,13.97,13.62,13.65,32800,5.05
2003-11-07,13.63,13.84,13.50,13.80,23100,5.11
2003-11-06,13.49,13.61,13.40,13.56,20900,5.02
2003-11-05,13.48,13.72,13.42,13.63,24100,5.04
2003-11-04,13.61,13.77,13.54,13.58,39300,5.03
2003-11-03,13.94,13.97,13.75,13.76,52600,5.09
2003-10-31,13.75,13.78,13.74,13.75,42400,5.09
2003-10-30,13.48,14.04,13.48,13.76,120800,5.09
2003-10-29,13.27,13.44,13.27,13.44,31100,4.97
2003-10-28,12.87,13.20,12.82,13.20,38900,4.89
2003-10-27,13.02,13.04,12.81,12.81,21200,4.74
2003-10-24,12.94,13.01,12.77,12.81,25200,4.74
2003-10-23,12.70,13.02,12.67,13.02,27700,4.82
2003-10-22,12.91,13.00,12.80,12.80,25300,4.74
2003-10-21,12.96,13.01,12.75,12.98,59000,4.80
2003-10-20,13.34,13.40,12.55,12.96,88000,4.80
2003-10-17,13.20,13.25,13.11,13.25,41500,4.90
2003-10-16,13.28,13.32,13.00,13.15,25100,4.87
2003-10-15,13.55,13.55,13.18,13.33,38100,4.93
2003-10-14,13.24,13.53,13.11,13.45,54800,4.98
2003-10-13,12.80,13.39,12.80,13.28,51300,4.91
2003-10-10,12.70,12.84,12.60,12.77,47400,4.73
2003-10-09,12.32,12.69,12.32,12.69,71900,4.70
2003-10-08,12.73,12.80,12.22,12.22,66400,4.52
2003-10-07,12.56,12.89,12.52,12.63,86100,4.67
2003-10-06,12.10,12.39,12.00,12.36,44700,4.57
2003-10-03,11.87,12.07,11.87,12.05,23200,4.46
2003-10-02,11.60,11.76,11.60,11.75,20200,4.35
2003-10-01,11.40,11.54,11.35,11.53,23700,4.27
2003-09-30,11.39,11.39,11.28,11.28,18300,4.17
2003-09-29,11.42,11.47,11.28,11.44,20400,4.23
2003-09-26,11.40,11.47,11.31,11.39,9500,4.22
2003-09-25,11.39,11.53,11.39,11.49,208900,4.25
2003-09-24,11.48,11.60,11.40,11.43,53700,4.23
2003-09-23,11.69,11.69,11.40,11.43,62000,4.23
2003-09-22,11.39,11.59,11.25,11.59,47900,4.29
2003-09-19,11.95,11.95,11.42,11.64,84300,4.31
2003-09-18,12.05,12.08,11.95,11.97,29700,4.43
2003-09-17,12.09,12.10,11.98,12.03,12000,4.45
2003-09-16,12.00,12.10,12.00,12.10,11400,4.48
2003-09-15,11.95,12.05,11.85,12.03,10800,4.45
2003-09-12,12.05,12.05,11.95,12.00,13800,4.44
2003-09-11,11.75,11.95,11.66,11.95,15200,4.42
2003-09-10,11.89,11.89,11.75,11.79,23200,4.36
2003-09-09,11.90,12.09,11.87,11.99,23300,4.44
2003-09-08,11.88,12.07,11.88,11.90,18900,4.40
2003-09-05,11.88,12.00,11.73,11.87,27800,4.39
2003-09-04,11.93,12.00,11.77,11.98,28600,4.43
2003-09-03,12.10,12.16,11.80,11.87,39100,4.39
2003-09-02,11.97,12.00,11.65,12.00,65200,4.44
2003-08-29,11.90,11.95,11.90,11.90,35500,4.40
2003-08-28,11.67,11.85,11.66,11.81,21000,4.37
2003-08-27,11.55,11.87,11.41,11.72,33600,4.34
2003-08-26,11.53,11.60,11.42,11.48,18700,4.25
2003-08-25,11.74,11.74,11.52,11.53,20200,4.27
2003-08-22,11.72,11.77,11.70,11.73,10400,4.34
2003-08-21,11.66,11.66,11.57,11.66,26000,4.32
2003-08-20,11.45,11.70,11.30,11.70,59000,4.33
2003-08-19,11.20,11.40,11.20,11.40,10800,4.22
2003-08-18,10.91,11.20,10.91,11.15,10200,4.13
2003-08-15,10.73,10.86,10.73,10.86,5800,4.02
2003-08-14,10.70,10.83,10.70,10.77,36800,3.99
2003-08-13,10.64,10.83,10.60,10.60,21400,3.92
2003-08-12,10.58,10.65,10.52,10.57,31100,3.91
2003-08-11,10.78,10.78,10.63,10.63,15500,3.93
2003-08-08,10.67,10.83,10.67,10.68,15400,3.95
2003-08-07,10.73,10.80,10.67,10.68,14100,3.95
2003-08-06,10.76,10.94,10.43,10.75,67300,3.98
2003-08-05,10.78,10.89,10.74,10.74,9000,3.97
2003-08-04,10.83,10.95,10.72,10.75,12100,3.98
2003-08-01,10.85,11.00,10.85,10.90,22700,4.03
2003-07-31,10.75,10.80,10.75,10.76,5100,3.98
2003-07-30,10.84,10.89,10.60,10.75,16000,3.98
2003-07-29,11.14,11.14,10.81,10.92,12700,4.04
2003-07-28,11.01,11.20,10.92,11.16,46200,4.13
2003-07-25,10.60,10.84,10.60,10.79,9700,3.99
2003-07-24,10.48,10.73,10.48,10.63,16700,3.93
2003-07-23,10.40,10.50,10.28,10.45,24700,3.87
2003-07-22,10.27,10.30,10.27,10.30,3000,3.81
2003-07-21,10.26,10.35,10.20,10.25,27400,3.79
2003-07-18,10.29,10.35,10.20,10.31,150900,3.82
2003-07-17,10.39,10.43,10.30,10.31,12300,3.82
2003-07-16,10.73,10.73,10.45,10.46,16400,3.87
2003-07-15,10.67,10.74,10.62,10.64,24000,3.94
2003-07-14,10.40,10.56,10.32,10.52,21000,3.89
2003-07-11,10.21,10.31,10.20,10.25,18700,3.79
2003-07-10,10.31,10.31,10.20,10.20,16900,3.77
2003-07-09,10.26,10.38,10.22,10.35,38500,3.83
2003-07-08,10.41,10.41,10.25,10.29,35400,3.81
2003-07-07,10.25,10.40,10.20,10.35,37400,3.83
2003-07-03,10.16,10.17,10.02,10.05,12000,3.72
2003-07-02,9.98,10.19,9.98,10.15,14500,3.76
2003-07-01,9.77,9.97,9.77,9.94,23700,3.68
2003-06-30,9.92,9.98,9.70,9.75,48100,3.61
2003-06-27,9.96,10.00,9.96,9.97,7000,3.69
2003-06-26,9.94,10.04,9.85,9.90,14400,3.66
2003-06-25,9.98,10.03,9.98,10.02,9300,3.71
2003-06-24,9.92,10.01,9.91,9.98,11000,3.69
2003-06-23,10.03,10.03,9.94,9.95,8200,3.68
2003-06-20,9.90,10.20,9.75,10.03,29400,3.71
2003-06-19,10.01,10.01,9.82,9.82,15400,3.63
2003-06-18,9.97,9.97,9.94,9.96,9500,3.69
2003-06-17,10.04,10.09,10.00,10.03,22900,3.71
2003-06-16,9.73,10.00,9.68,9.99,35800,3.70
2003-06-13,9.70,9.77,9.68,9.68,6500,3.58
2003-06-12,9.68,9.70,9.56,9.69,13600,3.59
2003-06-11,9.59,9.67,9.59,9.66,12500,3.58
2003-06-10,9.45,9.67,9.45,9.67,19000,3.58
2003-06-09,9.70,9.70,9.41,9.44,23300,3.49
2003-06-06,9.65,9.66,9.42,9.60,48500,3.55
2003-06-05,9.62,9.62,9.56,9.57,11200,3.54
2003-06-04,9.46,9.67,9.46,9.58,37700,3.55
2003-06-03,9.47,9.47,9.40,9.46,30600,3.50
2003-06-02,9.40,9.60,9.40,9.59,34600,3.55
2003-05-30,9.21,9.28,9.10,9.25,16000,3.42
2003-05-29,9.25,9.30,9.22,9.22,14900,3.41
2003-05-28,9.24,9.28,9.15,9.21,34000,3.41
2003-05-27,8.83,9.14,8.83,9.14,15100,3.38
2003-05-23,8.85,8.93,8.85,8.92,8200,3.30
2003-05-22,8.78,8.87,8.78,8.82,5700,3.26
2003-05-21,8.70,8.79,8.63,8.70,10800,3.22
2003-05-20,8.63,8.78,8.63,8.76,15500,3.24
2003-05-19,8.81,8.81,8.70,8.70,7200,3.22
2003-05-16,8.75,8.86,8.75,8.86,6400,3.28
2003-05-15,8.75,8.92,8.75,8.85,11500,3.28
2003-05-14,8.85,8.86,8.75,8.80,2700,3.26
2003-05-13,8.88,8.90,8.77,8.78,15100,3.25
2003-05-12,8.86,8.86,8.70,8.86,77400,3.28
2003-05-09,8.73,8.78,8.73,8.77,26400,3.25
2003-05-08,8.64,8.88,8.64,8.71,33700,3.22
2003-05-07,8.87,8.95,8.85,8.94,35700,3.31
2003-05-06,8.65,8.85,8.65,8.84,10200,3.27
2003-05-05,8.75,8.75,8.56,8.63,42400,3.19
2003-05-02,8.70,8.73,8.65,8.73,12300,3.23
2003-05-01,8.70,8.71,8.61,8.70,5300,3.22
2003-04-30,8.68,8.68,8.56,8.67,10600,3.21
2003-04-29,8.50,8.69,8.50,8.68,4600,3.21
2003-04-28,8.20,8.43,8.20,8.43,11600,3.12
2003-04-25,8.45,8.45,8.15,8.30,35600,3.07
2003-04-24,8.63,8.64,8.55,8.55,43500,3.16
2003-04-23,8.67,8.69,8.61,8.63,31800,3.19
2003-04-22,8.68,8.74,8.60,8.69,28700,3.22
2003-04-21,8.66,8.77,8.57,8.76,11200,3.24
2003-04-17,8.51,8.68,8.45,8.56,15900,3.17
2003-04-16,8.53,8.75,8.50,8.50,55100,3.15
2003-04-15,8.35,8.48,8.34,8.48,20100,3.14
2003-04-14,8.40,8.47,8.30,8.40,12600,3.11
2003-04-11,8.44,8.44,8.16,8.35,20700,3.09
2003-04-10,8.42,8.48,8.41,8.44,5800,3.12
2003-04-09,8.46,8.46,8.37,8.40,15400,3.11
2003-04-08,8.40,8.50,8.30,8.44,7000,3.12
2003-04-07,8.40,8.48,8.40,8.45,10300,3.13
2003-04-04,8.25,8.31,8.21,8.30,7900,3.07
2003-04-03,8.05,8.28,8.05,8.19,32500,3.03
2003-04-02,8.02,8.19,8.02,8.10,25300,3.00
2003-04-01,7.99,8.05,7.95,8.02,5800,2.97
2003-03-31,8.08,8.08,7.85,7.89,13800,2.92
2003-03-28,8.02,8.11,8.02,8.10,7600,3.00
2003-03-27,8.12,8.16,8.03,8.06,9000,2.98
2003-03-26,8.12,8.12,8.03,8.12,17300,3.01
2003-03-25,8.06,8.25,8.06,8.19,48700,3.03
2003-03-24,8.19,8.20,8.05,8.05,26000,2.98
2003-03-21,8.25,8.30,8.13,8.29,46600,3.07
2003-03-20,8.15,8.20,8.14,8.20,20200,3.03
2003-03-19,8.07,8.20,8.07,8.15,17600,3.02
2003-03-18,7.96,8.25,7.96,8.09,10600,2.99
2003-03-17,7.90,8.04,7.80,8.04,11200,2.98
2003-03-14,8.00,8.11,7.96,8.01,26900,2.96
2003-03-13,7.80,8.05,7.80,7.97,14700,2.95
2003-03-12,7.82,7.82,7.77,7.82,37200,2.89
2003-03-11,7.80,7.87,7.69,7.74,31000,2.86
2003-03-10,7.85,7.92,7.70,7.80,64700,2.89
2003-03-07,8.10,8.10,7.89,7.95,42600,2.94
2003-03-06,8.10,8.18,8.00,8.12,14700,3.01
2003-03-05,8.24,8.31,8.18,8.20,6600,3.03
2003-03-04,8.21,8.25,8.20,8.24,5400,3.05
2003-03-03,8.22,8.40,8.16,8.26,41400,3.06
2003-02-28,8.40,8.40,8.13,8.16,32200,3.02
2003-02-27,8.22,8.42,8.22,8.40,25200,3.11
2003-02-26,8.34,8.34,8.10,8.12,14500,3.01
2003-02-25,8.24,8.35,8.16,8.35,26600,3.09
2003-02-24,8.30,8.34,8.26,8.28,21100,3.06
2003-02-21,8.15,8.33,8.15,8.27,9900,3.06
2003-02-20,8.21,8.34,8.20,8.25,8000,3.05
2003-02-19,8.30,8.30,8.20,8.21,16400,3.04
2003-02-18,8.18,8.39,8.18,8.22,4200,3.04
2003-02-14,8.15,8.15,8.02,8.05,8800,2.98
2003-02-13,8.03,8.03,7.93,8.01,11600,2.96
2003-02-12,8.07,8.19,8.02,8.13,62000,3.01
2003-02-11,8.25,8.31,8.13,8.13,9400,3.01
2003-02-10,8.20,8.24,8.07,8.20,20200,3.03
2003-02-07,8.45,8.45,8.22,8.22,11500,3.04
2003-02-06,8.46,8.49,8.40,8.45,16800,3.13
2003-02-05,8.46,8.50,8.38,8.50,58000,3.15
2003-02-04,8.63,8.63,8.51,8.51,6400,3.15
2003-02-03,8.50,8.69,8.50,8.69,10600,3.22
2003-01-31,8.64,8.64,8.50,8.55,19700,3.16
2003-01-30,8.53,8.65,8.48,8.59,15500,3.18
2003-01-29,8.54,8.57,8.42,8.57,14000,3.17
2003-01-28,8.55,8.55,8.45,8.47,14200,3.13
2003-01-27,8.47,8.50,8.35,8.50,6000,3.15
2003-01-24,8.51,8.55,8.42,8.55,21300,3.16
2003-01-23,8.65,8.65,8.53,8.57,35400,3.17
2003-01-22,8.81,8.81,8.60,8.62,10200,3.19
2003-01-21,8.75,8.84,8.74,8.74,42200,3.23
2003-01-17,8.80,8.85,8.75,8.85,25400,3.28
2003-01-16,8.80,8.92,8.75,8.90,20800,3.29
2003-01-15,9.08,9.08,8.80,8.81,30500,3.26
2003-01-14,8.91,9.09,8.85,9.03,453100,3.34
2003-01-13,8.75,8.90,8.75,8.87,6700,3.28
2003-01-10,8.75,8.78,8.70,8.75,46700,3.24
2003-01-09,8.74,8.80,8.73,8.79,114000,3.25
2003-01-08,8.75,8.88,8.70,8.70,47700,3.22
2003-01-07,8.74,8.77,8.70,8.75,6700,3.24
2003-01-06,8.64,8.74,8.64,8.73,6000,3.23
2003-01-03,8.62,8.64,8.59,8.64,4700,3.20
2003-01-02,8.36,8.60,8.36,8.60,32700,3.18
2002-12-31,8.27,8.53,8.27,8.34,36600,3.09
2002-12-30,8.30,8.32,8.18,8.26,49600,3.06
2002-12-27,8.42,8.49,8.40,8.40,25900,3.11
2002-12-26,8.45,8.60,8.41,8.48,51600,3.14
2002-12-24,8.50,8.70,8.44,8.51,21600,3.15
2002-12-23,8.52,8.67,8.52,8.54,23300,3.16
2002-12-20,8.60,8.62,8.57,8.59,12600,3.18
2002-12-19,8.50,8.60,8.46,8.50,7900,3.15
2002-12-18,8.67,8.67,8.47,8.57,18800,3.17
2002-12-17,8.68,8.70,8.65,8.65,15900,3.20
2002-12-16,8.46,8.70,8.46,8.62,31400,3.19
2002-12-13,8.55,8.55,8.51,8.52,7700,3.15
2002-12-12,8.66,8.72,8.56,8.58,6200,3.18
2002-12-11,8.55,8.70,8.53,8.56,10900,3.17
2002-12-10,8.43,8.63,8.43,8.60,20900,3.18
2002-12-09,8.52,8.59,8.50,8.57,19100,3.17
2002-12-06,8.60,8.72,8.53,8.56,20300,3.17
2002-12-05,8.65,9.05,8.64,8.64,11900,3.20
2002-12-04,8.79,8.79,8.60,8.63,19800,3.19
2002-12-03,8.85,8.85,8.81,8.82,41900,3.26
2002-12-02,8.84,8.92,8.81,8.84,19300,3.27
2002-11-29,8.90,8.90,8.78,8.78,2200,3.25
2002-11-27,8.88,8.88,8.73,8.86,6900,3.28
2002-11-26,8.67,8.84,8.60,8.84,113800,3.27
2002-11-25,8.51,8.69,8.51,8.69,14900,3.22
2002-11-22,8.65,8.65,8.51,8.64,19300,3.20
2002-11-21,8.52,8.60,8.47,8.57,6700,3.17
2002-11-20,8.35,8.53,8.31,8.53,23300,3.16
2002-11-19,8.38,8.47,8.31,8.40,58300,3.11
2002-11-18,8.48,8.49,8.38,8.41,21100,3.11
2002-11-15,8.39,8.47,8.36,8.47,51500,3.13
2002-11-14,8.27,8.37,8.18,8.29,26800,3.07
2002-11-13,8.25,8.32,8.25,8.32,15000,3.08
2002-11-12,8.25,8.36,8.23,8.35,745000,3.09
2002-11-11,8.31,8.31,8.24,8.31,26700,3.08
2002-11-08,8.25,8.37,8.25,8.34,42100,3.09
2002-11-07,8.30,8.30,8.19,8.20,321500,3.03
2002-11-06,8.37,8.37,8.26,8.30,405000,3.07
2002-11-05,8.34,8.38,8.22,8.27,26800,3.06
2002-11-04,8.45,8.50,8.37,8.40,10900,3.11
2002-11-01,8.17,8.24,8.14,8.21,11900,3.04
2002-10-31,8.14,8.17,8.08,8.12,21300,3.01
2002-10-30,8.14,8.18,8.06,8.18,11400,3.03
2002-10-29,8.10,8.17,8.05,8.15,10500,3.02
2002-10-28,8.12,8.20,8.11,8.20,4800,3.03
2002-10-25,8.08,8.18,8.07,8.09,3700,2.99
2002-10-24,8.02,8.23,8.01,8.16,10500,3.02
2002-10-23,8.02,8.18,7.94,8.10,27800,3.00
2002-10-22,7.92,7.95,7.82,7.95,14600,2.94
2002-10-21,7.90,8.14,7.90,8.14,25800,3.01
2002-10-18,7.85,8.04,7.85,7.98,10200,2.95
2002-10-17,7.82,7.90,7.75,7.83,20300,2.90
2002-10-16,7.75,7.87,7.65,7.75,26300,2.87
2002-10-15,7.78,7.87,7.75,7.85,50900,2.91
2002-10-14,7.70,7.74,7.68,7.68,13000,2.84
2002-10-11,7.64,7.74,7.57,7.74,28300,2.86
2002-10-10,7.29,7.64,7.29,7.64,38200,2.83
2002-10-09,7.65,7.65,7.36,7.36,41800,2.72
2002-10-08,7.80,7.80,7.59,7.72,62700,2.86
2002-10-07,7.80,7.82,7.65,7.77,24200,2.88
2002-10-04,7.81,7.90,7.76,7.85,16600,2.91
2002-10-03,7.75,7.89,7.66,7.70,15400,2.85
2002-10-02,7.94,7.94,7.77,7.84,10200,2.90
2002-10-01,7.83,7.93,7.83,7.90,8000,2.92
2002-09-30,7.78,7.83,7.67,7.82,23000,2.89
2002-09-27,7.85,7.94,7.73,7.83,24200,2.90
2002-09-26,7.87,7.93,7.87,7.90,36000,2.92
2002-09-25,7.75,7.92,7.74,7.90,38500,2.92
2002-09-24,7.88,7.88,7.75,7.75,51800,2.87
2002-09-23,8.09,8.09,7.89,7.91,14700,2.93
2002-09-20,8.22,8.22,8.13,8.19,10400,3.03
2002-09-19,8.48,8.48,8.21,8.25,7900,3.05
2002-09-18,8.47,8.67,8.43,8.55,18900,3.16
2002-09-17,8.63,8.63,8.50,8.50,19100,3.15
2002-09-16,8.66,8.66,8.53,8.53,12600,3.16
2002-09-13,8.71,8.75,8.60,8.62,11300,3.19
2002-09-12,8.92,8.92,8.70,8.80,7100,3.26
2002-09-11,8.70,8.97,8.70,8.97,18600,3.32
2002-09-10,8.63,8.70,8.62,8.70,12100,3.22
2002-09-09,8.60,8.79,8.60,8.70,41800,3.22
2002-09-06,8.55,8.80,8.50,8.70,41100,3.22
2002-09-05,8.46,8.66,8.45,8.64,19600,3.20
2002-09-04,8.60,8.60,8.51,8.56,15400,3.17
2002-09-03,8.65,8.76,8.45,8.70,28100,3.22
2002-08-30,8.80,8.83,8.60,8.75,20200,3.24
2002-08-29,8.87,8.87,8.70,8.78,59300,3.25
2002-08-28,8.95,8.95,8.80,8.90,13600,3.29
2002-08-27,8.95,9.01,8.90,9.00,18400,3.33
2002-08-26,8.94,9.01,8.94,8.99,46100,3.33
2002-08-23,9.03,9.03,8.90,8.94,20700,3.31
2002-08-22,8.95,9.04,8.92,9.04,12400,3.35
2002-08-21,8.94,9.03,8.94,9.03,11600,3.34
2002-08-20,8.95,8.97,8.90,8.94,23100,3.31
2002-08-19,8.95,8.98,8.90,8.95,27300,3.31
2002-08-16,8.90,8.95,8.87,8.95,13400,3.31
2002-08-15,8.85,8.98,8.85,8.85,6300,3.28
2002-08-14,8.86,8.93,8.82,8.92,25900,3.30
2002-08-13,8.80,8.91,8.71,8.91,17000,3.30
2002-08-12,8.77,8.91,8.70,8.85,38700,3.28
2002-08-09,9.02,9.02,8.65,8.85,24000,3.28
2002-08-08,8.80,9.05,8.80,9.05,7900,3.35
2002-08-07,8.59,8.75,8.55,8.75,22900,3.24
2002-08-06,8.15,8.49,8.15,8.49,47500,3.14
2002-08-05,8.55,8.55,8.30,8.40,10800,3.11
2002-08-02,8.78,8.78,8.65,8.75,13800,3.24
2002-08-01,8.70,8.83,8.70,8.83,27400,3.27
2002-07-31,8.80,8.87,8.70,8.71,4200,3.22
2002-07-30,8.90,8.95,8.75,8.88,11300,3.29
2002-07-29,8.51,8.90,8.51,8.90,12700,3.29
2002-07-26,8.85,8.85,8.50,8.55,28000,3.16
2002-07-25,8.92,8.92,8.70,8.85,44900,3.28
2002-07-24,9.08,9.08,8.73,9.05,26600,3.35
2002-07-23,9.21,9.21,9.07,9.11,17300,3.37
2002-07-22,9.42,9.42,9.18,9.21,26700,3.41
2002-07-19,9.48,9.57,9.42,9.43,6800,3.49
2002-07-18,9.73,9.73,9.50,9.56,33900,3.54
2002-07-17,9.70,9.74,9.60,9.72,19300,3.60
2002-07-16,9.35,9.59,9.35,9.55,41300,3.53
2002-07-15,9.50,9.65,9.30,9.53,83600,3.53
2002-07-12,9.60,9.81,9.52,9.70,11800,3.59
2002-07-11,9.50,9.55,9.40,9.55,18600,3.53
2002-07-10,9.72,9.77,9.63,9.65,16800,3.57
2002-07-09,9.75,9.85,9.65,9.72,51900,3.60
2002-07-08,9.69,9.84,9.69,9.71,33800,3.59
2002-07-05,9.69,9.80,9.69,9.75,50200,3.61
2002-07-03,9.55,9.59,9.44,9.59,17500,3.55
2002-07-02,9.60,9.68,9.47,9.47,25900,3.50
2002-07-01,9.59,9.72,9.50,9.66,25400,3.58
2002-06-28,9.37,9.58,9.22,9.57,53300,3.54
2002-06-27,9.11,9.41,9.11,9.35,54900,3.46
2002-06-26,9.05,9.23,8.97,9.10,69200,3.37
2002-06-25,9.40,9.50,9.35,9.44,69500,3.49
2002-06-24,9.35,9.50,9.20,9.50,85100,3.52
2002-06-21,9.56,9.56,9.31,9.35,61800,3.46
2002-06-20,9.95,9.95,9.58,9.58,41000,3.55
2002-06-19,10.00,10.00,9.87,9.95,9500,3.68
2002-06-18,10.01,10.29,10.00,10.10,21100,3.74
2002-06-17,10.06,10.24,10.02,10.02,64400,3.71
2002-06-14,10.15,10.19,9.97,10.05,23400,3.72
2002-06-13,10.11,10.33,10.05,10.30,34500,3.81
2002-06-12,10.24,10.24,10.07,10.11,41400,3.74
2002-06-11,10.12,10.35,10.06,10.24,38100,3.79
2002-06-10,10.00,10.15,10.00,10.06,42000,3.72
2002-06-07,10.10,10.15,10.00,10.10,41300,3.74
2002-06-06,10.45,10.45,10.20,10.20,59400,3.77
2002-06-05,10.47,10.55,10.42,10.51,31500,3.89
2002-06-04,10.50,10.63,10.32,10.40,50500,3.85
2002-06-03,10.45,10.65,10.45,10.49,69800,3.88
2002-05-31,10.40,10.67,10.40,10.55,23300,3.90
2002-05-30,10.57,10.57,10.48,10.50,9900,3.89
2002-05-29,10.57,10.65,10.45,10.56,88500,3.91
2002-05-28,10.72,10.87,10.64,10.67,20800,3.95
2002-05-24,10.53,10.75,10.53,10.68,34700,3.95
2002-05-23,10.50,10.63,10.50,10.63,69200,3.93
2002-05-22,10.95,10.95,10.81,10.85,21400,4.02
2002-05-21,11.09,11.12,10.94,10.95,52600,4.05
2002-05-20,11.02,11.13,11.00,11.05,8700,4.09
2002-05-17,10.97,11.08,10.80,11.08,35200,4.10
2002-05-16,10.81,10.89,10.79,10.89,22700,4.03
2002-05-15,10.77,10.83,10.76,10.83,10100,4.01
2002-05-14,10.70,10.80,10.67,10.77,16700,3.99
2002-05-13,10.60,10.63,10.41,10.61,16700,3.93
2002-05-10,10.61,10.66,10.61,10.64,89200,3.94
2002-05-09,10.79,10.79,10.61,10.61,34100,3.93
2002-05-08,10.52,10.76,10.50,10.68,41000,3.95
2002-05-07,10.60,10.60,10.42,10.42,9100,3.86
2002-05-06,10.60,10.64,10.55,10.55,20500,3.90
2002-05-03,10.50,10.60,10.35,10.55,14400,3.90
2002-05-02,10.60,10.71,10.52,10.56,20500,3.91
2002-05-01,10.68,10.72,10.50,10.70,43700,3.96
2002-04-30,10.45,10.70,10.37,10.68,37400,3.95
2002-04-29,10.70,10.71,10.41,10.50,29800,3.89
2002-04-26,10.65,10.80,10.65,10.80,10400,4.00
2002-04-25,10.85,10.86,10.65,10.75,33100,3.98
2002-04-24,10.96,10.97,10.86,10.97,22600,4.06
2002-04-23,10.90,10.95,10.70,10.94,59900,4.05
2002-04-22,10.94,10.95,10.80,10.80,79300,4.00
2002-04-19,10.90,11.00,10.90,10.96,39900,4.06
2002-04-18,10.98,10.99,10.80,10.97,19500,4.06
2002-04-17,10.91,10.97,10.81,10.97,81000,4.06
2002-04-16,10.65,10.82,10.65,10.81,59600,4.00
2002-04-15,10.68,10.68,10.58,10.62,52700,3.93
2002-04-12,10.62,10.63,10.45,10.61,38300,3.93
2002-04-11,10.56,10.65,10.51,10.51,53000,3.89
2002-04-10,10.51,10.66,10.51,10.66,86100,3.95
2002-04-09,10.42,10.56,10.41,10.54,29100,3.90
2002-04-08,10.40,10.58,10.36,10.52,32500,3.89
2002-04-05,10.38,10.52,10.30,10.50,36800,3.89
2002-04-04,10.30,10.41,10.30,10.32,14000,3.82
2002-04-03,10.32,10.44,10.32,10.33,17500,3.82
2002-04-02,10.30,10.44,10.26,10.37,40900,3.84
2002-04-01,10.40,10.45,10.30,10.30,81600,3.81
2002-03-28,10.47,10.47,10.37,10.42,38400,3.86
2002-03-27,10.35,10.47,10.31,10.43,25600,3.86
2002-03-26,10.30,10.40,10.30,10.30,11500,3.81
2002-03-25,10.39,10.40,10.29,10.30,20900,3.81
2002-03-22,10.33,10.42,10.31,10.37,21100,3.84
2002-03-21,10.43,10.43,10.30,10.33,13800,3.82
2002-03-20,10.38,10.45,10.32,10.43,104100,3.86
2002-03-19,10.36,10.40,10.33,10.40,31700,3.85
2002-03-18,10.38,10.40,10.29,10.40,49900,3.85
2002-03-15,10.29,10.32,10.26,10.32,9000,3.82
2002-03-14,10.32,10.34,10.25,10.27,14400,3.80
2002-03-13,10.32,10.32,10.25,10.29,14400,3.81
2002-03-12,10.27,10.32,10.25,10.32,92200,3.82
2002-03-11,10.11,10.41,10.11,10.39,220500,3.85
2002-03-08,10.19,10.21,10.02,10.21,43300,3.78
2002-03-07,10.20,10.28,10.11,10.12,37700,3.75
2002-03-06,10.10,10.25,10.01,10.20,50200,3.77
2002-03-05,9.91,10.14,9.91,10.10,39000,3.74
2002-03-04,9.80,10.01,9.80,10.01,28600,3.70
2002-03-01,9.62,9.75,9.62,9.75,23700,3.61
2002-02-28,9.67,9.70,9.60,9.65,29200,3.57
2002-02-27,9.60,9.65,9.50,9.64,62200,3.57
2002-02-26,9.55,9.56,9.40,9.56,245500,3.54
2002-02-25,9.45,9.45,9.36,9.37,14300,3.47
2002-02-22,9.48,9.50,9.35,9.36,10100,3.46
2002-02-21,9.46,9.47,9.35,9.46,21900,3.50
2002-02-20,9.45,9.46,9.38,9.46,20900,3.50
2002-02-19,9.44,9.46,9.42,9.46,101700,3.50
2002-02-15,9.55,9.61,9.40,9.40,38100,3.48
2002-02-14,9.46,9.63,9.40,9.60,46600,3.55
2002-02-13,9.31,9.36,9.31,9.36,34200,3.46
2002-02-12,9.31,9.31,9.22,9.26,15000,3.43
2002-02-11,9.24,9.31,9.20,9.31,30000,3.45
2002-02-08,9.13,9.25,9.13,9.22,18500,3.41
2002-02-07,9.00,9.10,9.00,9.10,43000,3.37
2002-02-06,8.96,9.09,8.96,9.09,14000,3.36
2002-02-05,9.15,9.15,9.03,9.06,12800,3.35
2002-02-04,9.27,9.27,9.07,9.07,23800,3.36
2002-02-01,9.30,9.31,9.20,9.31,22500,3.45
2002-01-31,9.12,9.38,9.10,9.34,76200,3.46
2002-01-30,9.10,9.15,9.10,9.13,30900,3.38
2002-01-29,9.35,9.35,9.15,9.15,29000,3.39
2002-01-28,9.37,9.41,9.26,9.35,55200,3.46
2002-01-25,9.25,9.37,9.25,9.37,44500,3.47
2002-01-24,9.10,9.33,9.10,9.30,61300,3.44
2002-01-23,8.95,9.08,8.94,9.08,366500,3.36
2002-01-22,8.90,8.98,8.90,8.95,46000,3.31
2002-01-18,8.90,8.90,8.84,8.85,25500,3.28
2002-01-17,8.94,8.99,8.92,8.95,56000,3.31
2002-01-16,8.98,8.98,8.80,8.84,20400,3.27
2002-01-15,8.90,9.00,8.85,8.95,49400,3.31
2002-01-14,8.92,9.09,8.92,8.97,15400,3.32
2002-01-11,9.10,9.10,9.01,9.01,8900,3.33
2002-01-10,9.05,9.13,9.03,9.12,29600,3.38
2002-01-09,9.15,9.29,9.10,9.15,12000,3.39
2002-01-08,9.10,9.12,9.10,9.12,3000,3.38
2002-01-07,9.15,9.30,9.15,9.16,11500,3.39
2002-01-04,8.96,9.15,8.96,9.12,25600,3.38
2002-01-03,8.75,8.95,8.75,8.93,20800,3.30
2002-01-02,8.63,8.75,8.63,8.75,25100,3.24
2001-12-31,8.60,8.75,8.55,8.63,85100,3.19
2001-12-28,8.50,8.70,8.50,8.55,19000,3.16
2001-12-27,8.35,8.82,8.35,8.58,110900,3.18
2001-12-26,8.28,8.45,8.28,8.33,36300,3.08
2001-12-24,8.22,8.38,8.22,8.28,7800,3.06
2001-12-21,8.25,8.35,8.25,8.27,21100,3.06
2001-12-20,8.31,8.40,8.25,8.30,46000,3.07
2001-12-19,8.33,8.46,8.30,8.32,56200,3.08
2001-12-18,8.39,8.55,8.36,8.39,81900,3.11
2001-12-17,8.45,8.56,8.45,8.49,39500,3.14
2001-12-14,8.43,8.50,8.43,8.45,24200,3.13
2001-12-13,8.50,8.50,8.44,8.50,75200,3.15
2001-12-12,8.61,8.65,8.53,8.55,66400,3.16
2001-12-11,8.65,8.69,8.60,8.60,50900,3.18
2001-12-10,8.60,8.78,8.55,8.75,12400,3.24
2001-12-07,8.60,8.75,8.60,8.65,24000,3.20
2001-12-06,8.50,8.60,8.50,8.50,27000,3.15
2001-12-05,8.35,8.50,8.35,8.45,19100,3.13
2001-12-04,8.08,8.35,8.08,8.25,24400,3.05
2001-12-03,8.07,8.17,8.05,8.07,9300,2.99
2001-11-30,8.14,8.16,8.10,8.10,38900,3.00
2001-11-29,7.98,8.15,7.98,8.14,48700,3.01
2001-11-28,8.14,8.18,7.98,7.98,63300,2.95
2001-11-27,8.11,8.16,8.08,8.14,34600,3.01
2001-11-26,8.10,8.18,8.10,8.16,35900,3.02
2001-11-23,8.03,8.05,8.03,8.05,2800,2.98
2001-11-21,8.08,8.08,8.00,8.07,3900,2.99
2001-11-20,8.10,8.15,8.01,8.08,25100,2.99
2001-11-19,7.90,8.05,7.90,8.05,9100,2.98
2001-11-16,7.94,7.98,7.85,7.87,24100,2.91
2001-11-15,7.80,7.91,7.80,7.91,22400,2.93
2001-11-14,7.61,7.73,7.61,7.72,19600,2.86
2001-11-13,7.52,7.65,7.52,7.54,43700,2.79
2001-11-12,7.54,7.60,7.52,7.52,25900,2.78
2001-11-09,7.43,7.55,7.43,7.50,23600,2.78
2001-11-08,7.40,7.59,7.35,7.58,42200,2.81
2001-11-07,7.26,7.40,7.26,7.40,4300,2.74
2001-11-06,7.28,7.34,7.20,7.28,12700,2.69
2001-11-05,7.25,7.29,7.25,7.28,10500,2.69
2001-11-02,7.15,7.19,7.10,7.15,29000,2.65
2001-11-01,7.05,7.18,7.05,7.18,5100,2.66
2001-10-31,7.05,7.10,7.05,7.10,3100,2.63
2001-10-30,7.15,7.15,6.90,7.02,10300,2.60
2001-10-29,7.02,7.10,7.01,7.10,41500,2.63
2001-10-26,7.00,7.08,7.00,7.08,11500,2.62
2001-10-25,6.91,6.97,6.86,6.97,36000,2.58
2001-10-24,6.98,7.00,6.90,6.90,297500,2.55
2001-10-23,7.00,7.03,6.92,6.96,222000,2.58
2001-10-22,6.89,7.05,6.89,6.95,76400,2.57
2001-10-19,6.80,6.90,6.76,6.90,17300,2.55
2001-10-18,6.98,7.02,6.75,6.89,19800,2.55
2001-10-17,6.98,7.05,6.98,6.99,35700,2.59
2001-10-16,6.90,6.94,6.85,6.94,26700,2.57
2001-10-15,6.75,6.81,6.75,6.80,58400,2.52
2001-10-12,6.90,6.92,6.78,6.80,64600,2.52
2001-10-11,6.90,7.20,6.90,7.00,43300,2.59
2001-10-10,6.75,6.95,6.70,6.90,29400,2.55
2001-10-09,6.65,6.70,6.64,6.70,2900,2.48
2001-10-08,6.61,6.68,6.57,6.57,12100,2.43
2001-10-05,6.76,6.80,6.71,6.71,55500,2.48
2001-10-04,6.81,6.95,6.80,6.80,50800,2.52
2001-10-03,6.68,6.80,6.52,6.79,35200,2.51
2001-10-02,6.75,6.75,6.65,6.65,12200,2.46
2001-10-01,6.80,6.84,6.69,6.69,9300,2.48
2001-09-28,6.72,6.80,6.72,6.80,18200,2.52
2001-09-27,6.50,6.65,6.46,6.65,71200,2.46
2001-09-26,6.62,6.70,6.51,6.51,76500,2.41
2001-09-25,6.65,6.75,6.60,6.60,15100,2.44
2001-09-24,6.50,6.75,6.50,6.75,31900,2.50
2001-09-21,6.35,6.40,6.20,6.40,57000,2.37
2001-09-20,6.70,6.75,6.52,6.55,48900,2.42
2001-09-19,6.90,7.00,6.65,6.70,35100,2.48
2001-09-18,7.05,7.10,6.80,6.85,93100,2.54
2001-09-17,7.00,7.00,6.95,6.98,129000,2.58
2001-09-10,7.80,7.86,7.80,7.85,15400,2.91
2001-09-07,7.90,7.90,7.80,7.81,22900,2.89
2001-09-06,7.91,7.91,7.80,7.80,35100,2.89
2001-09-05,8.03,8.03,8.01,8.01,2500,2.96
2001-09-04,8.25,8.25,8.05,8.05,24000,2.98
2001-08-31,8.10,8.25,8.10,8.25,11900,3.05
2001-08-30,8.18,8.19,8.15,8.15,7300,3.02
2001-08-29,8.18,8.23,8.13,8.23,12100,3.05
2001-08-28,8.20,8.20,8.18,8.18,16900,3.03
2001-08-27,8.18,8.25,8.18,8.18,9900,3.03
2001-08-24,8.07,8.20,8.07,8.18,39900,3.03
2001-08-23,8.10,8.10,8.00,8.07,29700,2.99
2001-08-22,8.10,8.18,8.10,8.18,2500,3.03
2001-08-21,8.32,8.32,8.05,8.05,16100,2.98
2001-08-20,8.25,8.35,8.15,8.33,15000,3.08
2001-08-17,8.22,8.55,8.22,8.30,6700,3.07
2001-08-16,8.35,8.39,8.22,8.30,13700,3.07
2001-08-15,8.35,8.50,8.35,8.40,9000,3.11
2001-08-14,8.35,8.50,8.35,8.40,11500,3.11
2001-08-13,8.25,8.31,8.25,8.31,14800,3.08
2001-08-10,8.34,8.38,8.25,8.35,6500,3.09
2001-08-09,8.25,8.34,8.21,8.34,14200,3.09
2001-08-08,8.39,8.40,8.22,8.34,20900,3.09
2001-08-07,8.12,8.34,8.12,8.27,22200,3.06
2001-08-06,8.20,8.44,8.20,8.29,33400,3.07
2001-08-03,8.32,8.32,8.17,8.17,6100,3.02
2001-08-02,8.35,8.45,8.22,8.22,14300,3.04
2001-08-01,8.30,8.40,8.20,8.35,10600,3.09
2001-07-31,8.24,8.30,8.15,8.24,16900,3.05
2001-07-30,8.01,8.15,8.01,8.15,17700,3.02
2001-07-27,8.05,8.18,7.96,8.00,57700,2.96
2001-07-26,7.90,8.00,7.90,8.00,41800,2.96
2001-07-25,7.80,8.00,7.80,7.99,1800,2.96
2001-07-24,7.95,7.95,7.90,7.95,8900,2.94
2001-07-23,8.04,8.04,7.95,7.95,17700,2.94
2001-07-20,8.00,8.05,7.96,8.00,23400,2.96
2001-07-19,7.96,8.06,7.93,8.00,27000,2.96
2001-07-18,8.00,8.03,7.92,7.92,11500,2.93
2001-07-17,8.05,8.07,8.01,8.06,6000,2.98
2001-07-16,8.15,8.18,8.01,8.05,28500,2.98
2001-07-13,8.20,8.20,8.15,8.15,8000,3.02
2001-07-12,8.15,8.22,8.15,8.22,6000,3.04
2001-07-11,8.15,8.17,8.11,8.15,16200,3.02
2001-07-10,8.46,8.46,8.22,8.22,12300,3.04
2001-07-09,8.55,8.55,8.46,8.46,20500,3.13
2001-07-06,8.56,8.60,8.49,8.60,26700,3.18
2001-07-05,8.69,8.70,8.60,8.60,8000,3.18
2001-07-03,8.74,8.84,8.74,8.74,194000,3.23
2001-07-02,8.85,8.85,8.81,8.82,1600,3.26
2001-06-29,8.80,8.84,8.75,8.80,13800,3.26
2001-06-28,8.75,8.79,8.70,8.76,13200,3.24
2001-06-27,8.70,8.70,8.67,8.68,12900,3.21
2001-06-26,8.70,8.80,8.66,8.80,9800,3.26
2001-06-25,8.70,8.73,8.70,8.70,6300,3.22
2001-06-22,8.67,8.85,8.67,8.70,12400,3.22
2001-06-21,8.70,8.76,8.70,8.76,5300,3.24
2001-06-20,8.66,8.80,8.65,8.66,23100,3.20
2001-06-19,8.70,8.87,8.65,8.65,22000,3.20
2001-06-18,8.80,8.85,8.60,8.65,11300,3.20
2001-06-15,8.86,8.86,8.75,8.75,53000,3.24
2001-06-14,8.95,8.95,8.90,8.90,14200,3.29
2001-06-13,8.95,9.10,8.95,9.10,7300,3.37
2001-06-12,8.90,9.00,8.82,8.93,55400,3.30
2001-06-11,9.20,9.20,8.97,8.97,86000,3.32
2001-06-08,9.02,9.10,9.01,9.10,8200,3.37
2001-06-07,9.00,9.10,9.00,9.10,20100,3.37
2001-06-06,9.05,9.05,8.96,9.00,4300,3.33
2001-06-05,8.95,9.05,8.95,9.05,7600,3.35
2001-06-04,8.92,8.95,8.90,8.95,3000,3.31
2001-06-01,8.90,9.00,8.90,8.95,2800,3.31
2001-05-31,8.90,8.94,8.90,8.92,2500,3.30
2001-05-30,9.01,9.05,8.83,8.92,20000,3.30
2001-05-29,8.95,9.05,8.88,9.01,5000,3.33
2001-05-25,9.00,9.03,8.91,9.03,12200,3.34
2001-05-24,9.11,9.23,8.99,8.99,32800,3.33
2001-05-23,9.15,9.15,9.04,9.05,109300,3.35
2001-05-22,9.42,9.42,9.10,9.25,9900,3.42
2001-05-21,9.11,9.33,9.11,9.33,11000,3.45
2001-05-18,9.07,9.17,9.07,9.13,3900,3.38
2001-05-17,8.77,9.10,8.77,9.10,19500,3.37
2001-05-16,8.70,8.85,8.66,8.85,19800,3.28
2001-05-15,8.75,8.90,8.73,8.80,26700,3.26
2001-05-14,8.91,8.98,8.85,8.85,18100,3.28
2001-05-11,9.00,9.11,9.00,9.01,27600,3.33
2001-05-10,8.90,9.13,8.90,9.04,51200,3.35
2001-05-09,8.91,8.98,8.81,8.81,14000,3.26
2001-05-08,9.05,9.05,8.90,9.00,17900,3.33
2001-05-07,8.73,9.09,8.73,9.04,41400,3.35
2001-05-04,8.70,8.80,8.65,8.80,59500,3.26
2001-05-03,8.80,8.90,8.68,8.68,35500,3.21
2001-05-02,8.90,9.13,8.90,9.00,116100,3.33
2001-05-01,8.85,8.98,8.85,8.90,7600,3.29
2001-04-30,8.67,8.91,8.67,8.90,27600,3.29
2001-04-27,8.63,8.77,8.63,8.65,6900,3.20
2001-04-26,8.70,8.74,8.50,8.60,12500,3.18
2001-04-25,8.51,8.61,8.50,8.61,17000,3.19
2001-04-24,8.51,8.60,8.51,8.59,4600,3.18
2001-04-23,8.68,8.68,8.50,8.51,43700,3.15
2001-04-20,8.62,8.80,8.62,8.78,66900,3.25
2001-04-19,8.85,8.85,8.61,8.70,11100,3.22
2001-04-18,8.31,8.80,8.31,8.80,52400,3.26
2001-04-17,8.35,8.35,8.10,8.30,34100,3.07
2001-04-16,8.50,8.50,8.40,8.45,7400,3.13
2001-04-12,8.46,8.65,8.46,8.60,26500,3.18
2001-04-11,8.43,8.45,8.40,8.44,15300,3.12
2001-04-10,8.10,8.43,8.05,8.43,37900,3.12
2001-04-09,7.91,8.02,7.91,8.02,7500,2.97
2001-04-06,7.90,7.95,7.89,7.91,31000,2.93
2001-04-05,7.90,8.00,7.90,8.00,115400,2.96
2001-04-04,7.75,7.85,7.65,7.73,37900,2.86
2001-04-03,8.06,8.20,7.85,7.85,32500,2.91
2001-04-02,8.23,8.39,8.16,8.16,23700,3.02
2001-03-30,8.18,8.33,8.18,8.33,5800,3.08
2001-03-29,8.17,8.37,8.17,8.28,20900,3.06
2001-03-28,8.33,8.40,8.17,8.21,151700,3.04
2001-03-27,8.50,8.65,8.50,8.60,11000,3.18
2001-03-26,8.45,8.55,8.44,8.50,37100,3.15
2001-03-23,8.42,8.50,8.25,8.35,19400,3.09
2001-03-22,8.30,8.39,8.15,8.32,32100,3.08
2001-03-21,8.51,8.70,8.51,8.51,18000,3.15
2001-03-20,8.62,8.62,8.55,8.55,22900,3.16
2001-03-19,8.70,8.75,8.61,8.70,34300,3.22
2001-03-16,8.95,8.95,8.70,8.70,20100,3.22
2001-03-15,8.82,9.00,8.80,8.90,10200,3.29
2001-03-14,8.90,8.90,8.75,8.76,19100,3.24
2001-03-13,9.10,9.10,8.94,9.06,19900,3.35
2001-03-12,9.35,9.35,9.16,9.20,7800,3.40
2001-03-09,9.51,9.51,9.35,9.36,46900,3.46
2001-03-08,9.47,9.55,9.47,9.54,66500,3.53
2001-03-07,9.55,9.55,9.45,9.50,10700,3.52
2001-03-06,9.45,9.68,9.45,9.58,5700,3.55
2001-03-05,9.33,9.48,9.33,9.48,12600,3.51
2001-03-02,9.19,9.40,9.19,9.40,10300,3.48
2001-03-01,9.19,9.20,9.13,9.19,22400,3.40
2001-02-28,9.21,9.22,9.10,9.19,29200,3.40
2001-02-27,9.30,9.30,9.15,9.25,43800,3.42
2001-02-26,9.25,9.38,9.25,9.31,18400,3.45
2001-02-23,9.29,9.38,9.25,9.25,31100,3.42
2001-02-22,9.30,9.36,9.20,9.29,47800,3.44
2001-02-21,9.90,9.90,9.50,9.50,56500,3.52
2001-02-20,10.10,10.10,9.96,9.96,11700,3.69
2001-02-16,10.15,10.15,10.03,10.04,5800,3.72
2001-02-15,10.25,10.25,10.10,10.20,8000,3.77
2001-02-14,10.04,10.27,10.04,10.27,6500,3.80
2001-02-13,10.04,10.06,10.03,10.05,74100,3.72
2001-02-12,10.04,10.04,9.95,10.02,67900,3.71
2001-02-09,10.05,10.13,10.01,10.08,40700,3.73
2001-02-08,10.12,10.15,9.97,10.14,30700,3.75
2001-02-07,10.28,10.28,10.12,10.12,21100,3.75
2001-02-06,10.36,10.41,10.36,10.36,18700,3.83
2001-02-05,10.55,10.55,10.36,10.36,19400,3.83
2001-02-02,10.57,10.69,10.57,10.58,21900,3.92
2001-02-01,10.72,10.79,10.62,10.62,19800,3.93
2001-01-31,10.70,10.74,10.65,10.65,84600,3.94
2001-01-30,10.49,10.64,10.43,10.50,36200,3.89
2001-01-29,10.34,10.48,10.30,10.47,65500,3.87
2001-01-26,10.62,10.62,10.38,10.44,22200,3.86
2001-01-25,10.69,10.75,10.25,10.69,60400,3.96
2001-01-24,10.56,10.69,10.56,10.62,28800,3.93
2001-01-23,10.56,10.62,10.56,10.62,39400,3.93
2001-01-22,10.56,10.69,10.56,10.62,50000,3.93
2001-01-19,10.62,10.69,10.62,10.62,56000,3.93
2001-01-18,10.50,10.56,10.50,10.56,93900,3.91
2001-01-17,10.44,10.56,10.44,10.44,124500,3.86
2001-01-16,10.06,10.81,10.06,10.44,590000,3.86
2001-01-12,9.88,9.94,9.81,9.94,180200,3.68
2001-01-11,9.50,9.75,9.38,9.75,60200,3.61
2001-01-10,9.44,9.62,9.38,9.62,117000,3.56
2001-01-09,8.94,9.31,8.94,9.25,54300,3.42
2001-01-08,8.94,9.00,8.75,8.88,55000,3.28
2001-01-05,9.12,9.25,8.94,8.94,13400,3.31
2001-01-04,9.12,9.44,9.12,9.25,96400,3.42
2001-01-03,8.50,8.88,8.31,8.88,185300,3.28
2001-01-02,8.75,8.75,8.50,8.50,22100,3.15
2000-12-29,8.62,8.75,8.38,8.75,136200,3.24
2000-12-28,8.56,8.75,8.44,8.56,51900,3.17
2000-12-27,8.50,8.62,8.44,8.62,50600,3.19
2000-12-26,8.44,8.62,8.31,8.38,62100,3.10
2000-12-22,8.38,8.75,8.38,8.56,54100,3.17
2000-12-21,8.56,8.62,8.38,8.38,70800,3.10
2000-12-20,8.75,9.00,8.56,8.62,92600,3.19
2000-12-19,11.50,11.56,11.25,11.25,88800,3.31
2000-12-18,11.06,11.25,11.06,11.12,44200,3.27
2000-12-15,11.12,11.19,11.00,11.00,66200,3.23
2000-12-14,11.06,11.25,11.00,11.25,29900,3.31
2000-12-13,11.12,11.25,11.12,11.12,24400,3.27
2000-12-12,11.38,11.38,11.12,11.12,32000,3.27
2000-12-11,11.12,11.50,11.12,11.50,43000,3.38
2000-12-08,10.81,11.00,10.81,10.88,22400,3.20
2000-12-07,10.69,10.75,10.69,10.69,17500,3.14
2000-12-06,10.56,10.88,10.56,10.75,25400,3.16
2000-12-05,10.44,10.69,10.31,10.56,34500,3.11
2000-12-04,10.44,10.44,10.25,10.31,15000,3.03
2000-12-01,10.38,10.62,10.06,10.31,47000,3.03
2000-11-30,10.69,10.69,10.31,10.44,21600,3.07
2000-11-29,11.00,11.00,10.75,10.88,13000,3.20
2000-11-28,11.19,11.19,11.00,11.06,5100,3.25
2000-11-27,11.06,11.25,11.06,11.19,27300,3.29
2000-11-24,11.25,11.25,10.94,11.19,10100,3.29
2000-11-22,11.31,11.31,11.25,11.25,3500,3.31
2000-11-21,11.56,11.56,11.31,11.38,25500,3.34
2000-11-20,11.50,11.62,11.50,11.50,20800,3.38
2000-11-17,11.81,11.81,11.62,11.75,19300,3.45
2000-11-16,11.88,12.06,11.75,11.75,33000,3.45
2000-11-15,12.00,12.00,11.88,12.00,11400,3.53
2000-11-14,11.50,12.38,11.50,11.88,77800,3.49
2000-11-13,11.69,11.69,11.31,11.44,44400,3.36
2000-11-10,11.94,11.94,11.75,11.75,18500,3.45
2000-11-09,12.06,12.12,12.06,12.06,14100,3.55
2000-11-08,12.25,12.38,12.12,12.25,34900,3.60
2000-11-07,12.25,12.38,12.00,12.12,190000,3.56
2000-11-06,12.19,12.31,12.12,12.31,29800,3.62
2000-11-03,12.19,12.38,12.19,12.19,5300,3.58
2000-11-02,12.06,12.19,12.06,12.12,15200,3.56
2000-11-01,11.81,12.06,11.81,12.00,29300,3.53
2000-10-31,11.69,11.94,11.69,11.94,20800,3.51
2000-10-30,11.62,11.81,11.62,11.81,8200,3.47
2000-10-27,11.62,11.69,11.62,11.69,28900,3.44
2000-10-26,11.81,11.81,11.56,11.69,30600,3.44
2000-10-25,11.88,11.88,11.75,11.81,36800,3.47
2000-10-24,11.81,12.00,11.81,11.94,13900,3.51
2000-10-23,11.94,11.94,11.69,11.81,36800,3.47
2000-10-20,11.81,11.88,11.62,11.81,28000,3.47
2000-10-19,11.25,11.62,11.25,11.62,41200,3.42
2000-10-18,11.25,11.25,11.12,11.19,46700,3.29
2000-10-17,11.38,11.56,11.31,11.31,42800,3.33
2000-10-16,11.38,11.56,11.31,11.50,20500,3.38
2000-10-13,11.69,11.75,11.25,11.50,71800,3.38
2000-10-12,12.06,12.06,11.88,11.88,14500,3.49
2000-10-11,12.38,12.38,12.19,12.31,19900,3.62
2000-10-10,12.56,12.56,12.44,12.50,11100,3.68
2000-10-09,12.56,12.56,12.44,12.56,16700,3.69
2000-10-06,12.62,12.81,12.62,12.69,5600,3.73
2000-10-05,12.69,12.75,12.62,12.69,15500,3.73
2000-10-04,12.62,12.69,12.62,12.62,31500,3.71
2000-10-03,12.62,12.69,12.56,12.62,20700,3.71
2000-10-02,12.69,12.69,12.56,12.56,26700,3.69
2000-09-29,12.69,12.75,12.62,12.62,12900,3.71
2000-09-28,12.62,12.81,12.56,12.69,44100,3.73
2000-09-27,12.75,12.75,12.62,12.69,48100,3.73
2000-09-26,12.81,13.00,12.69,12.69,9600,3.73
2000-09-25,12.81,13.00,12.81,12.88,14200,3.79
2000-09-22,12.62,12.75,12.56,12.75,57200,3.75
2000-09-21,12.81,12.88,12.69,12.69,29700,3.73
2000-09-20,12.88,13.00,12.81,12.94,58100,3.80
2000-09-19,12.88,13.00,12.81,12.94,34100,3.80
2000-09-18,13.44,13.44,12.94,12.94,220400,3.80
2000-09-15,13.94,14.00,13.75,13.75,172100,4.04
2000-09-14,14.06,14.06,13.94,13.94,33400,4.10
2000-09-13,14.06,14.12,14.00,14.12,40300,4.15
2000-09-12,14.25,14.25,14.00,14.12,54100,4.15
2000-09-11,14.44,14.44,14.25,14.25,120200,4.19
2000-09-08,14.31,14.50,14.25,14.44,233300,4.24
2000-09-07,14.50,14.50,14.44,14.50,28100,4.26
2000-09-06,14.62,14.62,14.50,14.50,4200,4.26
2000-09-05,14.44,14.62,14.38,14.62,19600,4.30
2000-09-01,14.56,14.62,14.50,14.50,19500,4.26
2000-08-31,14.44,14.69,14.44,14.56,219300,4.28
2000-08-30,14.56,14.56,14.44,14.50,15600,4.26
2000-08-29,14.56,14.56,14.44,14.44,16100,4.24
2000-08-28,14.62,14.62,14.38,14.56,66300,4.28
2000-08-25,14.44,14.69,14.44,14.69,64700,4.32
2000-08-24,14.50,14.50,14.44,14.44,20700,4.24
2000-08-23,14.69,14.81,14.50,14.50,19100,4.26
2000-08-22,14.69,14.75,14.44,14.62,8600,4.30
2000-08-21,14.69,14.75,14.56,14.69,14200,4.32
2000-08-18,14.38,14.81,14.38,14.69,33300,4.32
2000-08-17,14.38,14.50,14.38,14.44,7800,4.24
2000-08-16,14.25,14.75,14.25,14.50,57100,4.26
2000-08-15,14.31,14.38,14.25,14.25,14100,4.19
2000-08-14,14.44,14.44,14.31,14.38,14600,4.23
2000-08-11,14.44,14.56,14.38,14.44,96000,4.24
2000-08-10,14.25,14.38,14.25,14.38,13300,4.23
2000-08-09,14.25,14.50,14.25,14.38,18700,4.23
2000-08-08,14.31,14.38,14.12,14.25,60400,4.19
2000-08-07,14.38,14.44,14.19,14.44,21300,4.24
2000-08-04,14.50,14.56,14.25,14.56,25000,4.28
2000-08-03,14.44,14.56,14.38,14.50,47800,4.26
2000-08-02,14.62,14.81,14.56,14.81,95100,4.35
2000-08-01,14.56,14.62,14.56,14.62,33600,4.30
2000-07-31,14.75,14.75,14.56,14.69,18200,4.32
2000-07-28,14.88,14.88,14.69,14.69,400400,4.32
2000-07-27,14.88,14.88,14.81,14.81,61100,4.35
2000-07-26,15.00,15.00,14.88,14.88,168200,4.37
2000-07-25,15.12,15.19,15.06,15.06,110300,4.43
2000-07-24,15.25,15.25,15.12,15.12,9300,4.45
2000-07-21,15.19,15.50,15.19,15.31,16800,4.50
2000-07-20,15.38,15.38,15.12,15.31,15700,4.50
2000-07-19,15.19,15.50,15.19,15.38,75100,4.52
2000-07-18,15.25,15.31,15.12,15.25,50400,4.48
2000-07-17,15.38,15.50,15.31,15.38,17500,4.52
2000-07-14,15.56,15.75,15.50,15.50,23500,4.56
2000-07-13,15.62,15.88,15.50,15.62,17600,4.59
2000-07-12,15.44,15.56,15.44,15.50,14800,4.56
2000-07-11,15.44,15.50,15.44,15.50,9000,4.56
2000-07-10,15.50,15.50,15.44,15.50,15700,4.56
2000-07-07,15.62,15.62,15.38,15.50,7100,4.56
2000-07-06,15.50,15.50,15.31,15.38,15600,4.52
2000-07-05,15.38,15.62,15.38,15.44,24300,4.54
2000-07-03,15.12,15.50,15.12,15.50,28400,4.56
2000-06-30,15.06,15.12,15.00,15.00,10600,4.41
2000-06-29,15.12,15.19,15.00,15.12,25900,4.45
2000-06-28,15.06,15.19,15.06,15.19,53700,4.47
2000-06-27,15.06,15.12,15.00,15.06,49400,4.43
2000-06-26,15.06,15.19,15.06,15.06,62800,4.43
2000-06-23,15.06,15.19,15.00,15.00,32100,4.41
2000-06-22,15.06,15.12,15.00,15.06,37700,4.43
2000-06-21,15.06,15.12,15.06,15.06,61500,4.43
2000-06-20,15.19,15.31,15.06,15.06,21000,4.43
2000-06-19,15.31,15.38,15.19,15.19,44800,4.47
2000-06-16,15.31,15.38,15.25,15.31,68300,4.50
2000-06-15,15.31,15.38,15.25,15.25,58600,4.48
2000-06-14,15.31,15.31,15.25,15.31,38100,4.50
2000-06-13,15.25,15.31,15.12,15.31,53500,4.50
2000-06-12,15.31,15.38,15.25,15.25,98600,4.48
2000-06-09,15.00,15.19,15.00,15.19,19000,4.47
2000-06-08,14.88,15.00,14.88,15.00,110200,4.41
2000-06-07,14.69,14.88,14.69,14.88,69900,4.37
2000-06-06,14.75,14.88,14.62,14.69,73200,4.32
2000-06-05,14.50,14.81,14.50,14.75,42500,4.34
2000-06-02,14.50,14.62,14.31,14.62,36300,4.30
2000-06-01,13.56,14.06,13.50,13.94,38300,4.10
2000-05-31,13.25,13.50,13.25,13.50,36500,3.97
2000-05-30,13.00,13.31,12.62,13.31,171400,3.91
2000-05-26,12.75,12.81,12.44,12.81,46100,3.77
2000-05-25,12.19,12.81,12.19,12.81,133300,3.77
2000-05-24,13.00,13.06,12.69,13.06,109000,3.84
2000-05-23,13.31,13.38,13.06,13.12,33300,3.86
2000-05-22,13.88,13.94,13.50,13.56,29100,3.99
2000-05-19,14.19,14.19,14.06,14.12,38800,4.15
2000-05-18,14.19,14.19,14.06,14.19,13500,4.17
2000-05-17,14.19,14.25,14.06,14.12,55500,4.15
2000-05-16,14.25,14.38,14.25,14.25,53500,4.19
2000-05-15,14.06,14.25,14.06,14.25,29400,4.19
2000-05-12,14.25,14.25,14.06,14.25,45200,4.19
2000-05-11,14.19,14.44,14.06,14.44,100400,4.24
2000-05-10,14.38,14.38,14.25,14.31,71900,4.21
2000-05-09,14.62,14.62,14.50,14.62,59300,4.30
2000-05-08,14.62,14.75,14.62,14.69,13600,4.32
2000-05-05,14.56,14.75,14.56,14.75,29000,4.34
2000-05-04,14.69,14.69,14.50,14.69,36400,4.32
2000-05-03,15.06,15.12,14.75,14.75,40600,4.34
2000-05-02,15.12,15.31,15.06,15.12,17300,4.45
2000-05-01,15.00,15.25,14.88,15.19,35600,4.47
2000-04-28,15.00,15.25,14.88,15.19,30900,4.47
2000-04-27,14.62,14.88,14.12,14.88,55200,4.37
2000-04-26,14.75,14.88,14.69,14.88,32100,4.37
2000-04-25,14.62,15.00,14.50,15.00,57600,4.41
2000-04-24,14.56,14.62,14.19,14.56,43600,4.28
2000-04-20,14.69,14.69,14.50,14.62,65400,4.30
2000-04-19,15.00,15.00,14.56,14.62,31300,4.30
2000-04-18,14.25,14.88,14.25,14.88,85900,4.37
2000-04-17,14.38,14.44,14.25,14.38,164900,4.23
2000-04-14,15.69,15.69,14.56,14.81,80500,4.35
2000-04-13,16.25,16.38,15.50,15.94,42700,4.69
2000-04-12,16.75,16.81,16.31,16.31,37200,4.80
2000-04-11,16.88,16.88,16.62,16.62,16500,4.89
2000-04-10,16.94,17.00,16.88,16.88,17600,4.96
2000-04-07,16.56,16.88,16.56,16.75,16400,4.92
2000-04-06,16.44,16.56,16.12,16.38,90300,4.81
2000-04-05,16.56,16.56,16.44,16.50,50900,4.85
2000-04-04,16.94,16.94,16.44,16.56,52000,4.87
2000-04-03,17.31,17.31,16.88,16.94,29000,4.98
2000-03-31,17.56,17.56,17.31,17.38,31100,5.11
2000-03-30,17.50,17.62,17.38,17.50,14100,5.15
2000-03-29,18.00,18.00,17.56,17.69,29100,5.20
2000-03-28,17.94,18.00,17.75,17.94,25900,5.27
2000-03-27,18.12,18.19,17.88,18.00,50200,5.29
2000-03-24,17.19,17.94,17.19,17.94,75900,5.27
2000-03-23,16.88,17.19,16.88,17.06,53400,5.02
2000-03-22,17.19,17.19,16.94,16.94,28700,4.98
2000-03-21,17.06,17.06,16.88,17.06,15500,5.02
2000-03-20,17.00,17.06,17.00,17.06,66600,5.02
2000-03-17,17.00,17.06,16.88,17.00,12300,5.00
2000-03-16,16.75,17.06,16.75,17.06,27400,5.02
2000-03-15,16.75,16.94,16.62,16.94,35900,4.98
2000-03-14,17.06,17.12,16.75,16.81,86400,4.94
2000-03-13,17.25,17.25,17.00,17.06,65700,5.02
2000-03-10,17.81,17.94,17.75,17.88,23500,5.26
2000-03-09,18.00,18.06,17.88,18.00,28100,5.29
2000-03-08,17.88,18.06,17.81,17.94,46000,5.27
2000-03-07,17.94,17.94,17.38,17.62,43200,5.18
2000-03-06,17.81,18.00,17.75,17.88,66300,5.26
2000-03-03,17.31,17.75,17.31,17.69,17900,5.20
2000-03-02,16.94,17.25,16.94,17.25,63800,5.07
2000-03-01,16.50,16.75,16.50,16.75,77500,4.92
2000-02-29,16.69,16.75,16.38,16.62,287700,4.89
2000-02-28,16.69,16.75,16.38,16.56,55400,4.87
2000-02-25,16.75,16.88,16.69,16.75,44200,4.92
2000-02-24,16.69,16.88,16.69,16.88,48000,4.96
2000-02-23,16.56,16.88,16.56,16.81,38000,4.94
2000-02-22,16.62,16.69,16.44,16.69,74100,4.91
2000-02-18,16.75,16.81,16.50,16.69,37900,4.91
2000-02-17,16.81,16.94,16.81,16.94,76700,4.98
2000-02-16,16.69,16.88,16.62,16.88,39500,4.96
2000-02-15,16.25,16.69,16.25,16.62,151000,4.89
2000-02-14,17.19,17.62,15.88,16.25,782300,4.78
2000-02-11,17.56,17.75,17.12,17.19,40600,5.05
2000-02-10,17.31,17.69,17.31,17.50,19600,5.15
2000-02-09,17.38,17.50,17.06,17.25,35000,5.07
2000-02-08,17.06,17.25,17.00,17.25,40700,5.07
2000-02-07,16.75,16.88,16.75,16.88,30800,4.96
2000-02-04,16.44,16.69,16.31,16.62,102200,4.89
2000-02-03,16.12,16.38,16.12,16.38,51000,4.81
2000-02-02,16.19,16.19,16.00,16.06,70300,4.72
2000-02-01,16.19,16.25,15.94,16.25,26300,4.78
2000-01-31,16.62,16.62,16.19,16.19,18400,4.76
2000-01-28,16.75,16.75,16.50,16.50,43800,4.85
2000-01-27,16.50,16.62,16.50,16.62,35700,4.89
2000-01-26,16.56,16.56,16.25,16.31,22000,4.80
2000-01-25,16.12,16.25,16.12,16.19,25900,4.76
2000-01-24,16.62,16.75,16.19,16.38,74100,4.81
2000-01-21,16.50,16.56,16.50,16.50,39900,4.85
2000-01-20,16.69,16.88,16.50,16.50,17300,4.85
2000-01-19,16.81,16.81,16.56,16.62,41700,4.89
2000-01-18,16.50,17.06,16.50,16.81,50700,4.94
2000-01-14,16.44,17.00,16.44,17.00,33700,5.00
2000-01-13,16.38,16.75,16.38,16.75,29600,4.92
2000-01-12,16.31,16.31,16.12,16.31,17100,4.80
2000-01-11,16.50,16.62,16.31,16.38,62800,4.81
2000-01-10,16.38,16.62,16.38,16.56,39100,4.87
2000-01-07,16.25,16.31,15.94,16.25,61700,4.78
2000-01-06,16.38,16.50,16.25,16.25,84900,4.78
2000-01-05,16.12,16.56,16.12,16.56,54700,4.87
2000-01-04,16.88,16.88,16.38,16.38,199700,4.81
2000-01-03,16.75,17.12,16.75,16.88,131500,4.96
1999-12-31,15.94,16.31,15.88,16.31,21300,4.80
1999-12-30,15.81,16.00,15.81,16.00,33400,4.70
1999-12-29,15.75,16.00,15.75,15.94,40400,4.69
1999-12-28,15.50,16.12,15.50,15.75,67000,4.63
1999-12-27,15.44,15.69,15.31,15.56,58900,4.58
1999-12-23,15.00,15.25,15.00,15.25,26300,4.48
1999-12-22,14.88,15.19,14.88,15.06,34000,4.43
1999-12-21,14.75,14.88,14.75,14.81,17900,4.35
1999-12-20,14.50,14.75,14.50,14.62,49000,4.30
1999-12-17,14.38,14.50,14.31,14.44,123000,4.24
1999-12-16,14.38,14.50,14.31,14.38,104900,4.23
1999-12-15,14.50,14.50,14.31,14.38,41100,4.23
1999-12-14,14.62,14.81,14.50,14.50,36700,4.26
1999-12-13,14.69,14.75,14.62,14.75,53600,4.34
1999-12-10,14.25,14.62,14.25,14.50,54700,4.26
1999-12-09,14.31,14.56,14.25,14.25,85600,4.19
1999-12-08,14.00,14.25,14.00,14.19,67800,4.17
1999-12-07,13.75,14.06,13.75,13.94,37800,4.10
1999-12-06,13.94,13.94,13.69,13.69,99800,4.02
1999-12-03,13.38,13.69,13.38,13.56,61700,3.99
1999-12-02,13.25,13.38,13.25,13.25,48900,3.90
1999-12-01,13.06,13.38,13.06,13.31,36900,3.91
1999-11-30,13.25,13.31,13.06,13.12,23200,3.86
1999-11-29,13.25,13.25,13.19,13.25,18900,3.90
1999-11-26,13.31,13.38,13.31,13.38,29000,3.93
1999-11-24,13.25,13.31,13.25,13.31,103000,3.91
1999-11-23,13.38,13.44,13.31,13.38,187700,3.93
1999-11-22,13.06,13.31,13.06,13.31,162800,3.91
1999-11-19,12.81,12.94,12.75,12.94,172600,3.80
1999-11-18,12.69,12.81,12.69,12.75,30700,3.75
1999-11-17,12.62,12.81,12.56,12.69,28800,3.73
1999-11-16,12.62,12.81,12.62,12.75,24500,3.75
1999-11-15,12.56,12.69,12.56,12.69,14400,3.73
1999-11-12,12.44,12.56,12.44,12.50,16700,3.68
1999-11-11,12.31,12.50,12.31,12.38,64200,3.64
1999-11-10,12.19,12.38,12.12,12.19,69900,3.58
1999-11-09,12.25,12.38,12.12,12.25,11900,3.60
1999-11-08,12.12,12.38,12.06,12.31,66600,3.62
1999-11-05,12.19,12.31,12.12,12.25,13700,3.60
1999-11-04,11.75,12.12,11.75,12.12,85800,3.56
1999-11-03,11.56,11.75,11.56,11.75,28800,3.45
1999-11-02,11.25,11.56,11.25,11.56,35400,3.40
1999-11-01,11.31,11.44,11.25,11.25,26700,3.31
1999-10-29,11.25,11.38,11.06,11.19,71600,3.29
1999-10-28,11.12,11.12,11.00,11.12,44500,3.27
1999-10-27,11.00,11.00,10.88,11.00,17500,3.23
1999-10-26,10.81,11.00,10.81,10.94,33000,3.22
1999-10-25,10.88,11.00,10.88,10.94,13100,3.22
1999-10-22,10.75,11.06,10.75,11.00,50100,3.23
1999-10-21,10.88,10.88,10.69,10.69,34800,3.14
1999-10-20,10.88,10.94,10.88,10.88,11100,3.20
1999-10-19,10.75,10.94,10.75,10.75,10700,3.16
1999-10-18,10.81,10.81,10.62,10.62,18900,3.12
1999-10-15,10.81,10.88,10.81,10.81,21000,3.18
1999-10-14,11.06,11.19,10.94,10.94,11000,3.22
1999-10-13,11.19,11.25,11.06,11.06,21200,3.25
1999-10-12,11.25,11.31,11.19,11.19,30700,3.29
1999-10-11,11.31,11.38,11.25,11.25,20300,3.31
1999-10-08,11.25,11.31,11.25,11.25,15500,3.31
1999-10-07,11.12,11.31,11.12,11.25,10600,3.31
1999-10-06,11.00,11.06,10.88,11.00,10100,3.23
1999-10-05,10.94,11.19,10.88,11.00,28900,3.23
1999-10-04,10.88,11.12,10.88,11.06,21300,3.25
1999-10-01,10.75,10.88,10.62,10.88,40700,3.20
1999-09-30,10.88,11.00,10.81,11.00,15400,3.23
1999-09-29,10.81,10.88,10.75,10.81,18300,3.18
1999-09-28,10.94,10.94,10.69,10.81,30100,3.18
1999-09-27,11.00,11.06,10.88,10.88,5800,3.20
1999-09-24,10.88,11.00,10.88,11.00,33400,3.23
1999-09-23,11.12,11.19,11.12,11.12,25100,3.27
1999-09-22,11.12,11.19,11.12,11.12,17400,3.27
1999-09-21,11.12,11.19,11.06,11.12,29300,3.27
1999-09-20,11.12,11.25,11.12,11.12,14200,3.27
1999-09-17,11.19,11.25,11.12,11.12,77500,3.27
1999-09-16,11.31,11.31,11.06,11.12,23200,3.27
1999-09-15,11.50,11.56,11.44,11.44,79900,3.36
1999-09-14,11.69,11.75,11.50,11.56,22100,3.40
1999-09-13,11.44,11.69,11.44,11.62,41500,3.42
1999-09-10,11.44,11.56,11.44,11.50,18400,3.38
1999-09-09,11.38,11.50,11.38,11.44,15400,3.36
1999-09-08,11.25,11.38,11.25,11.38,8100,3.34
1999-09-07,11.38,11.44,11.25,11.31,44600,3.33
1999-09-03,11.31,11.44,11.31,11.38,18100,3.34
1999-09-02,11.12,11.19,11.06,11.12,43400,3.27
1999-09-01,11.31,11.31,11.25,11.25,96300,3.31
1999-08-31,11.25,11.25,11.12,11.19,110900,3.29
1999-08-30,11.50,11.56,11.38,11.38,35600,3.34
1999-08-27,11.44,11.50,11.44,11.44,20400,3.36
1999-08-26,11.50,11.62,11.44,11.44,34100,3.36
1999-08-25,11.31,11.44,11.31,11.44,28000,3.36
1999-08-24,11.25,11.38,11.25,11.31,27700,3.33
1999-08-23,11.12,11.31,11.12,11.31,29200,3.33
1999-08-20,11.00,11.19,11.00,11.06,33200,3.25
1999-08-19,11.12,11.19,11.00,11.12,10500,3.27
1999-08-18,11.25,11.38,11.19,11.19,6400,3.29
1999-08-17,11.31,11.38,11.25,11.25,37800,3.31
1999-08-16,11.25,11.31,11.25,11.25,19600,3.31
1999-08-13,11.12,11.31,11.12,11.25,21800,3.31
1999-08-12,11.12,11.12,11.00,11.06,43300,3.25
1999-08-11,11.12,11.12,10.88,11.00,28300,3.23
1999-08-10,11.06,11.19,11.06,11.12,61100,3.27
1999-08-09,11.06,11.19,11.06,11.12,17600,3.27
1999-08-06,11.19,11.25,11.00,11.06,7800,3.25
1999-08-05,11.25,11.25,11.00,11.12,30100,3.27
1999-08-04,11.38,11.44,11.38,11.38,81500,3.34
1999-08-03,11.44,11.50,11.31,11.38,78200,3.34
1999-08-02,11.38,11.50,11.38,11.44,30200,3.36
1999-07-30,11.25,11.50,11.25,11.44,29300,3.36
1999-07-29,11.38,11.44,11.25,11.25,24400,3.31
1999-07-28,11.50,11.50,11.31,11.38,113900,3.34
1999-07-27,11.31,11.62,11.31,11.50,32800,3.38
1999-07-26,11.62,11.62,11.25,11.38,13700,3.34
1999-07-23,11.75,11.81,11.69,11.69,23500,3.44
1999-07-22,12.00,12.00,11.81,11.81,48000,3.47
1999-07-21,12.00,12.06,12.00,12.00,39100,3.53
1999-07-20,12.06,12.19,12.00,12.06,14200,3.55
1999-07-19,12.00,12.25,12.00,12.06,131300,3.55
1999-07-16,12.06,12.06,12.00,12.06,44800,3.55
1999-07-15,12.06,12.19,12.06,12.19,100800,3.58
1999-07-14,12.00,12.06,11.94,11.94,66300,3.51
1999-07-13,12.31,12.31,11.88,12.12,96600,3.56
1999-07-12,12.62,12.62,12.38,12.44,44800,3.66
1999-07-09,12.25,12.38,12.25,12.38,16900,3.64
1999-07-08,12.31,12.31,12.19,12.25,12700,3.60
1999-07-07,12.38,12.38,12.25,12.31,43800,3.62
1999-07-06,12.00,12.50,12.00,12.50,91000,3.68
1999-07-02,12.00,12.00,11.88,11.94,39400,3.51
1999-07-01,11.81,11.88,11.75,11.88,41200,3.49
1999-06-30,11.62,11.75,11.38,11.69,104100,3.44
1999-06-29,11.75,11.88,11.69,11.75,13800,3.45
1999-06-28,11.88,11.88,11.62,11.75,17700,3.45
1999-06-25,11.75,11.88,11.62,11.75,33400,3.45
1999-06-24,12.12,12.12,11.69,11.75,62700,3.45
1999-06-23,12.19,12.19,12.00,12.12,45500,3.56
1999-06-22,11.94,12.25,11.88,12.12,52900,3.56
1999-06-21,11.69,11.94,11.69,11.88,46200,3.49
1999-06-18,11.44,11.69,11.44,11.69,21200,3.44
1999-06-17,11.44,11.75,11.38,11.44,81000,3.36
1999-06-16,11.19,11.50,11.19,11.31,108200,3.33
1999-06-15,10.88,11.19,10.88,11.12,62200,3.27
1999-06-14,11.06,11.12,11.06,11.12,28700,3.27
1999-06-11,11.19,11.19,11.00,11.00,53000,3.23
1999-06-10,11.00,11.12,11.00,11.06,90800,3.25
1999-06-09,10.94,11.12,10.94,10.94,98100,3.22
1999-06-08,11.06,11.12,10.94,10.94,59700,3.22
1999-06-07,10.81,11.00,10.75,11.00,55800,3.23
1999-06-04,10.56,10.69,10.56,10.69,24000,3.14
1999-06-03,10.56,10.56,10.44,10.50,65000,3.09
1999-06-02,10.50,10.56,10.50,10.56,20600,3.11
1999-06-01,10.44,10.56,10.44,10.56,61000,3.11
1999-05-28,10.25,10.38,10.25,10.38,35500,3.05
1999-05-27,10.50,10.56,10.31,10.38,33500,3.05
1999-05-26,10.19,10.62,10.19,10.56,87300,3.11
1999-05-25,10.62,10.62,10.12,10.19,145300,3.00
1999-05-24,11.25,11.31,10.62,10.62,127700,3.12
1999-05-21,11.44,11.50,11.25,11.31,21100,3.33
1999-05-20,11.44,11.56,11.31,11.31,21000,3.33
1999-05-19,11.50,11.50,11.44,11.44,30000,3.36
1999-05-18,11.44,11.62,11.44,11.50,31800,3.38
1999-05-17,11.44,11.50,11.25,11.31,20900,3.33
1999-05-14,11.50,11.75,11.44,11.50,47900,3.38
1999-05-13,11.75,11.81,11.75,11.75,18900,3.45
1999-05-12,11.88,11.88,11.56,11.69,28500,3.44
1999-05-11,11.81,11.94,11.81,11.88,21100,3.49
1999-05-10,11.62,11.88,11.62,11.81,11000,3.47
1999-05-07,11.56,11.81,11.56,11.62,33400,3.42
1999-05-06,11.50,11.62,11.50,11.50,32900,3.38
1999-05-05,11.75,11.75,11.38,11.50,26600,3.38
1999-05-04,11.44,11.88,11.44,11.75,98500,3.45
1999-05-03,11.00,11.50,11.00,11.38,31900,3.34
1999-04-30,10.94,11.12,10.88,11.06,74500,3.25
1999-04-29,10.88,11.19,10.88,11.00,45900,3.23
1999-04-28,11.00,11.00,10.88,10.94,21900,3.22
1999-04-27,10.88,11.00,10.88,10.94,26700,3.22
1999-04-26,10.69,10.88,10.69,10.88,51400,3.20
1999-04-23,10.62,10.69,10.56,10.62,74700,3.12
1999-04-22,10.69,10.69,10.56,10.62,66000,3.12
1999-04-21,10.56,10.69,10.56,10.62,20900,3.12
1999-04-20,10.81,10.81,10.56,10.56,24400,3.11
1999-04-19,10.75,11.00,10.75,10.75,107900,3.16
1999-04-16,10.38,10.62,10.38,10.56,35000,3.11
1999-04-15,10.19,10.31,10.19,10.25,14000,3.01
1999-04-14,10.00,10.19,10.00,10.12,40500,2.98
1999-04-13,9.94,10.19,9.94,10.00,44400,2.94
1999-04-12,10.00,10.00,9.94,9.94,10500,2.92
1999-04-09,10.12,10.12,10.00,10.00,20100,2.94
1999-04-08,10.25,10.25,10.06,10.12,15800,2.98
1999-04-07,10.06,10.31,10.00,10.12,81500,2.98
1999-04-06,9.75,9.94,9.75,9.94,91000,2.92
1999-04-05,9.69,9.69,9.56,9.69,68500,2.85
1999-04-01,9.62,9.62,9.56,9.56,12900,2.81
1999-03-31,9.56,9.62,9.56,9.56,10200,2.81
1999-03-30,9.50,9.69,9.50,9.56,99600,2.81
1999-03-29,9.44,9.62,9.44,9.50,98200,2.79
1999-03-26,9.44,9.50,9.44,9.50,33400,2.79
1999-03-25,9.44,9.56,9.44,9.44,45900,2.77
1999-03-24,9.38,9.44,9.31,9.38,15200,2.76
1999-03-23,9.56,9.56,9.44,9.44,33200,2.77
1999-03-22,9.56,9.69,9.50,9.56,42500,2.81
1999-03-19,9.56,9.75,9.56,9.62,49100,2.83
1999-03-18,9.44,9.62,9.44,9.56,51700,2.81
1999-03-17,9.50,9.62,9.44,9.56,50000,2.81
1999-03-16,9.38,9.50,9.38,9.44,76500,2.77
1999-03-15,9.19,9.38,9.19,9.31,82700,2.74
1999-03-12,9.25,9.31,9.19,9.19,73800,2.70
1999-03-11,9.31,9.38,9.19,9.19,114800,2.70
1999-03-10,8.94,9.25,8.94,9.25,77900,2.72
1999-03-09,8.69,8.88,8.69,8.75,302000,2.57
1999-03-08,8.56,8.62,8.50,8.56,19100,2.52
1999-03-05,8.62,8.69,8.56,8.56,250300,2.52
1999-03-04,8.50,8.56,8.44,8.50,34800,2.50
1999-03-03,8.56,8.62,8.56,8.56,32200,2.52
1999-03-02,8.62,8.69,8.56,8.69,253600,2.55
1999-03-01,8.56,8.69,8.56,8.69,276400,2.55
1999-02-26,8.50,8.62,8.50,8.62,51300,2.54
1999-02-25,8.50,8.56,8.38,8.38,43000,2.46
1999-02-24,8.62,8.69,8.50,8.50,168000,2.50
1999-02-23,8.75,8.75,8.50,8.56,54200,2.52
1999-02-22,8.62,8.88,8.62,8.75,51000,2.57
1999-02-19,8.75,8.75,8.62,8.62,69700,2.54
1999-02-18,8.75,8.81,8.56,8.75,268100,2.57
1999-02-17,8.69,8.88,8.69,8.81,83200,2.59
1999-02-16,8.62,8.88,8.62,8.75,36500,2.57
1999-02-12,8.62,8.69,8.62,8.69,36100,2.55
1999-02-11,8.50,8.56,8.38,8.56,44700,2.52
1999-02-10,8.38,8.50,8.31,8.44,22900,2.48
1999-02-09,8.44,8.50,8.38,8.44,23500,2.48
1999-02-08,8.50,8.62,8.50,8.50,114200,2.50
1999-02-05,8.56,8.56,8.38,8.44,33900,2.48
1999-02-04,8.56,8.62,8.56,8.56,31900,2.52
1999-02-03,8.56,8.69,8.56,8.56,13200,2.52
1999-02-02,8.69,8.69,8.56,8.56,42500,2.52
1999-02-01,8.38,8.69,8.38,8.62,102400,2.54
1999-01-29,8.38,8.50,8.38,8.38,39000,2.46
1999-01-28,8.31,8.44,8.31,8.38,27300,2.46
1999-01-27,8.31,8.38,8.31,8.38,31700,2.46
1999-01-26,8.12,8.31,8.12,8.31,48700,2.44
1999-01-25,8.31,8.31,8.12,8.19,19600,2.41
1999-01-22,8.44,8.44,8.31,8.44,42800,2.48
1999-01-21,8.56,8.62,8.44,8.56,71900,2.52
1999-01-20,8.38,8.69,8.38,8.62,72700,2.54
1999-01-19,8.31,8.44,8.25,8.38,95100,2.46
1999-01-15,8.19,8.44,8.12,8.31,33800,2.44
1999-01-14,7.88,8.06,7.88,7.94,29100,2.33
1999-01-13,8.06,8.06,7.88,8.00,49200,2.35
1999-01-12,8.50,8.50,8.44,8.44,55200,2.48
1999-01-11,8.88,8.88,8.62,8.62,47100,2.54
1999-01-08,8.75,9.00,8.75,8.88,105500,2.61
1999-01-07,8.94,8.94,8.75,8.75,109500,2.57
1999-01-06,8.69,9.00,8.69,8.94,56700,2.63
1999-01-05,8.31,8.50,8.31,8.44,40300,2.48
1999-01-04,8.12,8.44,8.12,8.31,66800,2.44
1998-12-31,8.12,8.19,7.94,8.12,256900,2.39
1998-12-30,8.25,8.38,8.12,8.19,163200,2.41
1998-12-29,8.38,8.44,8.25,8.25,303200,2.43
1998-12-28,8.38,8.44,8.38,8.38,152000,2.46
1998-12-24,8.38,8.44,8.38,8.38,69100,2.46
1998-12-23,8.38,8.44,8.38,8.38,182500,2.46
1998-12-22,8.12,8.44,8.12,8.19,202600,2.41
1998-12-21,8.06,8.19,8.06,8.12,149600,2.39
1998-12-18,8.00,8.12,8.00,8.00,122000,2.35
1998-12-17,7.88,7.94,7.75,7.81,131200,2.30
1998-12-16,7.81,8.00,7.81,7.81,86800,2.30
1998-12-15,7.81,8.00,7.81,7.94,108400,2.33
1998-12-14,8.19,8.19,7.81,7.88,137200,2.32
1998-12-11,8.19,8.25,8.06,8.19,71500,2.41
1998-12-10,8.38,8.50,8.31,8.31,54500,2.44
1998-12-09,8.25,8.31,8.12,8.31,149400,2.44
1998-12-08,8.25,8.38,8.19,8.19,125700,2.41
1998-12-07,8.19,8.31,8.19,8.25,145200,2.43
1998-12-04,8.19,8.31,8.12,8.12,46500,2.39
1998-12-03,8.44,8.44,8.25,8.31,74700,2.44
1998-12-02,8.56,8.56,8.44,8.56,43200,2.52
1998-12-01,8.75,8.75,8.50,8.62,64500,2.54
1998-11-30,8.75,8.75,8.62,8.69,122500,2.55
1998-11-27,8.81,8.88,8.81,8.81,145100,2.59
1998-11-25,8.81,8.88,8.81,8.81,92800,2.59
1998-11-24,9.00,9.00,8.81,8.88,39300,2.61
1998-11-23,8.88,9.06,8.88,9.06,259900,2.66
1998-11-20,8.94,9.00,8.62,8.69,96000,2.55
1998-11-19,8.69,8.94,8.69,8.75,74400,2.57
1998-11-18,8.69,8.75,8.62,8.75,44200,2.57
1998-11-17,8.81,8.88,8.62,8.62,142900,2.54
1998-11-16,8.69,8.94,8.62,8.94,72200,2.63
1998-11-13,8.50,8.62,8.50,8.62,68900,2.54
1998-11-12,8.75,8.75,8.50,8.50,117200,2.50
1998-11-11,8.69,8.81,8.69,8.69,148400,2.55
1998-11-10,8.69,8.75,8.56,8.62,93100,2.54
1998-11-09,9.25,9.25,8.69,8.75,210400,2.57
1998-11-06,8.88,9.00,8.88,8.94,91600,2.63
1998-11-05,8.81,8.94,8.75,8.88,106400,2.61
1998-11-04,9.12,9.12,8.75,8.94,211800,2.63
1998-11-03,8.38,8.88,8.38,8.56,120900,2.52
1998-11-02,8.06,8.38,8.06,8.31,41700,2.44
1998-10-30,7.75,7.94,7.75,7.94,78600,2.33
1998-10-29,7.75,7.81,7.62,7.75,63700,2.28
1998-10-28,7.69,7.81,7.62,7.62,95900,2.24
1998-10-27,7.62,7.81,7.62,7.69,109900,2.26
1998-10-26,7.56,7.81,7.56,7.62,57300,2.24
1998-10-23,7.88,7.88,7.50,7.56,146200,2.22
1998-10-22,7.88,7.88,7.69,7.88,114200,2.32
1998-10-21,7.88,7.94,7.75,7.94,151500,2.33
1998-10-20,7.56,7.75,7.56,7.75,154600,2.28
1998-10-19,7.44,7.62,7.44,7.50,110200,2.21
1998-10-16,7.56,7.62,7.38,7.44,49100,2.19
1998-10-15,7.25,7.62,7.25,7.62,63400,2.24
1998-10-14,7.12,7.19,7.06,7.12,78700,2.09
1998-10-13,6.88,7.25,6.88,7.12,70900,2.09
1998-10-12,7.06,7.25,6.81,6.81,122400,2.00
1998-10-09,6.62,6.88,6.62,6.81,42100,2.00
1998-10-08,6.50,6.62,6.38,6.50,96600,1.91
1998-10-07,6.50,6.75,6.50,6.62,58600,1.95
1998-10-06,6.75,7.06,6.75,6.81,118700,2.00
1998-10-05,6.62,6.81,6.62,6.75,162600,1.98
1998-10-02,6.56,6.75,6.56,6.69,43200,1.97
1998-10-01,6.62,6.75,6.62,6.62,40000,1.95
1998-09-30,7.00,7.00,6.88,6.88,59700,2.02
1998-09-29,7.06,7.19,7.06,7.12,96400,2.09
1998-09-28,7.25,7.31,7.06,7.06,75600,2.08
1998-09-25,7.00,7.12,6.81,7.12,65600,2.09
1998-09-24,7.06,7.19,7.06,7.06,94100,2.08
1998-09-23,6.62,7.12,6.62,7.06,120700,2.08
1998-09-22,6.69,6.88,6.50,6.56,211600,1.93
1998-09-21,6.56,6.56,6.38,6.50,134200,1.91
1998-09-18,6.69,6.81,6.62,6.75,112500,1.98
1998-09-17,6.88,6.88,6.62,6.75,127600,1.98
1998-09-16,7.12,7.12,6.88,7.06,236000,2.08
1998-09-15,6.81,7.00,6.62,7.00,177600,2.06
1998-09-14,6.56,6.94,6.38,6.94,75700,2.04
1998-09-11,6.25,6.44,6.19,6.44,57500,1.89
1998-09-10,6.50,6.50,6.31,6.31,54200,1.86
1998-09-09,6.50,6.62,6.44,6.56,65000,1.93
1998-09-08,6.75,7.06,6.38,6.62,97400,1.95
1998-09-04,6.81,6.81,6.25,6.31,108300,1.86
1998-09-03,6.88,7.12,6.75,6.75,109900,1.98
1998-09-02,7.06,7.25,7.00,7.00,97300,2.06
1998-09-01,6.56,7.00,6.56,7.00,74400,2.06
1998-08-31,7.00,7.00,6.69,6.69,106700,1.97
1998-08-28,6.94,7.25,6.94,7.12,192500,2.09
1998-08-27,7.31,7.31,6.62,6.81,181100,2.00
1998-08-26,7.81,7.81,7.62,7.62,55800,2.24
1998-08-25,7.88,8.12,7.88,8.06,32700,2.37
1998-08-24,8.00,8.00,7.81,7.94,64800,2.33
1998-08-21,8.44,8.44,7.69,8.00,143700,2.35
1998-08-20,8.69,8.69,8.50,8.50,27300,2.50
1998-08-19,8.56,8.69,8.56,8.62,10500,2.54
1998-08-18,8.56,8.69,8.50,8.50,46000,2.50
1998-08-17,8.69,8.69,8.50,8.50,216200,2.50
1998-08-14,8.81,8.81,8.69,8.81,63300,2.59
1998-08-13,8.56,8.62,8.50,8.56,118700,2.52
1998-08-12,8.62,8.75,8.56,8.56,97800,2.52
1998-08-11,8.31,8.50,8.25,8.31,133800,2.44
1998-08-10,8.94,9.12,8.81,8.81,60300,2.59
1998-08-07,9.19,9.31,8.88,8.94,49700,2.63
1998-08-06,9.12,9.25,9.06,9.12,61800,2.68
1998-08-05,9.38,9.38,9.12,9.12,97300,2.68
1998-08-04,9.75,9.81,9.31,9.50,37000,2.79
1998-08-03,9.62,9.81,9.44,9.75,37400,2.87
1998-07-31,9.94,10.06,9.81,9.81,27500,2.88
1998-07-30,9.81,10.12,9.81,10.00,54600,2.94
1998-07-29,9.94,10.06,9.88,9.94,62000,2.92
1998-07-28,9.94,10.00,9.75,9.75,55800,2.87
1998-07-27,9.94,10.00,9.88,9.88,48800,2.90
1998-07-24,10.12,10.19,10.06,10.06,61700,2.96
1998-07-23,10.25,10.31,10.06,10.06,102100,2.96
1998-07-22,10.44,10.44,10.25,10.25,103200,3.01
1998-07-21,10.62,10.69,10.50,10.50,75000,3.09
1998-07-20,10.88,10.94,10.62,10.69,60600,3.14
1998-07-17,10.62,10.94,10.62,10.94,210400,3.22
1998-07-16,10.69,10.75,10.50,10.75,75300,3.16
1998-07-15,10.50,10.62,10.44,10.56,29200,3.11
1998-07-14,10.25,10.50,10.25,10.44,86500,3.07
1998-07-13,10.31,10.44,10.25,10.25,76200,3.01
1998-07-10,10.12,10.50,10.12,10.31,61400,3.03
1998-07-09,10.12,10.25,10.06,10.25,43700,3.01
1998-07-08,10.06,10.19,10.00,10.06,50800,2.96
1998-07-07,9.75,10.12,9.75,10.06,70900,2.96
1998-07-06,9.69,9.81,9.69,9.75,171000,2.87
1998-07-02,9.88,9.88,9.69,9.88,108400,2.90
1998-07-01,9.62,10.00,9.62,9.75,94000,2.87
1998-06-30,9.50,9.56,9.38,9.38,47400,2.75
1998-06-29,9.62,9.88,9.44,9.44,114100,2.77
1998-06-26,9.69,9.88,9.62,9.69,37300,2.85
1998-06-25,9.75,9.94,9.75,9.94,30500,2.92
1998-06-24,9.88,9.94,9.69,9.94,56700,2.92
1998-06-23,9.56,9.88,9.56,9.75,56100,2.87
1998-06-22,9.31,9.81,9.31,9.56,84000,2.81
1998-06-19,9.75,9.88,9.62,9.62,39200,2.83
1998-06-18,10.00,10.00,9.75,9.88,66900,2.90
1998-06-17,9.50,9.94,9.50,9.94,87400,2.92
1998-06-16,9.06,9.50,9.06,9.44,36300,2.77
1998-06-15,8.81,9.12,8.81,8.94,118800,2.63
1998-06-12,9.50,9.62,9.38,9.44,60500,2.77
1998-06-11,9.62,9.75,9.38,9.50,189000,2.79
1998-06-10,10.19,10.31,9.56,9.75,66700,2.87
1998-06-09,10.56,10.56,10.19,10.25,55700,3.01
1998-06-08,10.50,10.69,10.50,10.56,19100,3.10
1998-06-05,10.44,10.56,10.38,10.44,20800,3.07
1998-06-04,10.12,10.50,10.12,10.38,82400,3.05
1998-06-03,10.19,10.50,10.19,10.25,54700,3.01
1998-06-02,10.00,10.25,9.94,10.06,93200,2.96
1998-06-01,10.12,10.25,10.00,10.06,46500,2.96
1998-05-29,10.50,10.50,10.38,10.38,34600,3.05
1998-05-28,10.50,10.69,10.38,10.38,111000,3.05
1998-05-27,10.62,10.75,10.25,10.56,61400,3.10
1998-05-26,11.31,11.31,10.94,10.94,46800,3.21
1998-05-22,11.25,11.44,11.25,11.44,26700,3.36
1998-05-21,11.25,11.44,11.25,11.31,59900,3.32
1998-05-20,11.12,11.50,11.12,11.12,28500,3.27
1998-05-19,11.12,11.31,11.12,11.12,27800,3.27
1998-05-18,11.19,11.31,11.00,11.12,78900,3.27
1998-05-15,11.38,11.44,11.31,11.31,40000,3.32
1998-05-14,11.25,11.50,11.25,11.25,93400,3.31
1998-05-13,11.56,11.69,11.50,11.50,76200,3.38
1998-05-12,11.75,11.75,11.56,11.69,79700,3.43
1998-05-11,11.88,12.06,11.88,12.06,88900,3.54
1998-05-08,11.81,11.94,11.69,11.75,57300,3.45
1998-05-07,11.94,12.00,11.75,11.81,66500,3.47
1998-05-06,12.56,12.56,12.06,12.06,62700,3.54
1998-05-05,12.50,12.69,12.50,12.56,51800,3.69
1998-05-04,12.69,12.75,12.50,12.50,28600,3.67
1998-05-01,12.62,12.75,12.50,12.69,22100,3.73
1998-04-30,12.50,12.69,12.50,12.62,57600,3.71
1998-04-29,12.38,12.50,12.38,12.44,28400,3.65
1998-04-28,12.50,12.62,12.38,12.38,19900,3.64
1998-04-27,12.62,12.62,12.38,12.44,47200,3.65
1998-04-24,12.56,12.75,12.56,12.75,35000,3.75
1998-04-23,12.44,12.62,12.44,12.56,92900,3.69
1998-04-22,12.75,12.88,12.62,12.75,52200,3.75
1998-04-21,12.75,12.88,12.69,12.81,31500,3.77
1998-04-20,12.75,12.75,12.62,12.69,29500,3.73
1998-04-17,12.56,12.75,12.56,12.62,57300,3.71
1998-04-16,12.50,12.69,12.38,12.50,82700,3.67
1998-04-15,12.56,12.69,12.56,12.62,32000,3.71
1998-04-14,12.50,12.69,12.44,12.56,39000,3.69
1998-04-13,12.50,12.62,12.25,12.31,77000,3.62
1998-04-09,12.69,12.75,12.62,12.69,37500,3.73
1998-04-08,12.69,12.69,12.62,12.62,94400,3.71
1998-04-07,12.44,12.69,12.38,12.62,109700,3.71
1998-04-06,12.50,12.56,12.25,12.44,128400,3.65
1998-04-03,12.75,12.88,12.38,12.50,41400,3.67
1998-04-02,12.50,12.81,12.50,12.56,60100,3.69
1998-04-01,12.25,12.62,12.25,12.62,77200,3.71
1998-03-31,12.69,12.75,12.50,12.50,80000,3.67
1998-03-30,12.88,13.00,12.62,12.69,78400,3.73
1998-03-27,12.81,12.94,12.81,12.94,61800,3.80
1998-03-26,12.81,12.94,12.75,12.81,67000,3.77
1998-03-25,13.12,13.12,12.69,12.88,83500,3.78
1998-03-24,12.94,13.19,12.94,13.00,32600,3.82
1998-03-23,12.88,13.00,12.75,12.94,96200,3.80
1998-03-20,12.75,12.88,12.62,12.75,31500,3.75
1998-03-19,12.50,12.81,12.50,12.75,38000,3.75
1998-03-18,12.50,12.62,12.50,12.50,42700,3.67
1998-03-17,12.50,12.50,12.31,12.38,69100,3.64
1998-03-16,12.44,12.56,12.44,12.56,67300,3.69
1998-03-13,12.31,12.44,12.31,12.38,31200,3.64
1998-03-12,12.25,12.25,12.19,12.25,56500,3.60
1998-03-11,12.25,12.38,12.25,12.25,29600,3.60
1998-03-10,12.19,12.25,12.19,12.19,39400,3.58
1998-03-09,12.19,12.31,12.12,12.12,28000,3.56
1998-03-06,12.19,12.38,12.19,12.31,35300,3.62
1998-03-05,12.25,12.31,12.06,12.06,56200,3.54
1998-03-04,12.50,12.56,12.31,12.31,48000,3.62
1998-03-03,12.81,12.88,12.62,12.62,51200,3.71
1998-03-02,12.69,12.81,12.50,12.81,42700,3.77
1998-02-27,12.50,12.75,12.44,12.75,119100,3.75
1998-02-26,12.19,12.25,12.12,12.25,59000,3.60
1998-02-25,12.06,13.19,12.06,12.12,92200,3.56
1998-02-24,12.06,12.19,11.94,11.94,44500,3.51
1998-02-23,11.94,12.25,11.94,12.19,72100,3.58
1998-02-20,11.94,12.06,11.88,11.88,80100,3.49
1998-02-19,12.00,12.06,11.94,12.00,94100,3.53
1998-02-18,12.00,12.06,11.94,11.94,80500,3.51
1998-02-17,12.06,12.25,12.00,12.06,80700,3.54
1998-02-13,12.19,12.25,12.06,12.12,82100,3.56
1998-02-12,12.31,12.31,12.12,12.25,88500,3.60
1998-02-11,12.62,12.69,12.56,12.69,79600,3.73
1998-02-10,12.50,12.69,12.50,12.56,125200,3.69
1998-02-09,12.44,12.44,12.25,12.38,67000,3.64
1998-02-06,12.44,12.44,12.31,12.31,40800,3.62
1998-02-05,12.25,12.38,12.25,12.31,61900,3.62
1998-02-04,12.38,12.44,12.19,12.19,69400,3.58
1998-02-03,12.69,12.69,11.44,12.44,86800,3.65
1998-02-02,12.06,12.62,12.06,12.56,145600,3.69
1998-01-30,11.62,11.69,11.50,11.62,31600,3.42
1998-01-29,11.31,11.88,11.25,11.50,183000,3.38
1998-01-28,11.31,11.50,11.19,11.31,123300,3.32
1998-01-27,11.12,11.31,11.06,11.19,29600,3.29
1998-01-26,11.12,11.31,11.06,11.06,68000,3.25
1998-01-23,11.38,11.44,11.12,11.12,153400,3.27
1998-01-22,11.38,11.38,11.19,11.31,155000,3.32
1998-01-21,11.44,11.56,11.25,11.50,184500,3.38
1998-01-20,11.75,11.94,11.25,11.56,255300,3.40
1998-01-16,10.50,11.00,10.50,10.94,250100,3.21
1998-01-15,10.38,10.44,10.31,10.31,144400,3.03
1998-01-14,10.19,10.50,10.19,10.50,226200,3.09
1998-01-13,10.12,10.19,9.94,10.06,249600,2.96
1998-01-12,10.00,10.19,9.75,10.12,403100,2.98
1998-01-09,12.62,12.62,12.06,12.12,152400,2.64
1998-01-08,12.75,12.88,12.62,12.62,51900,2.75
1998-01-07,13.06,13.12,12.69,12.88,82100,2.81
1998-01-06,13.25,13.25,13.06,13.25,50900,2.89
1998-01-05,13.38,13.44,13.31,13.38,44700,2.91
1998-01-02,13.06,13.56,13.06,13.56,90400,2.96
1997-12-31,13.12,13.25,12.94,13.06,129600,2.85
1997-12-30,12.69,13.25,12.69,13.25,283300,2.89
1997-12-29,12.38,12.88,12.06,12.62,382400,2.75
1997-12-26,12.25,12.38,12.19,12.38,122000,2.70
1997-12-24,12.12,12.62,12.06,12.12,208400,2.64
1997-12-23,12.75,12.75,12.19,12.25,256100,2.67
1997-12-22,12.62,12.94,12.50,12.69,247700,2.76
1997-12-19,12.88,12.88,12.44,12.56,120900,2.74
1997-12-18,13.06,13.12,12.88,13.00,62000,2.83
1997-12-17,13.00,13.31,13.00,13.12,98400,2.86
1997-12-16,13.00,13.12,12.88,12.94,102500,2.82
1997-12-15,12.94,13.00,12.81,12.81,198300,2.79
1997-12-12,13.00,13.12,12.94,13.00,95900,2.83
1997-12-11,13.31,13.31,13.00,13.06,105900,2.85
1997-12-10,13.50,13.62,13.38,13.50,106400,2.94
1997-12-09,14.00,14.00,13.88,13.88,79000,3.02
1997-12-08,14.38,14.75,14.38,14.50,59600,3.16
1997-12-05,14.12,14.50,14.06,14.50,85600,3.16
1997-12-04,14.00,14.31,13.88,14.25,174300,3.11
1997-12-03,14.12,14.25,13.62,14.06,137200,3.06
1997-12-02,13.19,13.69,13.12,13.69,133600,2.98
1997-12-01,13.00,13.25,12.94,13.25,177400,2.89
1997-11-28,12.88,12.88,12.81,12.88,51100,2.81
1997-11-26,12.81,13.12,12.81,13.00,100500,2.83
1997-11-25,13.06,13.06,12.81,12.88,54900,2.81
1997-11-24,13.50,13.50,13.19,13.19,87600,2.87
1997-11-21,13.75,13.94,13.62,13.75,54700,3.00
1997-11-20,13.69,13.69,13.50,13.62,51400,2.97
1997-11-19,13.69,13.69,13.44,13.50,75800,2.94
1997-11-18,13.44,13.62,13.31,13.62,42700,2.97
1997-11-17,13.81,13.81,13.56,13.75,54900,3.00
1997-11-14,13.81,13.88,13.62,13.88,75700,3.02
1997-11-13,13.44,13.50,13.25,13.50,134300,2.94
1997-11-12,13.38,13.50,13.31,13.31,163200,2.90
1997-11-11,14.00,14.00,13.75,13.75,60100,3.00
1997-11-10,13.75,14.19,13.69,13.69,100300,2.98
1997-11-07,14.25,14.25,13.50,13.81,133200,3.01
1997-11-06,14.38,14.69,14.25,14.62,112300,3.19
1997-11-05,14.56,14.75,14.50,14.50,34000,3.16
1997-11-04,14.44,14.75,14.44,14.56,96900,3.17
1997-11-03,13.88,14.50,13.88,14.50,81000,3.16
1997-10-31,13.50,13.50,12.94,13.50,135700,2.94
1997-10-30,12.88,12.94,12.50,12.94,134200,2.82
1997-10-29,14.12,14.12,13.44,13.50,156100,2.94
1997-10-28,11.00,14.50,11.00,14.25,288700,3.11
1997-10-27,14.50,14.50,13.12,13.19,117700,2.87
1997-10-24,15.50,15.75,14.75,15.12,123600,3.30
1997-10-23,15.62,15.62,14.75,15.25,193800,3.32
1997-10-22,16.62,16.62,16.38,16.50,18400,3.60
1997-10-21,16.75,16.75,16.62,16.75,36900,3.65
1997-10-20,16.62,16.69,16.38,16.62,53600,3.62
1997-10-17,16.56,16.62,16.25,16.38,60400,3.57
1997-10-16,16.44,16.75,16.44,16.56,71900,3.61
1997-10-15,16.88,16.94,16.81,16.81,36600,3.66
1997-10-14,16.88,17.00,16.88,16.88,17400,3.68
1997-10-13,17.00,17.06,16.94,17.00,24800,3.70
1997-10-10,17.00,17.00,16.94,16.94,16800,3.69
1997-10-09,17.00,17.12,17.00,17.00,46100,3.70
1997-10-08,17.31,17.44,17.19,17.19,18900,3.75
1997-10-07,17.69,17.69,17.31,17.38,35200,3.79
1997-10-06,17.75,17.75,17.50,17.62,46100,3.84
1997-10-03,17.38,17.38,17.25,17.31,47200,3.77
1997-10-02,17.00,17.25,17.00,17.25,37500,3.76
1997-10-01,17.25,17.25,17.00,17.00,33500,3.70
1997-09-30,17.25,17.25,17.12,17.25,51900,3.76
1997-09-29,17.00,17.12,17.00,17.12,34600,3.73
1997-09-26,17.19,17.25,17.19,17.25,98000,3.76
1997-09-25,17.25,17.38,17.19,17.25,79300,3.76
1997-09-24,16.81,17.38,16.81,17.25,68200,3.76
1997-09-23,16.56,16.94,16.56,16.88,72800,3.68
1997-09-22,16.62,16.88,16.62,16.62,42300,3.62
1997-09-19,16.44,16.88,16.44,16.88,59100,3.68
1997-09-18,16.31,16.81,16.31,16.75,117700,3.65
1997-09-17,16.25,16.44,16.25,16.31,97800,3.55
1997-09-16,16.25,16.25,16.00,16.12,131200,3.51
1997-09-15,16.38,16.38,16.25,16.25,63100,3.54
1997-09-12,16.31,16.44,16.25,16.38,29500,3.57
1997-09-11,16.31,16.31,16.19,16.31,49400,3.55
1997-09-10,16.56,16.56,16.44,16.44,113500,3.58
1997-09-09,16.62,16.69,16.62,16.69,47000,3.64
1997-09-08,16.44,16.62,16.38,16.56,118800,3.61
1997-09-05,16.12,16.25,16.06,16.19,168600,3.53
1997-09-04,16.19,16.19,15.88,16.06,119700,3.50
1997-09-03,16.19,16.38,16.12,16.19,148600,3.53
1997-09-02,16.00,16.12,15.75,16.06,238100,3.50
1997-08-29,15.94,16.69,15.94,16.12,104100,3.51
1997-08-28,17.25,17.25,17.00,17.00,63100,3.70
1997-08-27,17.12,17.25,17.12,17.25,20300,3.76
1997-08-26,17.00,17.19,16.81,17.12,91400,3.73
1997-08-25,17.31,17.56,17.31,17.31,77900,3.77
1997-08-22,17.31,17.69,17.25,17.50,43800,3.81
1997-08-21,18.31,18.44,17.88,17.94,55300,3.91
1997-08-20,18.31,18.44,18.25,18.25,24100,3.98
1997-08-19,18.31,18.38,18.31,18.31,77700,3.99
1997-08-18,18.50,18.50,18.31,18.31,80000,3.99
1997-08-15,18.62,18.62,18.50,18.50,78800,4.03
1997-08-14,18.62,18.75,18.62,18.62,42500,4.06
1997-08-13,18.75,18.88,18.62,18.62,61100,4.06
1997-08-12,18.56,18.75,18.56,18.62,33600,4.06
1997-08-11,18.50,18.62,18.50,18.56,29600,4.04
1997-08-08,18.81,18.81,18.50,18.50,62900,4.03
1997-08-07,18.69,18.81,18.69,18.75,36000,4.09
1997-08-06,18.62,18.62,18.50,18.62,35700,4.06
1997-08-05,18.50,18.62,18.50,18.56,43200,4.04
1997-08-04,18.56,18.62,18.50,18.56,24800,4.04
1997-08-01,18.50,18.88,18.50,18.56,62700,4.04
1997-07-31,18.50,18.62,18.44,18.56,25800,4.04
1997-07-30,18.50,18.50,18.31,18.38,35200,4.00
1997-07-29,18.38,18.50,18.31,18.44,49500,4.02
1997-07-28,18.19,18.50,18.19,18.38,42200,4.00
1997-07-25,18.25,18.25,18.12,18.19,66200,3.96
1997-07-24,18.12,18.38,18.12,18.25,46100,3.98
1997-07-23,18.31,18.31,18.12,18.25,59100,3.98
1997-07-22,17.81,18.12,17.81,18.06,102800,3.94
1997-07-21,18.00,18.00,17.75,17.81,62500,3.88
1997-07-18,17.94,18.00,17.62,18.00,85900,3.92
1997-07-17,17.75,18.00,17.50,17.94,82400,3.91
1997-07-16,18.00,18.12,17.94,18.00,86000,3.92
1997-07-15,18.50,18.50,17.94,17.94,65200,3.91
1997-07-14,18.56,18.69,18.50,18.50,218200,4.03
1997-07-11,18.69,18.69,18.56,18.62,18500,4.06
1997-07-10,18.62,18.75,18.62,18.69,111700,4.07
1997-07-09,19.00,19.12,18.75,18.75,67100,4.08
1997-07-08,18.75,19.00,18.62,18.81,49600,4.10
1997-07-07,18.38,18.62,18.31,18.62,130600,4.06
1997-07-03,18.06,18.31,18.06,18.12,84100,3.95
1997-07-02,18.00,18.12,17.94,17.94,35900,3.91
1997-07-01,17.94,18.12,17.94,17.94,80300,3.91
1997-06-30,17.88,18.12,17.75,17.88,48600,3.89
1997-06-27,18.06,18.12,17.88,17.88,13000,3.89
1997-06-26,18.00,18.25,17.94,18.06,108600,3.93
1997-06-25,17.62,17.88,17.62,17.88,31800,3.89
1997-06-24,17.62,17.88,17.62,17.62,29500,3.84
1997-06-23,17.88,17.88,17.62,17.62,40400,3.84
1997-06-20,17.62,17.88,17.50,17.75,58200,3.87
1997-06-19,17.50,17.62,17.38,17.50,28700,3.81
1997-06-18,17.50,17.62,17.38,17.50,29500,3.81
1997-06-17,17.88,17.88,17.50,17.62,36300,3.84
1997-06-16,17.75,17.88,17.75,17.88,25700,3.89
1997-06-13,17.50,17.88,17.50,17.88,38200,3.89
1997-06-12,17.38,17.50,17.38,17.50,14400,3.81
1997-06-11,17.00,17.50,17.00,17.38,73900,3.79
1997-06-10,17.12,17.25,17.00,17.00,46400,3.70
1997-06-09,17.00,17.12,17.00,17.12,67400,3.73
1997-06-06,16.62,16.88,16.62,16.88,38000,3.68
1997-06-05,16.62,16.75,16.62,16.75,40100,3.65
1997-06-04,16.88,16.88,16.62,16.75,52700,3.65
1997-06-03,16.75,16.88,16.75,16.75,28700,3.65
1997-06-02,16.88,16.88,16.75,16.88,20900,3.68
1997-05-30,16.75,16.88,16.75,16.75,21300,3.65
1997-05-29,16.88,16.88,16.75,16.88,26700,3.68
1997-05-28,16.75,16.88,16.75,16.88,15200,3.68
1997-05-27,16.75,17.88,16.75,16.75,41400,3.65
1997-05-23,16.88,16.88,16.75,16.75,46800,3.65
1997-05-22,16.75,16.88,16.75,16.75,26100,3.65
1997-05-21,16.75,16.88,16.62,16.88,76600,3.68
1997-05-20,16.50,16.62,16.38,16.50,118400,3.59
1997-05-19,16.38,16.62,16.38,16.50,37500,3.59
1997-05-16,16.50,16.62,16.38,16.38,32200,3.57
1997-05-15,16.50,16.50,16.25,16.50,61100,3.59
1997-05-14,16.38,16.50,16.38,16.38,39800,3.57
1997-05-13,16.38,16.50,16.38,16.50,41100,3.59
1997-05-12,16.25,16.50,16.12,16.50,28100,3.59
1997-05-09,16.12,16.38,16.12,16.38,53300,3.57
1997-05-08,16.00,16.12,16.00,16.12,64100,3.51
1997-05-07,16.12,16.25,16.00,16.00,52900,3.49
1997-05-06,16.12,16.25,16.12,16.12,45800,3.51
1997-05-05,16.12,16.25,16.00,16.25,41900,3.54
1997-05-02,16.00,16.25,16.00,16.12,27800,3.51
1997-05-01,16.12,16.12,15.88,16.12,34000,3.51
1997-04-30,16.00,16.12,15.88,16.00,35700,3.49
1997-04-29,15.88,16.12,15.88,16.00,50000,3.49
1997-04-28,15.75,15.88,15.75,15.88,53000,3.46
1997-04-25,15.75,15.75,15.62,15.62,31900,3.40
1997-04-24,15.62,15.75,15.62,15.75,35300,3.43
1997-04-23,15.75,15.88,15.62,15.75,35300,3.43
1997-04-22,15.62,15.75,15.62,15.75,69200,3.43
1997-04-21,15.75,15.88,15.75,15.75,23100,3.43
1997-04-18,15.88,15.88,15.62,15.62,17500,3.40
1997-04-17,15.75,15.88,15.75,15.88,33000,3.46
1997-04-16,15.50,15.88,15.50,15.88,44100,3.46
1997-04-15,15.38,15.50,15.38,15.50,94100,3.38
1997-04-14,15.38,15.50,15.25,15.25,100100,3.32
1997-04-11,15.50,15.50,15.25,15.38,31000,3.35
1997-04-10,15.62,15.62,15.50,15.62,19900,3.40
1997-04-09,15.62,15.75,15.50,15.62,57700,3.40
1997-04-08,15.75,15.75,15.62,15.62,37800,3.40
1997-04-07,15.50,15.75,15.50,15.62,90700,3.40
1997-04-04,15.25,15.38,15.25,15.25,76700,3.32
1997-04-03,15.38,15.38,15.12,15.25,110700,3.32
1997-04-02,15.62,15.75,15.25,15.38,87700,3.35
1997-04-01,15.75,15.88,15.62,15.75,42000,3.43
1997-03-31,16.12,16.12,15.75,15.75,126300,3.43
1997-03-27,16.25,16.38,16.12,16.25,48700,3.54
1997-03-26,16.25,16.25,16.12,16.25,33000,3.54
1997-03-25,16.00,16.25,15.88,16.12,40200,3.51
1997-03-24,15.88,16.12,15.88,15.88,43600,3.46
1997-03-21,15.88,16.00,15.88,15.88,39800,3.46
1997-03-20,16.00,16.00,15.88,16.00,84700,3.49
1997-03-19,16.25,16.25,15.88,16.00,80200,3.49
1997-03-18,16.62,16.62,16.25,16.38,98100,3.57
1997-03-17,16.38,16.50,16.25,16.38,53600,3.57
1997-03-14,16.38,16.50,16.38,16.38,22800,3.57
1997-03-13,16.62,16.62,16.38,16.38,75300,3.57
1997-03-12,16.62,16.75,16.50,16.62,90200,3.62
1997-03-11,16.50,16.62,16.50,16.62,19300,3.62
1997-03-10,16.25,16.50,16.25,16.38,34000,3.57
1997-03-07,16.25,16.38,16.25,16.38,27800,3.57
1997-03-06,16.12,16.38,16.12,16.25,33800,3.54
1997-03-05,16.12,16.25,16.12,16.12,34700,3.51
1997-03-04,16.00,16.38,16.00,16.12,63800,3.51
1997-03-03,15.88,16.00,15.75,16.00,27900,3.49
1997-02-28,16.00,16.00,15.75,15.88,60800,3.46
1997-02-27,16.38,16.38,16.00,16.00,52300,3.49
1997-02-26,16.50,16.50,16.12,16.25,34300,3.54
1997-02-25,16.62,16.62,16.25,16.38,72900,3.57
1997-02-24,16.75,16.75,16.50,16.62,74200,3.62
1997-02-21,16.75,16.88,16.75,16.75,18300,3.65
1997-02-20,16.88,17.00,16.75,16.88,44500,3.68
1997-02-19,16.88,17.00,16.75,16.88,39100,3.68
1997-02-18,16.75,17.00,16.62,16.88,98700,3.68
1997-02-14,16.50,16.75,16.50,16.62,43100,3.62
1997-02-13,16.38,16.75,16.38,16.75,45500,3.65
1997-02-12,16.12,16.50,16.12,16.50,49500,3.59
1997-02-11,16.12,16.25,16.12,16.12,36400,3.51
1997-02-10,16.00,16.25,16.00,16.12,80700,3.51
1997-02-07,15.88,16.12,15.88,15.88,52000,3.46
1997-02-06,16.00,16.00,15.88,16.00,13500,3.49
1997-02-05,16.25,16.25,15.88,15.88,46200,3.46
1997-02-04,15.88,16.00,15.75,15.88,20800,3.46
1997-02-03,15.88,16.12,15.88,16.00,58200,3.49
1997-01-31,15.88,16.12,15.88,16.00,19300,3.49
1997-01-30,16.00,16.00,15.88,16.00,29100,3.49
1997-01-29,16.00,16.00,15.88,16.00,32200,3.49
1997-01-28,16.12,16.25,15.88,16.00,88000,3.49
1997-01-27,15.75,15.88,15.62,15.75,57000,3.43
1997-01-24,16.00,16.00,15.62,15.62,53200,3.40
1997-01-23,16.25,16.38,16.12,16.12,52800,3.51
1997-01-22,16.25,16.25,16.00,16.00,48300,3.49
1997-01-21,16.25,16.38,16.12,16.25,63000,3.54
1997-01-20,16.00,16.25,16.00,16.12,47700,3.51
1997-01-17,16.25,16.25,16.00,16.12,50000,3.51
1997-01-16,16.00,16.62,16.00,16.12,251900,3.51
1997-01-15,15.75,16.00,15.75,16.00,45800,3.49
1997-01-14,15.75,15.88,15.62,15.75,45900,3.43
1997-01-13,15.50,15.62,15.50,15.62,42400,3.40
1997-01-10,15.12,15.50,15.12,15.50,297000,3.38
1997-01-09,15.00,15.62,15.00,15.62,153500,3.40
1997-01-08,14.88,15.00,14.75,15.00,165300,3.27
1997-01-07,14.75,14.75,14.62,14.62,114600,3.19
1997-01-06,14.50,14.88,14.50,14.75,125200,3.21
1997-01-03,14.12,14.38,14.00,14.38,213600,3.13
1997-01-02,14.00,14.12,13.88,14.12,109200,3.08
1996-12-31,13.75,13.88,13.62,13.88,157300,3.02
1996-12-30,13.88,14.00,13.75,13.75,148400,3.00
1996-12-27,13.62,13.75,13.38,13.75,168500,3.00
1996-12-26,14.50,14.50,14.25,14.25,132900,2.94
1996-12-24,14.38,14.50,14.25,14.38,187200,2.96
1996-12-23,14.38,14.62,14.38,14.38,155200,2.96
1996-12-20,14.25,14.50,14.25,14.38,170500,2.96
1996-12-19,14.00,14.38,14.00,14.25,148300,2.94
1996-12-18,14.12,14.38,14.12,14.12,137800,2.91
1996-12-17,14.12,14.25,14.00,14.12,57300,2.91
1996-12-16,14.25,14.38,14.12,14.25,178300,2.94
1996-12-13,14.12,14.38,14.00,14.38,89400,2.96
1996-12-12,14.38,14.50,14.12,14.25,48500,2.94
1996-12-11,14.38,14.50,14.12,14.25,144500,2.94
1996-12-10,14.75,14.88,14.50,14.62,89100,3.01
1996-12-09,14.75,14.88,14.62,14.62,40900,3.01
1996-12-06,14.75,14.88,14.50,14.75,89600,3.04
1996-12-05,15.00,15.25,15.00,15.00,107000,3.09
1996-12-04,15.25,15.38,15.12,15.12,116900,3.12
1996-12-03,15.00,15.38,15.00,15.25,90800,3.14
1996-12-02,15.00,15.12,14.88,15.12,222400,3.12
1996-11-29,15.00,15.25,15.00,15.19,33400,3.13
1996-11-27,15.12,15.12,15.00,15.12,46900,3.12
1996-11-26,15.12,15.25,15.00,15.12,82700,3.12
1996-11-25,15.00,15.12,14.75,15.12,92700,3.12
1996-11-22,15.12,15.12,15.00,15.00,65900,3.09
1996-11-21,15.12,15.25,15.00,15.12,99200,3.12
1996-11-20,15.00,15.12,15.00,15.00,66700,3.09
1996-11-19,14.88,15.12,14.88,15.00,88900,3.09
1996-11-18,14.75,14.88,14.62,14.88,127100,3.06
1996-11-15,14.50,14.88,14.50,14.88,91300,3.06
1996-11-14,14.25,14.50,14.12,14.50,129800,2.99
1996-11-13,14.12,14.25,14.00,14.12,137200,2.91
1996-11-12,14.25,14.25,14.12,14.12,87400,2.91
1996-11-11,14.00,14.25,13.88,14.12,131000,2.91
1996-11-08,14.00,14.12,13.88,14.00,73500,2.88
1996-11-07,14.50,14.50,13.88,14.00,119900,2.88
1996-11-06,14.50,14.50,14.38,14.38,84500,2.96
1996-11-05,14.50,14.50,14.25,14.25,37700,2.94
1996-11-04,14.38,14.50,14.38,14.50,48900,2.99
1996-11-01,14.38,14.50,14.38,14.50,56000,2.99
1996-10-31,14.50,14.75,14.25,14.25,128200,2.94
1996-10-30,14.50,14.62,14.38,14.38,62800,2.96
1996-10-29,14.75,14.88,14.50,14.50,180700,2.99
1996-10-28,14.75,14.88,14.75,14.88,49000,3.06
1996-10-25,14.88,14.88,14.75,14.88,29300,3.06
1996-10-24,14.88,15.00,14.75,14.88,35000,3.06
1996-10-23,15.00,15.00,14.88,14.88,35200,3.06
1996-10-22,14.88,15.00,14.88,15.00,33600,3.09
1996-10-21,14.88,15.00,14.75,15.00,171100,3.09
1996-10-18,15.12,15.12,14.88,14.88,36400,3.06
1996-10-17,15.12,15.25,14.88,15.00,91900,3.09
1996-10-16,15.12,15.25,15.12,15.12,15900,3.12
1996-10-15,15.25,15.38,15.12,15.12,112000,3.12
1996-10-14,15.38,15.50,15.25,15.25,37200,3.14
1996-10-11,15.38,15.50,15.25,15.25,42100,3.14
1996-10-10,15.38,15.50,15.25,15.25,42000,3.14
1996-10-09,15.38,15.50,15.25,15.25,33500,3.14
1996-10-08,15.38,15.50,15.38,15.38,52000,3.17
1996-10-07,15.62,15.75,15.50,15.62,30600,3.22
1996-10-04,15.62,15.75,15.62,15.75,50200,3.24
1996-10-03,15.75,15.88,15.62,15.75,42900,3.24
1996-10-02,15.75,15.75,15.62,15.75,51600,3.24
1996-10-01,15.88,15.88,15.62,15.62,45000,3.22
1996-09-30,15.88,15.88,15.75,15.75,33300,3.24
1996-09-27,15.88,16.00,15.75,15.88,34000,3.27
1996-09-26,15.62,15.88,15.62,15.88,51700,3.27
1996-09-25,16.00,16.00,15.75,15.88,66900,3.27
1996-09-24,15.88,16.00,15.88,16.00,23000,3.30
1996-09-23,15.88,16.00,15.75,16.00,31400,3.30
1996-09-20,16.12,16.12,15.88,16.00,37800,3.30
1996-09-19,15.88,16.12,15.88,16.12,35400,3.32
1996-09-18,16.00,16.12,15.88,15.88,104700,3.27
1996-09-17,16.00,16.25,16.00,16.00,50500,3.30
1996-09-16,16.12,16.12,16.00,16.00,58800,3.30
1996-09-13,16.25,16.38,16.00,16.00,53500,3.30
1996-09-12,16.25,16.25,16.12,16.12,32900,3.32
1996-09-11,16.25,16.25,16.12,16.12,25800,3.32
1996-09-10,16.25,16.38,16.12,16.25,54800,3.35
1996-09-09,16.25,16.38,16.12,16.38,37500,3.37
1996-09-06,16.12,16.25,16.00,16.12,47800,3.32
1996-09-05,16.12,16.25,16.00,16.00,43000,3.30
1996-09-04,16.12,16.25,16.12,16.12,29500,3.32
1996-09-03,16.12,16.25,16.00,16.25,45900,3.35
1996-08-30,16.38,16.38,16.12,16.25,32400,3.35
1996-08-29,16.38,16.38,16.25,16.38,34100,3.37
1996-08-28,16.25,16.38,16.12,16.38,38500,3.37
1996-08-27,16.12,16.25,16.00,16.12,72600,3.32
1996-08-26,15.88,16.00,15.75,15.75,42100,3.24
1996-08-23,15.88,16.00,15.75,16.00,38500,3.30
1996-08-22,15.62,15.88,15.62,15.75,45100,3.24
1996-08-21,15.88,15.88,15.62,15.75,37500,3.24
1996-08-20,15.88,15.88,15.62,15.88,53600,3.27
1996-08-19,15.62,15.88,15.62,15.75,52500,3.24
1996-08-16,15.38,15.50,15.25,15.50,48300,3.19
1996-08-15,15.12,15.38,15.12,15.38,19500,3.17
1996-08-14,15.25,15.38,15.12,15.25,32100,3.14
1996-08-13,15.38,15.38,15.25,15.38,13500,3.17
1996-08-12,15.38,15.50,15.25,15.38,60000,3.17
1996-08-09,15.12,15.38,15.12,15.38,30900,3.17
1996-08-08,15.25,15.25,15.12,15.12,26900,3.12
1996-08-07,15.00,15.25,15.00,15.12,33900,3.12
1996-08-06,15.00,15.12,14.88,15.00,44100,3.09
1996-08-05,15.12,15.25,15.00,15.12,30800,3.12
1996-08-02,15.12,15.25,15.00,15.25,33400,3.14
1996-08-01,14.88,15.12,14.75,15.00,46300,3.09
1996-07-31,14.62,14.75,14.50,14.75,43100,3.04
1996-07-30,14.62,14.62,14.50,14.62,79000,3.01
1996-07-29,14.25,14.75,14.25,14.62,106600,3.01
1996-07-26,14.62,14.62,14.25,14.25,36900,2.94
1996-07-25,14.62,14.62,14.38,14.62,45500,3.01
1996-07-24,14.38,14.50,14.25,14.25,58600,2.94
1996-07-23,15.00,15.12,14.75,14.75,41700,3.04
1996-07-22,15.38,15.38,15.00,15.00,40900,3.09
1996-07-19,15.25,15.38,15.25,15.25,43000,3.14
1996-07-18,15.12,15.25,15.12,15.12,71000,3.12
1996-07-17,15.00,15.12,15.00,15.00,26800,3.09
1996-07-16,15.25,15.38,15.00,15.12,110600,3.12
1996-07-15,15.62,15.62,15.25,15.38,65100,3.17
1996-07-12,15.62,15.75,15.50,15.50,58000,3.19
1996-07-11,16.12,16.12,15.62,15.62,76900,3.22
1996-07-10,16.12,16.12,16.00,16.12,38800,3.32
1996-07-09,16.25,16.25,16.00,16.12,41200,3.32
1996-07-08,16.12,16.38,16.12,16.25,26100,3.35
1996-07-05,16.75,16.75,16.62,16.62,24700,3.42
1996-07-03,16.62,16.75,16.62,16.75,24500,3.45
1996-07-02,16.62,16.88,16.62,16.88,23800,3.48
1996-07-01,16.75,16.88,16.75,16.75,26800,3.45
1996-06-28,16.62,16.88,16.62,16.88,39200,3.48
1996-06-27,16.50,16.62,16.38,16.50,125800,3.40
1996-06-26,16.50,16.50,16.25,16.38,29500,3.37
1996-06-25,16.38,16.50,16.12,16.50,120700,3.40
1996-06-24,16.50,16.62,16.38,16.38,83300,3.37
1996-06-21,16.38,16.38,16.25,16.38,19800,3.37
1996-06-20,16.12,16.38,16.12,16.25,21600,3.35
1996-06-19,16.12,16.25,16.12,16.25,40800,3.35
1996-06-18,15.88,16.25,15.88,16.12,55800,3.32
1996-06-17,15.88,16.00,15.75,15.88,35100,3.27
1996-06-14,15.38,15.88,15.38,15.88,70000,3.27
1996-06-13,15.88,15.88,15.50,15.50,73500,3.19
1996-06-12,16.12,16.25,16.00,16.12,61900,3.27
1996-06-11,16.25,16.25,16.00,16.00,41200,3.24
1996-06-10,16.00,16.25,16.00,16.12,53500,3.27
1996-06-07,15.88,16.25,15.88,16.12,24200,3.27
1996-06-06,16.50,16.50,16.12,16.25,30600,3.29
1996-06-05,16.25,16.50,16.25,16.50,51400,3.35
1996-06-04,16.25,16.50,16.12,16.25,52500,3.29
1996-06-03,16.12,16.38,16.00,16.25,59300,3.29
1996-05-31,16.38,16.38,16.25,16.38,16100,3.32
1996-05-30,16.50,16.62,16.00,16.38,116400,3.32
1996-05-29,16.62,16.75,16.62,16.62,79200,3.37
1996-05-28,16.62,16.75,16.62,16.75,101600,3.40
1996-05-24,16.50,16.75,16.50,16.75,61000,3.40
1996-05-23,16.62,16.88,16.62,16.75,41700,3.40
1996-05-22,16.75,16.75,16.62,16.75,18600,3.40
1996-05-21,16.75,17.00,16.62,16.75,69400,3.40
1996-05-20,16.75,16.75,16.50,16.62,27400,3.37
1996-05-17,16.75,16.75,16.62,16.62,44400,3.37
1996-05-16,16.50,16.75,16.50,16.75,31500,3.40
1996-05-15,16.88,16.88,16.50,16.50,51000,3.35
1996-05-14,16.88,16.88,16.75,16.88,35000,3.42
1996-05-13,16.62,16.88,16.62,16.75,52000,3.40
1996-05-10,16.50,16.88,16.50,16.62,55700,3.37
1996-05-09,16.12,16.62,16.12,16.50,30800,3.35
1996-05-08,16.25,16.50,16.25,16.38,56200,3.32
1996-05-07,16.38,16.50,16.25,16.25,57100,3.29
1996-05-06,16.50,16.62,16.38,16.50,70900,3.35
1996-05-03,16.25,16.38,16.25,16.38,33000,3.32
1996-05-02,16.75,16.88,16.25,16.25,50400,3.29
1996-05-01,16.38,16.75,16.38,16.75,45100,3.40
1996-04-30,16.75,16.75,16.38,16.50,34100,3.35
1996-04-29,16.75,16.75,16.62,16.62,37400,3.37
1996-04-26,16.62,16.62,16.25,16.62,27600,3.37
1996-04-25,16.75,16.75,16.50,16.62,36700,3.37
1996-04-24,16.88,17.00,16.75,16.88,17200,3.42
1996-04-23,16.88,17.00,16.75,17.00,48800,3.45
1996-04-22,16.75,17.12,16.75,17.00,40400,3.45
1996-04-19,16.38,16.75,16.38,16.75,25900,3.40
1996-04-18,16.38,16.50,16.25,16.38,24400,3.32
1996-04-17,16.62,16.62,16.38,16.50,41600,3.35
1996-04-16,16.75,16.88,16.62,16.62,23500,3.37
1996-04-15,16.88,16.88,16.62,16.75,33600,3.40
1996-04-12,16.50,16.88,16.50,16.88,48000,3.42
1996-04-11,16.62,16.75,16.50,16.62,40100,3.37
1996-04-10,16.38,16.62,16.38,16.50,29400,3.35
1996-04-09,16.25,16.50,16.25,16.50,36400,3.35
1996-04-08,16.38,16.38,16.12,16.38,39700,3.32
1996-04-04,16.25,16.62,16.25,16.62,43000,3.37
1996-04-03,16.62,16.75,16.25,16.38,52800,3.32
1996-04-02,16.62,16.62,16.50,16.62,32700,3.37
1996-04-01,16.62,16.62,16.38,16.50,40700,3.35
1996-03-29,16.38,16.62,16.38,16.62,17400,3.37
1996-03-28,16.62,16.62,16.38,16.50,21300,3.35
1996-03-27,16.38,16.62,16.38,16.62,58300,3.37
1996-03-26,16.12,16.38,16.00,16.38,35300,3.32
1996-03-25,16.25,16.38,16.12,16.25,57000,3.29
1996-03-22,16.00,16.38,15.88,16.38,56200,3.32
1996-03-21,16.00,16.12,16.00,16.00,26500,3.24
1996-03-20,16.12,16.12,15.88,16.00,66100,3.24
1996-03-19,16.12,16.12,15.75,16.00,62300,3.24
1996-03-18,15.75,16.00,15.62,15.88,81700,3.22
1996-03-15,15.62,15.62,15.50,15.50,41400,3.14
1996-03-14,15.38,15.75,15.38,15.50,110100,3.14
1996-03-13,15.50,15.75,15.50,15.62,48900,3.17
1996-03-12,15.62,15.62,15.38,15.50,49500,3.14
1996-03-11,15.00,15.88,15.00,15.88,154800,3.22
1996-03-08,16.50,16.50,15.25,15.38,139000,3.12
1996-03-07,16.75,16.88,16.75,16.75,35400,3.40
1996-03-06,17.12,17.12,16.75,16.75,94700,3.40
1996-03-05,17.25,17.25,17.12,17.12,13000,3.47
1996-03-04,17.12,17.25,17.12,17.12,50900,3.47
1996-03-01,17.25,17.38,17.00,17.00,48800,3.45
1996-02-29,17.38,17.38,17.00,17.12,80600,3.47
1996-02-28,17.50,17.50,17.38,17.38,44800,3.52
1996-02-27,17.62,17.75,17.50,17.50,65300,3.55
1996-02-26,17.75,17.88,17.62,17.62,51900,3.57
1996-02-23,17.75,18.00,17.75,18.00,35700,3.65
1996-02-22,17.62,17.88,17.50,17.88,31800,3.62
1996-02-21,17.50,17.50,17.25,17.38,66000,3.52
1996-02-20,17.50,17.50,17.25,17.38,77900,3.52
1996-02-16,18.00,18.12,17.62,17.62,52700,3.57
1996-02-15,18.12,18.25,18.00,18.00,31000,3.65
1996-02-14,18.00,18.12,18.00,18.00,133100,3.65
1996-02-13,17.75,17.88,17.75,17.88,44900,3.62
1996-02-12,18.00,18.00,17.75,17.88,36000,3.62
1996-02-09,17.88,18.00,17.75,18.00,34800,3.65
1996-02-08,18.00,18.12,17.75,17.88,93200,3.62
1996-02-07,18.00,18.00,17.75,17.88,63900,3.62
1996-02-06,17.88,18.12,17.88,18.00,63300,3.65
1996-02-05,17.75,17.88,17.62,17.88,40400,3.62
1996-02-02,17.75,18.00,17.75,17.88,42700,3.62
1996-02-01,17.75,17.88,17.75,17.75,27700,3.60
1996-01-31,17.75,18.00,17.75,18.00,83400,3.65
1996-01-30,17.62,18.00,17.50,18.00,106700,3.65
1996-01-29,17.75,17.75,17.38,17.62,52100,3.57
1996-01-26,17.75,17.75,17.50,17.62,60100,3.57
1996-01-25,17.75,17.88,17.62,17.75,101500,3.60
1996-01-24,17.62,17.88,17.50,17.75,76500,3.60
1996-01-23,17.75,17.88,17.50,17.62,73400,3.57
1996-01-22,18.00,18.00,17.75,17.75,59800,3.60
1996-01-19,18.38,18.38,17.88,18.00,110000,3.65
1996-01-18,18.12,18.38,17.88,18.00,161600,3.65
1996-01-17,18.00,18.25,17.88,18.25,108400,3.70
1996-01-16,17.62,18.00,17.62,18.00,144600,3.65
1996-01-15,17.25,17.62,17.25,17.38,145600,3.52
1996-01-12,16.88,17.50,16.88,17.25,152800,3.50
1996-01-11,17.00,17.00,16.50,16.62,124400,3.37
1996-01-10,17.38,17.62,16.88,17.00,80100,3.45
1996-01-09,17.62,17.62,17.12,17.12,111700,3.47
1996-01-08,18.38,18.38,17.62,17.75,205100,3.60
1996-01-05,18.25,18.38,17.75,18.12,300300,3.68
1996-01-04,18.25,19.12,18.12,18.38,392800,3.73
1996-01-03,16.50,18.25,16.50,18.00,207900,3.65
1996-01-02,15.75,16.25,15.75,16.12,83600,3.27
1995-12-29,15.88,15.88,15.50,15.50,94900,3.14
1995-12-28,16.00,16.12,15.88,16.00,162200,3.24
1995-12-27,16.25,16.25,15.88,15.88,124400,3.22
1995-12-26,16.62,16.62,16.38,16.38,131800,3.32
1995-12-22,16.38,16.62,16.38,16.62,87200,3.37
1995-12-21,16.00,16.25,16.00,16.25,104300,3.29
1995-12-20,15.75,16.12,15.75,16.12,95000,3.27
1995-12-19,15.88,15.88,15.50,15.75,137200,3.19
1995-12-18,15.88,16.00,15.62,15.75,183600,3.19
1995-12-15,15.75,16.00,15.75,15.88,66200,3.22
1995-12-14,16.25,16.25,15.75,15.75,86500,3.19
1995-12-13,16.25,16.25,16.00,16.12,118600,3.27
1995-12-12,15.75,16.25,15.62,16.00,184600,3.24
1995-12-11,15.25,15.62,15.12,15.62,196100,3.17
1995-12-08,15.12,15.38,15.12,15.25,74500,3.09
1995-12-07,15.50,15.50,15.12,15.25,150100,3.09
1995-12-06,15.38,15.50,15.25,15.50,139100,3.14
1995-12-05,15.12,15.38,15.12,15.38,145900,3.12
1995-12-04,14.38,15.12,14.38,15.12,142500,3.07
1995-12-01,14.50,14.62,14.38,14.50,111500,2.94
1995-11-30,14.00,14.38,14.00,14.38,202600,2.91
1995-11-29,14.12,14.25,13.75,13.75,128600,2.79
1995-11-28,14.25,14.38,14.00,14.25,83300,2.89
1995-11-27,14.50,14.62,14.00,14.25,136000,2.89
1995-11-24,13.75,14.50,13.75,14.25,59700,2.89
1995-11-22,13.50,13.75,13.50,13.62,83700,2.76
1995-11-21,13.50,13.62,13.25,13.50,159600,2.74
1995-11-20,13.38,13.50,13.12,13.38,231800,2.71
1995-11-17,13.12,13.25,13.00,13.25,147000,2.69
1995-11-16,12.88,13.12,12.75,13.00,94400,2.64
1995-11-15,13.38,13.38,12.88,13.00,186700,2.64
1995-11-14,13.50,13.62,13.25,13.38,167300,2.71
1995-11-13,13.88,13.88,13.62,13.75,151500,2.79
1995-11-10,14.12,14.25,13.88,13.88,96800,2.81
1995-11-09,14.12,14.38,13.88,14.12,126900,2.86
1995-11-08,14.62,14.88,14.38,14.38,101400,2.91
1995-11-07,14.38,14.75,14.25,14.75,32300,2.99
1995-11-06,14.38,14.38,14.25,14.38,40200,2.91
1995-11-03,14.25,14.25,14.00,14.25,73500,2.89
1995-11-02,14.25,14.50,14.25,14.38,78700,2.91
1995-11-01,13.88,14.38,13.88,14.25,111700,2.89
1995-10-31,14.00,14.00,13.75,13.75,133700,2.79
1995-10-30,14.12,14.50,13.88,14.12,75700,2.86
1995-10-27,14.25,14.25,14.00,14.25,38400,2.89
1995-10-26,14.75,14.75,14.12,14.12,69300,2.86
1995-10-25,15.00,15.00,14.75,14.88,59100,3.02
1995-10-24,14.88,14.88,14.62,14.88,42400,3.02
1995-10-23,15.00,15.00,14.75,14.88,40000,3.02
1995-10-20,15.00,15.12,14.88,15.00,56800,3.04
1995-10-19,15.12,15.25,15.00,15.12,86500,3.07
1995-10-18,15.00,15.38,15.00,15.25,57900,3.09
1995-10-17,15.00,15.12,14.88,15.12,47400,3.07
1995-10-16,15.25,15.38,14.88,15.00,66800,3.04
1995-10-13,15.50,15.50,15.00,15.25,54200,3.09
1995-10-12,15.12,15.12,14.62,15.12,79300,3.07
1995-10-11,15.12,15.25,15.00,15.00,53500,3.04
1995-10-10,15.38,15.38,15.12,15.25,25600,3.09
1995-10-09,15.75,15.88,15.50,15.50,40300,3.14
1995-10-06,15.50,15.88,15.50,15.75,29300,3.19
1995-10-05,15.38,15.75,15.25,15.62,31800,3.17
1995-10-04,15.50,15.50,15.12,15.25,31200,3.09
1995-10-03,15.88,15.88,15.38,15.50,65200,3.14
1995-10-02,15.75,16.12,15.75,15.88,39100,3.22
1995-09-29,15.75,15.88,15.50,15.75,42600,3.19
1995-09-28,15.88,15.88,15.38,15.75,76600,3.19
1995-09-27,16.00,16.12,15.62,15.88,39000,3.22
1995-09-26,16.38,16.38,16.12,16.12,48700,3.27
1995-09-25,16.12,16.25,16.12,16.25,23100,3.29
1995-09-22,16.12,16.38,16.00,16.38,36100,3.32
1995-09-21,16.12,16.38,16.12,16.38,55100,3.32
1995-09-20,16.12,16.38,16.00,16.25,49200,3.29
1995-09-19,16.25,16.25,16.12,16.12,73200,3.27
1995-09-18,16.38,16.38,16.12,16.25,94500,3.29
1995-09-15,16.25,16.38,16.25,16.25,35400,3.29
1995-09-14,16.25,16.38,16.12,16.38,61200,3.32
1995-09-13,16.25,16.38,16.12,16.25,101700,3.29
1995-09-12,16.12,16.25,16.12,16.25,42800,3.29
1995-09-11,16.12,16.38,15.88,16.00,66800,3.24
1995-09-08,15.62,16.12,15.62,16.00,147600,3.24
1995-09-07,15.62,15.75,15.50,15.62,44900,3.17
1995-09-06,15.50,15.75,15.38,15.75,68000,3.19
1995-09-05,15.00,15.75,15.00,15.62,113200,3.17
1995-09-01,16.38,16.62,16.25,16.50,42100,3.35
1995-08-31,16.00,16.38,16.00,16.12,106300,3.27
1995-08-30,16.00,16.12,15.62,15.75,128200,3.19
1995-08-29,15.75,16.00,15.50,16.00,35100,3.24
1995-08-28,16.25,16.25,15.38,15.88,194200,3.22
1995-08-25,16.12,16.38,15.88,16.00,34200,3.24
1995-08-24,16.38,16.38,15.88,16.00,83400,3.24
1995-08-23,16.38,16.38,16.12,16.25,39000,3.29
1995-08-22,16.50,16.62,16.25,16.38,44900,3.32
1995-08-21,16.75,16.75,16.38,16.50,59900,3.35
1995-08-18,16.75,16.88,16.50,16.62,28900,3.37
1995-08-17,16.88,16.88,16.50,16.75,35600,3.40
1995-08-16,16.75,16.88,16.38,16.75,89100,3.40
1995-08-15,16.88,17.25,16.50,16.62,49700,3.37
1995-08-14,16.75,16.75,16.38,16.50,65900,3.35
1995-08-11,16.88,17.00,16.62,16.75,24100,3.40
1995-08-10,16.75,16.88,16.75,16.88,33700,3.42
1995-08-09,17.00,17.00,16.88,16.88,18900,3.42
1995-08-08,17.12,17.12,16.88,17.00,51900,3.45
1995-08-07,17.12,17.12,16.62,17.00,86500,3.45
1995-08-04,17.12,17.12,17.00,17.12,27900,3.47
1995-08-03,17.00,17.12,16.88,17.00,40200,3.45
1995-08-02,16.88,17.00,16.88,17.00,50400,3.45
1995-08-01,16.88,17.00,16.88,16.88,50800,3.42
1995-07-31,17.12,17.12,16.75,16.88,53300,3.42
1995-07-28,16.75,17.12,16.75,17.12,25900,3.47
1995-07-27,17.00,17.12,16.88,16.88,75500,3.42
1995-07-26,17.00,17.12,17.00,17.00,76500,3.45
1995-07-25,17.00,17.12,17.00,17.00,43800,3.45
1995-07-24,17.12,17.12,16.88,17.12,60600,3.47
1995-07-21,16.62,17.25,16.62,16.88,74300,3.42
1995-07-20,16.38,16.88,16.38,16.62,31200,3.37
1995-07-19,17.00,17.12,16.25,16.25,104900,3.29
1995-07-18,17.38,17.38,17.12,17.12,33000,3.47
1995-07-17,17.38,17.50,17.25,17.38,72200,3.52
1995-07-14,17.00,17.25,16.88,17.25,73900,3.50
1995-07-13,17.38,17.50,17.00,17.00,65700,3.45
1995-07-12,17.00,17.38,16.88,17.38,110100,3.52
1995-07-11,17.38,17.50,17.00,17.00,75800,3.45
1995-07-10,17.25,17.50,17.25,17.50,146700,3.55
1995-07-07,16.75,17.12,16.62,17.12,251600,3.47
1995-07-06,16.25,16.50,16.25,16.50,212300,3.35
1995-07-05,16.50,16.50,16.25,16.50,46400,3.35
1995-07-03,16.50,16.50,16.12,16.38,51100,3.32
1995-06-30,16.75,16.75,16.25,16.50,32700,3.35
1995-06-29,16.50,16.75,16.38,16.75,68000,3.40
1995-06-28,16.50,16.50,16.25,16.50,66600,3.35
1995-06-27,16.62,16.62,15.75,16.25,128600,3.29
1995-06-26,16.75,16.75,16.25,16.50,67800,3.35
1995-06-23,16.88,16.88,16.50,16.75,64200,3.40
1995-06-22,17.00,17.00,16.62,16.75,123000,3.40
1995-06-21,17.00,17.12,16.88,17.00,122400,3.45
1995-06-20,16.88,17.25,16.88,17.25,152300,3.50
1995-06-19,16.75,17.00,16.62,17.00,185200,3.45
1995-06-16,16.25,16.75,16.12,16.62,246200,3.37
1995-06-15,16.25,16.25,16.00,16.25,189700,3.29
1995-06-14,16.38,16.50,16.25,16.50,194500,3.35
1995-06-13,16.50,16.62,16.38,16.50,108400,3.35
1995-06-12,17.12,17.12,16.38,16.50,144200,3.35
1995-06-09,17.25,17.25,17.00,17.00,39100,3.45
1995-06-08,17.25,17.25,17.00,17.25,75800,3.50
1995-06-07,17.38,17.38,17.25,17.38,101700,3.52
1995-06-06,17.38,17.38,17.25,17.38,65600,3.52
1995-06-05,17.12,17.50,17.12,17.38,156600,3.52
1995-06-02,17.25,17.25,16.75,17.00,195100,3.45
1995-06-01,17.38,17.38,17.00,17.25,84000,3.50
1995-05-31,18.50,18.50,18.00,18.38,86800,3.73
1995-05-30,18.38,18.50,18.25,18.50,92600,3.75
1995-05-26,18.25,18.38,18.25,18.38,17200,3.73
1995-05-25,18.62,18.62,18.25,18.38,54400,3.73
1995-05-24,18.88,19.12,18.50,18.50,67200,3.75
1995-05-23,18.88,19.12,18.75,19.00,48400,3.85
1995-05-22,18.88,19.00,18.62,18.88,103000,3.83
1995-05-19,19.12,19.12,18.50,18.88,85300,3.83
1995-05-18,19.75,19.88,19.00,19.12,45400,3.88
1995-05-17,19.62,20.00,19.62,19.62,66800,3.98
1995-05-16,19.50,20.00,19.50,19.88,103800,4.03
1995-05-15,19.38,19.62,19.00,19.38,44700,3.93
1995-05-12,18.75,19.38,18.75,19.25,58900,3.90
1995-05-11,18.88,18.88,18.62,18.75,66000,3.80
1995-05-10,18.75,18.88,18.62,18.62,54800,3.78
1995-05-09,18.75,18.88,18.50,18.62,28700,3.78
1995-05-08,18.12,18.88,18.12,18.62,74700,3.78
1995-05-05,18.12,18.25,18.00,18.12,67900,3.68
1995-05-04,18.25,18.25,18.12,18.25,63600,3.70
1995-05-03,18.25,18.25,18.00,18.25,24500,3.70
1995-05-02,18.38,18.38,18.12,18.25,21200,3.70
1995-05-01,18.50,18.50,18.25,18.38,45200,3.73
1995-04-28,18.62,18.62,18.38,18.50,33000,3.75
1995-04-27,18.12,18.88,18.12,18.75,46700,3.80
1995-04-26,18.00,18.38,18.00,18.25,55700,3.70
1995-04-25,18.25,18.25,17.75,18.25,79400,3.70
1995-04-24,18.25,18.38,18.12,18.12,51100,3.68
1995-04-21,18.25,18.38,18.12,18.12,11400,3.68
1995-04-20,18.12,18.25,18.12,18.12,10200,3.68
1995-04-19,18.38,18.38,18.12,18.12,10800,3.68
1995-04-18,18.25,18.38,18.00,18.38,50900,3.73
1995-04-17,18.25,18.38,18.12,18.12,47700,3.68
1995-04-13,18.25,18.38,18.00,18.12,24200,3.68
1995-04-12,18.25,18.38,18.00,18.25,51500,3.70
1995-04-11,18.25,18.25,18.00,18.12,68100,3.68
1995-04-10,18.12,18.25,18.00,18.25,19800,3.70
1995-04-07,17.88,18.25,17.88,18.00,35400,3.65
1995-04-06,17.88,18.12,17.88,18.00,16600,3.65
1995-04-05,17.75,18.00,17.62,17.75,26500,3.60
1995-04-04,18.00,18.00,17.75,18.00,14500,3.65
1995-04-03,17.62,17.88,17.50,17.88,11900,3.62
1995-03-31,18.00,18.00,17.62,17.75,6500,3.60
1995-03-30,18.12,18.38,17.75,18.00,32200,3.65
1995-03-29,18.12,18.75,18.00,18.00,45600,3.65
1995-03-28,17.88,18.12,17.50,18.00,37600,3.65
1995-03-27,16.88,17.75,16.75,17.50,120300,3.55
1995-03-24,16.50,16.88,16.50,16.88,70700,3.42
1995-03-23,16.62,16.75,16.38,16.62,13900,3.37
1995-03-22,16.62,16.88,16.62,16.75,15900,3.40
1995-03-21,17.00,17.12,16.75,16.88,20700,3.42
1995-03-20,17.50,17.50,16.75,17.25,27000,3.50
1995-03-17,17.62,17.75,17.38,17.50,41700,3.55
1995-03-16,17.62,17.75,17.25,17.62,29600,3.57
1995-03-15,17.00,18.00,17.00,18.00,82900,3.65
1995-03-14,16.62,17.00,16.62,16.88,51000,3.42
1995-03-13,16.12,16.88,16.12,16.38,98100,3.32
1995-03-10,14.25,15.88,14.00,15.75,128800,3.19
1995-03-09,15.50,15.50,14.38,14.75,54900,2.99
1995-03-08,15.00,15.38,14.50,15.25,55200,3.09
1995-03-07,15.75,15.75,14.38,15.38,108800,3.12
1995-03-06,16.62,16.62,15.62,15.88,47500,3.22
1995-03-03,16.50,17.00,16.25,16.75,42300,3.40
1995-03-02,16.25,17.00,16.12,16.75,49000,3.40
1995-03-01,16.25,16.62,16.00,16.00,91800,3.24
1995-02-28,16.50,16.88,16.25,16.88,29000,3.42
1995-02-27,17.25,17.25,16.00,16.62,56800,3.37
1995-02-24,17.88,17.88,15.25,17.25,65700,3.50
1995-02-23,18.00,18.12,17.50,17.75,55000,3.60
1995-02-22,18.25,18.38,18.12,18.12,14500,3.68
1995-02-21,18.75,18.88,18.38,18.38,24500,3.73
1995-02-17,18.25,18.75,18.25,18.75,18800,3.80
1995-02-16,18.50,18.75,18.12,18.38,40800,3.73
1995-02-15,18.50,18.62,18.44,18.62,46900,3.78
1995-02-14,19.12,19.12,18.62,18.62,59000,3.78
1995-02-13,19.38,19.62,19.12,19.25,37800,3.90
1995-02-10,20.00,20.25,19.88,19.88,40800,4.03
1995-02-09,21.00,21.00,20.12,20.25,67300,4.11
1995-02-08,20.50,21.25,20.50,21.00,47700,4.26
1995-02-07,19.75,20.25,19.75,20.25,31300,4.11
1995-02-06,19.38,19.75,19.25,19.75,43800,4.00
1995-02-03,19.00,19.50,18.88,19.00,18800,3.85
1995-02-02,19.38,19.50,18.75,19.12,29400,3.88
1995-02-01,19.25,19.62,19.00,19.50,24800,3.95
1995-01-31,18.12,19.25,18.12,19.25,41700,3.90
1995-01-30,19.50,19.62,18.25,18.38,81600,3.73
1995-01-27,19.75,20.00,19.75,19.75,24600,4.00
1995-01-26,20.00,20.12,19.62,19.75,22700,4.00
1995-01-25,19.38,19.75,19.38,19.75,17800,4.00
1995-01-24,19.12,19.38,19.00,19.25,15300,3.90
1995-01-23,19.00,19.12,18.62,19.12,62000,3.88
1995-01-20,19.50,19.50,19.12,19.25,58800,3.90
1995-01-19,20.38,20.50,19.50,19.88,35000,4.03
1995-01-18,20.00,20.50,19.88,20.38,34400,4.13
1995-01-17,20.38,20.62,20.00,20.25,67800,4.11
1995-01-16,20.75,20.75,19.88,20.12,49000,4.08
1995-01-13,19.50,20.75,19.38,20.75,66800,4.21
1995-01-12,19.50,19.88,19.00,19.50,53600,3.95
1995-01-11,19.50,20.00,19.12,19.50,128900,3.95
1995-01-10,20.00,20.25,19.25,19.50,41900,3.95
1995-01-09,20.62,20.75,20.12,20.25,42900,4.11
1995-01-06,20.38,21.25,20.25,20.88,57500,4.23
1995-01-05,20.75,20.75,20.12,20.50,52100,4.16
1995-01-04,21.38,21.50,20.50,20.62,24700,4.18
1995-01-03,21.50,21.50,21.38,21.50,28900,4.36
1994-12-30,21.75,21.88,21.12,21.50,33800,4.36
1994-12-29,21.75,21.75,21.00,21.75,61200,4.41
1994-12-28,21.88,22.00,21.25,21.75,50600,4.41
1994-12-27,22.38,22.38,21.62,21.62,34700,4.38
1994-12-23,21.38,23.00,21.38,22.38,42600,4.54
1994-12-22,25.75,26.00,24.50,24.88,47200,5.04
1994-12-21,26.38,26.62,26.12,26.12,18700,5.30
1994-12-20,26.62,26.62,26.00,26.25,34100,5.32
1994-12-19,26.38,26.62,26.00,26.50,54700,5.37
1994-12-16,26.25,26.50,26.12,26.12,62100,5.30
1994-12-15,26.50,26.75,26.38,26.38,25700,5.35
1994-12-14,25.75,26.50,25.62,26.25,27000,5.32
1994-12-13,25.50,26.00,25.38,25.38,27500,5.15
1994-12-12,24.50,25.50,24.50,25.38,42500,5.15
1994-12-09,24.62,25.00,24.50,24.75,49200,5.02
1994-12-08,25.38,25.50,25.00,25.38,45700,5.15
1994-12-07,25.50,25.75,25.25,25.75,33100,5.22
1994-12-06,26.38,26.50,25.38,25.75,24800,5.22
1994-12-05,26.62,26.62,26.25,26.38,16800,5.35
1994-12-02,26.50,26.75,26.50,26.62,26100,5.40
1994-12-01,27.00,27.50,27.00,27.00,16200,5.47
1994-11-30,27.00,27.00,26.75,26.88,19900,5.45
1994-11-29,27.00,27.00,26.75,26.88,41200,5.45
1994-11-28,27.00,27.25,26.75,27.00,36700,5.47
1994-11-25,26.75,27.25,26.75,27.12,17800,5.50
1994-11-23,25.25,27.00,25.25,26.38,126700,5.35
1994-11-22,26.50,27.12,26.50,26.62,68900,5.40
1994-11-21,28.12,28.25,27.25,27.25,50300,5.53
1994-11-18,28.62,29.12,28.50,28.50,29900,5.78
1994-11-17,29.12,29.38,28.75,28.88,20800,5.85
1994-11-16,29.12,29.38,28.62,29.38,22200,5.96
1994-11-15,29.75,29.75,29.38,29.50,19400,5.98
1994-11-14,29.12,29.75,28.88,29.38,26300,5.96
1994-11-11,29.38,29.38,29.00,29.00,15300,5.88
1994-11-10,29.50,29.50,29.12,29.38,22100,5.96
1994-11-09,30.00,30.00,29.38,29.50,9900,5.98
1994-11-08,29.12,29.75,29.12,29.75,21900,6.03
1994-11-07,29.25,29.25,28.88,29.12,17700,5.91
1994-11-04,29.00,29.25,29.00,29.25,5500,5.93
1994-11-03,28.25,29.00,28.25,29.00,26100,5.88
1994-11-02,28.75,28.75,28.12,28.38,13300,5.75
1994-11-01,29.38,29.38,28.00,28.50,64400,5.78
1994-10-31,29.75,29.75,29.12,29.38,31900,5.96
1994-10-28,29.38,30.00,29.38,29.75,17900,6.03
1994-10-27,29.00,29.25,28.75,29.12,16100,5.91
1994-10-26,29.25,29.38,28.75,28.75,27600,5.83
1994-10-25,29.12,29.12,28.88,28.88,53900,5.85
1994-10-24,30.12,30.38,29.12,29.12,33500,5.91
1994-10-21,30.38,30.50,30.12,30.38,24200,6.16
1994-10-20,30.62,30.75,30.25,30.62,11300,6.21
1994-10-19,30.12,30.62,30.12,30.62,20300,6.21
1994-10-18,30.50,31.25,30.25,30.62,21600,6.21
1994-10-17,30.25,30.62,30.00,30.38,18500,6.16
1994-10-14,30.25,30.50,30.00,30.25,19500,6.13
1994-10-13,30.88,31.38,30.12,30.25,31100,6.13
1994-10-12,29.75,30.50,29.62,30.25,52100,6.13
1994-10-11,29.00,29.62,28.75,29.62,27300,6.01
1994-10-10,29.38,29.50,28.75,29.00,50900,5.88
1994-10-07,28.38,29.12,28.38,29.00,17900,5.88
1994-10-06,28.38,28.62,28.25,28.38,27100,5.75
1994-10-05,29.00,29.25,28.00,28.25,98400,5.73
1994-10-04,29.25,29.62,29.25,29.50,15100,5.98
1994-10-03,29.50,29.62,29.12,29.50,13900,5.98
1994-09-30,29.12,29.38,29.00,29.38,31400,5.96
1994-09-29,29.62,29.62,28.75,29.12,25700,5.91
1994-09-28,29.75,29.75,29.38,29.75,21700,6.03
1994-09-27,29.62,29.75,29.62,29.75,26100,6.03
1994-09-26,29.75,29.88,29.62,29.75,24400,6.03
1994-09-23,29.62,29.88,29.62,29.75,28700,6.03
1994-09-22,29.75,30.00,29.62,29.75,24800,6.03
1994-09-21,30.38,30.38,30.00,30.00,22200,6.08
1994-09-20,30.00,30.75,30.00,30.38,23100,6.16
1994-09-19,30.25,30.25,29.88,30.12,36500,6.11
1994-09-16,30.25,30.25,30.00,30.00,28600,6.08
1994-09-15,30.25,30.25,30.12,30.12,22600,6.11
1994-09-14,30.38,30.50,30.00,30.12,37600,6.11
1994-09-13,30.00,30.50,30.00,30.38,33100,6.16
1994-09-12,30.00,30.25,30.00,30.12,12200,6.11
1994-09-09,30.75,30.75,30.12,30.12,23500,6.11
1994-09-08,30.88,30.88,30.50,30.62,18700,6.21
1994-09-07,30.38,30.88,30.25,30.62,25700,6.21
1994-09-06,30.75,30.88,30.38,30.50,37900,6.18
1994-09-02,30.50,30.75,30.38,30.75,37400,6.23
1994-09-01,30.50,30.75,30.25,30.50,30200,6.18
1994-08-31,29.75,30.75,29.75,30.75,70100,6.23
1994-08-30,29.75,30.00,29.62,30.00,35300,6.08
1994-08-29,29.25,29.50,29.12,29.50,32900,5.98
1994-08-26,29.00,29.12,28.88,28.88,14300,5.85
1994-08-25,29.00,29.12,28.88,28.88,10700,5.85
1994-08-24,28.75,29.12,28.75,29.00,36300,5.88
1994-08-23,29.00,29.12,29.00,29.12,51600,5.91
1994-08-22,29.12,29.62,29.12,29.38,54700,5.96
1994-08-19,29.12,29.25,28.62,29.00,30000,5.88
1994-08-18,29.00,29.75,29.00,29.25,37400,5.93
1994-08-17,28.75,29.12,28.75,28.88,84100,5.85
1994-08-16,28.88,29.00,28.50,28.75,39000,5.83
1994-08-15,28.75,29.12,28.62,28.75,34600,5.83
1994-08-12,28.38,29.00,28.38,29.00,20500,5.88
1994-08-11,28.25,28.75,28.25,28.38,45100,5.75
1994-08-10,27.50,28.25,27.50,28.00,26900,5.68
1994-08-09,27.25,27.62,27.25,27.50,60000,5.58
1994-08-08,27.00,27.50,27.00,27.38,75300,5.55
1994-08-05,26.75,26.88,26.50,26.62,30700,5.40
1994-08-04,26.75,26.88,26.50,26.75,12500,5.42
1994-08-03,26.75,26.75,26.50,26.75,30100,5.42
1994-08-02,27.00,27.38,26.50,26.75,40600,5.42
1994-08-01,26.62,26.88,26.50,26.75,13600,5.42
1994-07-29,26.38,26.62,26.25,26.38,22800,5.35
1994-07-28,26.38,26.38,26.00,26.25,18100,5.32
1994-07-27,26.12,26.38,26.00,26.00,13600,5.27
1994-07-26,26.00,26.25,26.00,26.25,7600,5.32
1994-07-25,25.88,26.12,25.88,26.12,16500,5.30
1994-07-22,26.50,26.50,26.25,26.38,11400,5.35
1994-07-21,26.25,26.38,26.25,26.25,3500,5.32
1994-07-20,26.25,26.50,26.25,26.50,5400,5.37
1994-07-19,26.50,26.75,26.12,26.50,20100,5.37
1994-07-18,26.38,26.38,26.00,26.38,30700,5.35
1994-07-15,26.38,26.38,26.25,26.38,17700,5.35
1994-07-14,26.00,26.62,26.00,26.25,37500,5.32
1994-07-13,25.75,26.00,25.62,25.75,10900,5.22
1994-07-12,25.75,25.88,25.38,25.50,11500,5.17
1994-07-11,25.25,25.75,25.12,25.50,14100,5.17
1994-07-08,25.75,25.88,25.25,25.50,17500,5.17
1994-07-07,25.75,25.75,25.38,25.50,17000,5.17
1994-07-06,26.00,26.12,25.50,25.62,18900,5.20
1994-07-05,26.00,26.00,25.62,25.75,17400,5.22
1994-07-01,25.75,26.25,25.75,26.12,11500,5.30
1994-06-30,25.38,25.62,25.38,25.62,4800,5.20
1994-06-29,25.38,25.62,25.12,25.62,16000,5.20
1994-06-28,25.75,26.12,25.25,25.62,31400,5.20
1994-06-27,25.50,25.50,24.75,25.38,54800,5.15
1994-06-24,25.62,26.25,25.38,25.88,43200,5.25
1994-06-23,26.12,26.25,25.62,26.25,32900,5.32
1994-06-22,25.62,25.88,25.62,25.88,18200,5.25
1994-06-21,26.38,26.38,25.62,25.75,17700,5.22
1994-06-20,26.25,26.62,26.12,26.25,24000,5.32
1994-06-17,27.25,27.25,26.75,26.75,13100,5.42
1994-06-16,26.38,27.00,26.38,27.00,28900,5.47
1994-06-15,26.50,26.75,26.25,26.75,33300,5.42
1994-06-14,27.25,27.50,26.88,27.00,35800,5.47
1994-06-13,27.25,27.25,26.62,27.00,25000,5.47
1994-06-10,26.88,27.12,26.88,27.12,15700,5.50
1994-06-09,26.75,27.25,26.75,27.00,19900,5.47
1994-06-08,26.75,27.00,26.75,26.88,12700,5.45
1994-06-07,26.75,27.38,26.62,27.00,21100,5.47
1994-06-06,27.25,27.50,26.38,27.00,61300,5.47
1994-06-03,27.12,27.75,27.12,27.75,104600,5.63
1994-06-02,26.38,27.12,26.38,26.88,76100,5.45
1994-06-01,25.00,26.25,25.00,26.25,91700,5.32
1994-05-31,24.75,25.25,24.75,25.00,100900,5.07
1994-05-27,24.50,24.62,24.38,24.38,50200,4.94
1994-05-26,24.38,24.88,24.38,24.62,18800,4.99
1994-05-25,24.50,24.62,24.38,24.62,27600,4.99
1994-05-24,24.50,24.62,24.12,24.38,27400,4.94
1994-05-23,24.00,24.50,24.00,24.25,37000,4.92
1994-05-20,24.50,24.50,24.12,24.25,46000,4.92
1994-05-19,24.00,24.62,24.00,24.38,40200,4.94
1994-05-18,24.00,24.00,23.50,23.88,41800,4.84
1994-05-17,23.12,23.50,23.12,23.50,34900,4.76
1994-05-16,23.62,24.00,23.12,23.25,21400,4.71
1994-05-13,23.75,23.88,23.50,23.50,17400,4.76
1994-05-12,23.88,24.00,23.50,23.50,18900,4.76
1994-05-11,24.00,24.00,23.50,23.50,85000,4.76
1994-05-10,23.62,23.88,23.62,23.75,13300,4.82
1994-05-09,24.12,24.12,23.50,23.50,22400,4.76
1994-05-06,24.25,24.38,23.62,23.88,15900,4.84
1994-05-05,24.75,24.88,24.25,24.25,11900,4.92
1994-05-04,24.88,25.12,24.88,24.88,24500,5.04
1994-05-03,25.25,25.25,24.88,25.12,11700,5.09
1994-05-02,24.75,25.12,24.75,25.00,37000,5.07
1994-04-29,25.12,25.12,24.88,25.12,18700,5.09
1994-04-28,25.50,25.62,25.12,25.12,20300,5.09
1994-04-26,25.50,25.50,24.75,25.00,31800,5.07
1994-04-25,24.00,24.38,23.75,24.38,41000,4.94
1994-04-22,23.75,24.00,23.62,23.75,26400,4.82
1994-04-21,22.88,23.88,22.38,23.50,60400,4.76
1994-04-20,24.12,24.25,23.12,23.12,54300,4.69
1994-04-19,24.50,24.75,24.12,24.12,110000,4.89
1994-04-18,25.25,25.38,24.38,24.50,113500,4.97
1994-04-15,25.12,25.75,25.12,25.38,52600,5.15
1994-04-14,24.38,25.38,24.38,25.00,68300,5.07
1994-04-13,25.00,25.12,24.38,24.62,68700,4.99
1994-04-12,24.88,25.25,24.62,25.25,24800,5.12
1994-04-11,24.88,24.88,24.50,24.62,21300,4.99
1994-04-08,24.38,24.88,24.00,24.75,53100,5.02
1994-04-07,24.00,24.50,23.75,24.38,48800,4.94
1994-04-06,23.88,24.12,23.25,23.88,95300,4.84
1994-04-05,22.75,24.00,22.75,23.38,106400,4.74
1994-04-04,22.00,23.00,21.25,22.50,92900,4.56
1994-03-31,22.25,23.50,20.75,23.25,189300,4.71
1994-03-30,23.38,23.38,21.88,22.25,121200,4.51
1994-03-29,24.38,24.50,23.75,23.88,54500,4.84
1994-03-28,25.12,25.25,24.62,24.62,46800,4.99
1994-03-25,24.62,25.25,24.62,25.25,52200,5.12
1994-03-24,25.88,25.88,24.62,24.88,74700,5.04
1994-03-23,26.00,26.38,25.75,25.75,54200,5.22
1994-03-22,24.88,26.00,24.75,25.50,61800,5.17
1994-03-21,25.75,25.75,24.62,24.62,69800,4.99
1994-03-18,26.62,26.62,25.75,26.00,86200,5.27
1994-03-17,26.62,26.75,26.38,26.50,45000,5.37
1994-03-16,26.75,26.88,26.12,26.50,46000,5.37
1994-03-15,26.50,26.75,26.25,26.50,99000,5.37
1994-03-14,26.50,26.62,26.12,26.25,69500,5.32
1994-03-11,26.25,26.38,25.00,26.00,129500,5.27
1994-03-10,26.00,27.00,25.88,26.12,351900,5.30
1994-03-09,28.88,29.00,27.50,27.50,66000,5.58
1994-03-08,27.75,28.88,27.75,28.88,40800,5.85
1994-03-07,27.12,27.75,27.12,27.75,32600,5.63
1994-03-04,27.50,27.62,26.50,26.75,45300,5.42
1994-03-03,26.00,27.38,26.00,27.25,60800,5.53
1994-03-02,25.75,26.75,25.62,26.25,146200,5.32
1994-03-01,28.12,28.12,27.62,27.75,46100,5.63
1994-02-28,28.00,28.62,28.00,28.12,72500,5.70
1994-02-25,28.25,28.38,26.38,27.75,110200,5.63
1994-02-24,30.00,30.00,28.00,28.38,112000,5.75
1994-02-23,30.88,30.88,30.25,30.25,32200,6.13
1994-02-22,30.88,31.25,30.75,31.00,74100,6.29
1994-02-18,30.75,30.75,30.50,30.50,26100,6.18
1994-02-17,30.25,30.75,30.12,30.62,71500,6.21
1994-02-16,29.75,30.12,29.75,30.12,84700,6.11
1994-02-15,30.12,30.25,29.75,30.00,54200,6.08
1994-02-14,30.62,30.62,29.88,30.00,74900,6.08
1994-02-11,30.38,30.62,30.12,30.62,29500,6.21
1994-02-10,31.00,31.25,30.62,30.62,114400,6.21
1994-02-09,30.75,31.25,30.38,31.25,56500,6.34
1994-02-08,30.62,31.25,30.25,30.50,57300,6.18
1994-02-07,29.00,30.50,28.75,30.50,112100,6.18
1994-02-04,31.25,31.25,30.12,30.12,59300,6.11
1994-02-03,30.62,31.38,30.50,31.25,53900,6.34
1994-02-02,30.62,30.88,30.25,30.88,48300,6.26
1994-02-01,31.12,31.38,30.12,30.12,51900,6.11
1994-01-31,31.50,31.50,30.50,31.00,70200,6.29
1994-01-28,31.12,31.50,30.75,31.50,33900,6.39
1994-01-27,31.62,31.62,30.88,31.12,26000,6.31
1994-01-26,31.12,31.38,30.75,31.38,50400,6.36
1994-01-25,30.25,31.12,30.12,31.00,46800,6.29
1994-01-24,31.12,31.12,29.75,30.50,71900,6.18
1994-01-21,31.25,31.38,30.75,31.12,48700,6.31
1994-01-20,31.12,31.62,31.00,31.12,63600,6.31
1994-01-19,31.00,31.38,30.75,31.12,49000,6.31
1994-01-18,30.50,31.38,30.50,30.88,81800,6.26
1994-01-17,29.75,30.00,29.50,30.00,74500,6.08
1994-01-14,29.25,29.50,29.00,29.25,127500,5.93
1994-01-13,30.00,30.25,28.62,28.75,89000,5.83
1994-01-12,30.25,30.38,29.50,30.25,83600,6.13
1994-01-11,30.25,30.25,29.88,30.00,100100,6.08
1994-01-10,30.50,30.50,29.38,29.38,109300,5.96
1994-01-07,29.25,29.75,29.12,29.25,84500,5.93
1994-01-06,29.25,29.75,28.75,28.88,207400,5.85
1994-01-05,31.50,32.50,31.25,32.50,120900,6.59
1994-01-04,31.25,32.00,30.38,31.25,120200,6.34
1994-01-03,31.50,31.62,30.12,30.25,61000,6.13
1993-12-31,31.25,31.62,31.00,31.62,18900,6.41
1993-12-30,31.38,31.50,31.00,31.25,29900,6.34
1993-12-29,30.75,31.38,30.75,31.25,162400,6.34
1993-12-28,31.12,31.38,30.00,30.75,61400,6.23
1993-12-27,30.62,31.50,30.62,31.00,62300,6.29
1993-12-23,29.75,30.50,29.50,30.50,29900,6.18
1993-12-22,29.50,29.62,29.12,29.62,24800,6.01
1993-12-21,29.25,29.75,29.25,29.50,37900,5.98
1993-12-20,29.00,29.25,28.50,29.25,44500,5.93
1993-12-17,28.75,28.88,28.62,28.75,57500,5.83
1993-12-16,27.88,29.00,27.88,29.00,119400,5.88
1993-12-15,29.25,29.75,27.25,27.88,349800,5.65
1993-12-14,29.38,29.62,29.00,29.25,47300,5.93
1993-12-13,30.75,31.00,29.50,29.62,108100,6.01
1993-12-10,30.25,30.62,30.00,30.38,66800,6.16
1993-12-09,29.00,29.88,28.62,29.38,71600,5.96
1993-12-08,28.00,28.38,28.00,28.25,19700,5.73
1993-12-07,27.62,28.12,27.62,27.75,55100,5.63
1993-12-06,27.00,27.50,26.88,27.50,64400,5.58
1993-12-03,27.00,27.00,26.88,27.00,32700,5.47
1993-12-02,26.75,27.12,26.75,26.88,59400,5.45
1993-12-01,26.88,26.88,26.62,26.88,11800,5.45
1993-11-30,26.88,27.00,26.75,26.88,47700,5.45
1993-11-29,26.50,27.00,26.50,26.88,40700,5.45
1993-11-26,25.88,26.25,25.88,26.25,25400,5.32
1993-11-24,25.00,25.88,25.00,25.88,54700,5.25
1993-11-23,25.38,25.50,24.88,25.12,65400,5.09
1993-11-22,26.12,26.12,25.50,25.50,80800,5.17
1993-11-19,25.62,26.50,25.50,26.38,27500,5.35
1993-11-18,25.75,25.88,25.50,25.50,24600,5.17
1993-11-17,26.38,26.38,25.38,25.75,113200,5.22
1993-11-16,26.00,26.88,26.00,26.50,40400,5.37
1993-11-15,26.38,26.50,26.12,26.38,28400,5.35
1993-11-12,25.38,26.38,25.38,26.38,97400,5.35
1993-11-11,25.38,25.75,25.38,25.38,20800,5.15
1993-11-10,25.75,25.75,25.25,25.50,24300,5.17
1993-11-09,25.00,25.38,25.00,25.38,23700,5.15
1993-11-08,25.25,25.62,25.12,25.62,29300,5.20
1993-11-05,24.75,25.00,24.00,25.00,43800,5.07
1993-11-04,25.75,25.75,25.00,25.25,43100,5.12
1993-11-03,25.50,26.00,25.50,26.00,29000,5.27
1993-11-02,25.62,25.88,25.38,25.75,67400,5.22
1993-11-01,25.12,25.62,25.12,25.62,71600,5.20
1993-10-29,25.00,25.12,24.88,25.00,30900,5.07
1993-10-28,25.00,25.12,24.50,24.88,32300,5.04
1993-10-27,24.88,24.88,24.75,24.75,23600,5.02
1993-10-26,25.00,25.00,24.38,24.88,21800,5.04
1993-10-25,25.75,26.38,24.75,25.00,34400,5.07
1993-10-22,25.75,25.75,25.38,25.62,32600,5.20
1993-10-21,25.62,25.88,25.62,25.88,41800,5.25
1993-10-20,25.62,25.75,25.25,25.38,21600,5.15
1993-10-19,25.62,25.88,25.12,25.50,61000,5.17
1993-10-18,26.00,26.50,25.38,25.88,52200,5.25
1993-10-15,25.88,26.50,25.50,26.50,79900,5.37
1993-10-14,25.50,26.00,25.25,25.75,42600,5.22
1993-10-13,25.50,25.50,25.00,25.25,27300,5.12
1993-10-12,24.62,25.75,24.50,25.50,47400,5.17
1993-10-11,23.88,24.38,23.88,24.38,17300,4.94
1993-10-08,23.75,23.88,23.62,23.88,38600,4.84
1993-10-07,23.75,23.88,23.62,23.75,24000,4.82
1993-10-06,23.75,24.00,23.75,24.00,31700,4.87
1993-10-05,23.88,24.12,23.62,24.00,25400,4.87
1993-10-04,23.62,24.00,23.62,23.75,41400,4.82
1993-10-01,23.62,23.75,23.62,23.75,50500,4.82
1993-09-30,23.25,23.62,23.12,23.62,35100,4.79
1993-09-29,23.00,23.75,22.75,23.12,33800,4.69
1993-09-28,22.75,23.00,22.75,23.00,38000,4.66
1993-09-27,22.50,22.88,22.50,22.88,26600,4.64
1993-09-24,22.88,23.50,22.75,22.75,43600,4.61
1993-09-23,23.00,23.00,22.50,22.62,26500,4.59
1993-09-22,23.38,23.38,22.25,22.88,95400,4.64
1993-09-21,23.12,23.50,23.00,23.38,95000,4.74
1993-09-20,23.00,23.12,22.88,23.00,53100,4.66
1993-09-17,23.25,23.38,23.12,23.25,25600,4.71
1993-09-16,23.38,23.50,23.12,23.25,14200,4.71
1993-09-15,23.50,23.50,23.12,23.25,20200,4.71
1993-09-14,23.62,23.75,23.25,23.50,38400,4.76
1993-09-13,23.50,23.75,23.50,23.75,19100,4.82
1993-09-10,23.88,23.88,23.25,23.25,105100,4.71
1993-09-09,23.88,23.88,23.50,23.75,57500,4.82
1993-09-08,24.00,24.12,23.50,23.88,71100,4.84
1993-09-07,24.00,24.50,23.75,23.88,52100,4.84
1993-09-03,22.50,23.25,22.50,23.25,56700,4.71
1993-09-02,22.75,22.88,22.62,22.75,12600,4.61
1993-09-01,22.75,22.88,22.62,22.75,132700,4.61
1993-08-31,22.62,22.88,22.50,22.75,58500,4.61
1993-08-30,22.38,22.38,22.25,22.38,27300,4.54
1993-08-27,22.25,22.38,22.12,22.25,14600,4.51
1993-08-26,22.75,23.12,22.62,22.62,38400,4.59
1993-08-25,22.62,23.38,22.62,23.00,29900,4.66
1993-08-24,22.75,22.88,22.38,22.88,53300,4.64
1993-08-23,22.62,22.75,22.50,22.75,44900,4.61
1993-08-20,22.62,22.62,22.12,22.62,47600,4.59
1993-08-19,22.25,22.50,22.25,22.50,27300,4.56
1993-08-18,22.50,22.88,22.00,22.00,39000,4.46
1993-08-17,22.00,22.50,21.75,22.25,75400,4.51
1993-08-16,21.62,22.00,21.38,22.00,37200,4.46
1993-08-13,21.50,21.62,21.25,21.62,122000,4.38
1993-08-12,21.38,21.75,21.38,21.50,42400,4.36
1993-08-11,21.25,21.75,21.25,21.50,45400,4.36
1993-08-10,20.50,21.00,20.50,21.00,38700,4.26
1993-08-09,20.38,20.38,20.25,20.38,39500,4.13
1993-08-06,19.75,20.38,19.75,20.12,29900,4.08
1993-08-05,19.75,19.88,19.75,19.88,35200,4.03
1993-08-04,19.75,19.75,19.75,19.75,27400,4.00
1993-08-03,19.38,19.75,19.25,19.75,51800,4.00
1993-08-02,19.62,19.62,19.25,19.25,34800,3.90
1993-07-30,19.88,19.88,19.25,19.62,55700,3.98
1993-07-29,19.88,19.88,19.75,19.88,23000,4.03
1993-07-28,19.75,19.88,19.75,19.88,61000,4.03
1993-07-27,19.75,19.75,19.50,19.75,39500,4.00
1993-07-26,19.75,19.75,19.50,19.62,30100,3.98
1993-07-23,19.88,19.88,19.62,19.75,32500,4.00
1993-07-22,19.62,20.00,19.50,19.75,42300,4.00
1993-07-21,19.88,19.88,19.50,19.75,51800,4.00
1993-07-20,19.88,19.88,19.62,19.88,20600,4.03
1993-07-19,20.00,20.00,19.75,19.88,33000,4.03
1993-07-16,19.88,20.00,19.75,20.00,32700,4.06
1993-07-15,19.88,19.88,19.50,19.88,54800,4.03
1993-07-14,19.88,19.88,19.75,19.88,64200,4.03
1993-07-13,20.12,20.12,19.75,19.88,66100,4.03
1993-07-12,19.50,20.12,19.50,20.12,78400,4.08
1993-07-09,19.88,20.00,19.38,19.38,84900,3.93
1993-07-08,20.12,20.12,19.50,20.00,68600,4.06
1993-07-07,20.25,20.25,20.12,20.12,14900,4.08
1993-07-06,20.38,20.38,20.00,20.12,29100,4.08
1993-07-02,20.38,20.38,20.12,20.25,17200,4.11
1993-07-01,19.75,20.38,19.62,20.38,41600,4.13
1993-06-30,19.75,19.75,19.25,19.75,50000,4.00
1993-06-29,19.88,20.00,19.62,19.88,23100,4.03
1993-06-28,19.75,20.12,19.62,19.62,40700,3.98
1993-06-25,19.50,19.62,19.50,19.62,17900,3.98
1993-06-24,19.38,19.75,19.38,19.75,99300,4.00
1993-06-23,19.12,19.50,19.12,19.38,109700,3.93
1993-06-22,18.12,18.88,18.00,18.88,211400,3.83
1993-06-21,18.25,18.25,17.88,18.00,290900,3.65
1993-06-18,18.25,18.25,18.12,18.12,70400,3.68
1993-06-17,18.25,18.38,18.12,18.25,82200,3.70
1993-06-16,18.38,18.38,18.25,18.25,145700,3.70
1993-06-15,18.38,18.38,18.25,18.38,135000,3.73
1993-06-14,18.38,18.50,18.25,18.25,132400,3.70
1993-06-11,18.62,18.75,18.25,18.50,69600,3.75
1993-06-10,18.38,18.62,18.38,18.62,49100,3.78
1993-06-09,18.75,18.75,18.38,18.50,113500,3.75
1993-06-08,20.12,20.12,19.50,19.50,40400,3.95
1993-06-07,20.38,20.38,20.25,20.38,23800,4.13
1993-06-04,20.25,20.38,20.25,20.38,6500,4.13
1993-06-03,20.38,20.38,20.12,20.25,48000,4.11
1993-06-02,20.75,20.75,20.12,20.38,111700,4.13
1993-06-01,21.00,21.00,20.38,20.62,18500,4.18
1993-05-28,21.25,21.50,21.12,21.12,44700,4.28
1993-05-27,20.75,21.12,20.75,21.12,83700,4.28
1993-05-26,20.12,20.50,20.00,20.50,22000,4.16
1993-05-25,20.12,20.38,20.12,20.12,11900,4.08
1993-05-24,20.38,20.50,20.00,20.25,18300,4.11
1993-05-21,20.00,21.25,20.00,20.50,49500,4.16
1993-05-20,19.62,19.88,19.50,19.88,16400,4.03
1993-05-19,19.50,20.12,19.38,19.75,20900,4.00
1993-05-18,19.00,19.38,19.00,19.38,99300,3.93
1993-05-17,19.00,19.12,18.75,18.88,15000,3.83
1993-05-14,18.50,18.75,18.38,18.75,18600,3.80
1993-05-13,18.50,18.50,18.38,18.50,27400,3.75
1993-05-12,18.62,18.62,18.38,18.62,15100,3.78
1993-05-11,18.75,18.75,18.25,18.62,23100,3.78
1993-05-10,18.75,18.88,18.62,18.75,11900,3.80
1993-05-07,18.75,18.88,18.62,18.62,13700,3.78
1993-05-06,18.88,18.88,18.75,18.88,10100,3.83
1993-05-05,18.88,18.88,18.75,18.75,54000,3.80
1993-05-04,18.50,18.75,18.50,18.75,26900,3.80
1993-05-03,18.38,18.62,18.38,18.62,24800,3.78
1993-04-30,19.00,19.00,18.50,18.75,21300,3.80
1993-04-29,18.75,19.12,18.75,18.88,22000,3.83
1993-04-28,19.00,19.12,18.75,18.88,32800,3.83
1993-04-27,18.62,18.75,18.62,18.75,12500,3.80
1993-04-26,18.50,18.50,18.25,18.50,11700,3.75
1993-04-23,18.50,18.62,18.38,18.62,22700,3.78
1993-04-22,18.75,18.75,18.50,18.50,28600,3.75
1993-04-21,19.25,19.25,18.88,18.88,43700,3.83
1993-04-20,19.25,19.25,19.12,19.25,7700,3.90
1993-04-19,19.25,19.25,19.00,19.25,38300,3.90
1993-04-16,19.12,19.25,19.12,19.12,35300,3.88
1993-04-15,18.88,19.12,18.88,19.12,11200,3.88
1993-04-14,18.62,19.00,18.62,19.00,25200,3.85
1993-04-13,18.75,18.88,18.50,18.75,28500,3.80
1993-04-12,18.38,19.00,18.38,18.62,22200,3.78
1993-04-08,19.25,19.25,18.62,18.62,11900,3.78
1993-04-07,18.88,19.25,18.88,19.25,25600,3.90
1993-04-06,18.75,19.00,18.62,18.75,10500,3.80
1993-04-05,18.62,18.75,18.50,18.75,12500,3.80
1993-04-02,18.75,19.00,18.75,18.88,10600,3.83
1993-04-01,19.00,19.00,18.88,19.00,6200,3.85
1993-03-31,19.00,19.12,18.75,18.75,17200,3.80
1993-03-30,18.62,19.25,18.62,19.12,20200,3.88
1993-03-29,18.88,19.25,18.75,18.88,28800,3.83
1993-03-26,18.50,19.00,18.50,18.88,4900,3.83
1993-03-25,18.25,18.62,18.25,18.62,2300,3.78
1993-03-24,18.25,18.38,18.12,18.38,20400,3.73
1993-03-23,18.50,18.50,18.12,18.38,17700,3.73
1993-03-22,18.62,18.62,18.25,18.62,7100,3.78
1993-03-19,18.25,18.50,18.25,18.50,26500,3.75
1993-03-18,18.12,18.38,18.12,18.25,12500,3.70
1993-03-17,18.25,18.25,18.00,18.12,8900,3.68
1993-03-16,18.00,18.25,18.00,18.00,16700,3.65
1993-03-15,18.00,18.25,17.88,18.25,9500,3.70
1993-03-12,17.75,17.88,17.62,17.88,7200,3.62
1993-03-11,17.50,17.75,17.50,17.75,11100,3.60
1993-03-10,17.88,17.88,17.75,17.75,6100,3.60
1993-03-09,17.12,17.88,17.12,17.88,35600,3.62
1993-03-08,17.00,17.00,16.88,17.00,13600,3.45
1993-03-05,17.00,17.00,16.75,17.00,67100,3.45
1993-03-04,17.00,17.00,17.00,17.00,15700,3.45
1993-03-03,17.00,17.00,17.00,17.00,22300,3.45
1993-03-02,16.88,17.00,16.88,17.00,17100,3.45
1993-03-01,17.00,17.00,16.88,17.00,26300,3.45
1993-02-26,16.88,17.00,16.88,17.00,7500,3.45
1993-02-25,16.88,16.88,16.88,16.88,17800,3.42
1993-02-24,16.62,16.88,16.62,16.75,9000,3.40
1993-02-23,16.62,16.88,16.62,16.75,32400,3.40
1993-02-22,17.00,17.00,16.88,16.88,10600,3.42
1993-02-19,16.75,17.00,16.75,17.00,17400,3.45
1993-02-18,17.00,17.00,16.75,17.00,6500,3.45
1993-02-17,17.00,17.00,17.00,17.00,7700,3.45
1993-02-16,17.12,17.12,16.88,17.00,19000,3.45
1993-02-12,16.88,17.00,16.75,17.00,5400,3.45
1993-02-11,16.88,17.00,16.75,16.75,18700,3.40
1993-02-10,16.75,17.00,16.75,16.88,15200,3.42
1993-02-09,16.62,16.88,16.50,16.75,28700,3.40
1993-02-08,16.75,16.88,16.50,16.50,30800,3.35
1993-02-05,16.75,16.88,16.75,16.88,18600,3.42
1993-02-04,16.75,16.88,16.50,16.88,29700,3.42
1993-02-03,16.88,16.88,16.50,16.50,14500,3.35
1993-02-02,17.00,17.12,16.88,17.00,26000,3.45
1993-02-01,17.00,17.12,17.00,17.12,5600,3.47
1993-01-29,17.12,17.12,17.00,17.00,23200,3.45
1993-01-28,17.25,17.25,17.12,17.25,1400,3.50
1993-01-27,16.88,17.25,16.88,17.25,8900,3.50
1993-01-26,16.88,17.00,16.75,17.00,10900,3.45
1993-01-25,17.00,17.00,16.75,16.75,12200,3.40
1993-01-22,17.00,17.25,17.00,17.00,24500,3.45
1993-01-21,17.25,17.25,17.00,17.25,16400,3.50
1993-01-20,17.12,17.25,17.00,17.25,3200,3.50
1993-01-19,17.00,17.25,17.00,17.25,9700,3.50
1993-01-18,17.00,17.25,17.00,17.00,18100,3.45
1993-01-15,17.38,17.50,17.12,17.38,20100,3.52
1993-01-14,17.38,17.38,17.12,17.38,18100,3.52
1993-01-13,17.00,17.25,17.00,17.25,6800,3.50
1993-01-12,17.38,17.38,17.00,17.12,7300,3.47
1993-01-11,17.50,17.50,17.25,17.25,8800,3.50
1993-01-08,17.62,17.62,17.38,17.50,62000,3.55
1993-01-07,17.25,17.50,17.25,17.38,9200,3.52
1993-01-06,17.25,17.50,17.12,17.50,13100,3.55
1993-01-05,16.62,17.88,16.62,17.62,31600,3.57
1993-01-04,18.12,18.12,17.88,18.00,20600,3.35
1992-12-31,18.00,18.12,17.88,18.12,9000,3.37
1992-12-30,17.88,18.00,17.88,18.00,8200,3.35
1992-12-29,17.88,18.00,17.88,18.00,17400,3.35
1992-12-28,17.62,18.12,17.62,18.12,17600,3.37
1992-12-24,17.88,17.88,17.88,17.88,3800,3.32
1992-12-23,18.00,18.12,18.00,18.12,6800,3.37
1992-12-22,17.88,18.25,17.75,18.25,13900,3.39
1992-12-21,17.62,17.88,17.62,17.88,22200,3.32
1992-12-18,17.50,17.62,17.38,17.50,9100,3.25
1992-12-17,17.62,17.75,17.25,17.38,38200,3.23
1992-12-16,17.88,17.88,17.62,17.75,6000,3.30
1992-12-15,17.75,17.88,17.62,17.88,8500,3.32
1992-12-14,17.88,17.88,17.75,17.88,9500,3.32
1992-12-11,18.00,18.00,17.88,17.88,8800,3.32
1992-12-10,18.12,18.12,18.00,18.12,19900,3.37
1992-12-09,18.00,18.25,18.00,18.12,50300,3.37
1992-12-08,18.00,18.12,18.00,18.12,25000,3.37
1992-12-07,18.00,18.12,17.88,18.12,35400,3.37
1992-12-04,18.00,18.00,17.88,18.00,8100,3.35
1992-12-03,18.00,18.00,17.88,17.88,37400,3.32
1992-12-02,18.12,18.12,17.88,18.12,34300,3.37
1992-12-01,18.00,18.00,17.88,18.00,82300,3.35
1992-11-30,18.00,18.12,17.88,18.00,23300,3.35
1992-11-27,18.00,18.00,17.75,17.88,5400,3.32
1992-11-25,18.00,18.00,17.62,18.00,26300,3.35
1992-11-24,18.00,18.12,17.88,18.12,18600,3.37
1992-11-23,17.75,18.25,17.75,18.00,27900,3.35
1992-11-20,17.75,17.75,17.62,17.62,7300,3.28
1992-11-19,17.75,17.75,17.62,17.75,13000,3.30
1992-11-18,17.62,18.00,17.62,17.62,31000,3.28
1992-11-17,17.50,17.62,17.25,17.62,18700,3.28
1992-11-16,17.62,17.62,17.50,17.62,73000,3.28
1992-11-13,17.50,17.62,17.50,17.62,48000,3.28
1992-11-12,17.38,17.75,17.38,17.75,19600,3.30
1992-11-11,17.62,17.62,17.50,17.62,76100,3.28
1992-11-10,17.75,17.88,17.75,17.88,60100,3.32
1992-11-09,17.88,17.88,17.62,17.88,12500,3.32
1992-11-06,17.75,17.88,17.75,17.75,9700,3.30
1992-11-05,17.50,17.75,17.50,17.75,12400,3.30
1992-11-04,18.00,18.00,17.50,17.50,22200,3.25
1992-11-03,18.00,18.12,17.62,18.00,15200,3.35
1992-11-02,17.50,18.25,17.50,18.12,67900,3.37
1992-10-30,17.12,17.50,17.12,17.25,36200,3.21
1992-10-29,16.50,17.25,16.38,17.25,37900,3.21
1992-10-28,16.38,16.50,16.25,16.50,15600,3.07
1992-10-27,16.25,16.38,16.25,16.25,21100,3.02
1992-10-26,16.38,16.62,16.38,16.38,38900,3.05
1992-10-23,16.50,16.50,16.12,16.38,29200,3.05
1992-10-22,16.12,16.50,16.12,16.50,10200,3.07
1992-10-21,16.00,16.12,16.00,16.12,4800,3.00
1992-10-20,16.00,16.12,16.00,16.00,9500,2.98
1992-10-19,16.38,16.50,16.12,16.25,10400,3.02
1992-10-16,16.25,16.38,16.12,16.38,3500,3.05
1992-10-15,16.25,16.38,16.12,16.25,24700,3.02
1992-10-14,16.25,16.38,16.25,16.38,3600,3.05
1992-10-13,16.38,16.38,16.25,16.25,13500,3.02
1992-10-12,15.88,16.38,15.88,16.25,15700,3.02
1992-10-09,16.00,16.00,15.75,15.75,11400,2.93
1992-10-08,16.00,16.00,15.75,16.00,24000,2.98
1992-10-07,15.88,16.00,15.88,16.00,11100,2.98
1992-10-06,16.00,16.00,15.75,15.88,48400,2.95
1992-10-05,15.88,16.25,15.88,16.00,29500,2.98
1992-10-02,16.50,16.50,16.25,16.25,3800,3.02
1992-10-01,16.38,16.38,16.38,16.38,13700,3.05
1992-09-30,16.50,16.62,16.38,16.50,5600,3.07
1992-09-29,16.38,16.38,16.25,16.38,13900,3.05
1992-09-28,16.25,16.50,16.25,16.38,15800,3.05
1992-09-25,16.62,16.62,16.38,16.38,32900,3.05
1992-09-24,16.62,16.62,16.50,16.50,20900,3.07
1992-09-23,16.50,16.62,16.50,16.62,13500,3.09
1992-09-22,16.62,16.62,16.50,16.62,13300,3.09
1992-09-21,16.62,16.62,16.38,16.50,20400,3.06
1992-09-18,16.62,16.62,16.38,16.50,24900,3.06
1992-09-17,16.62,16.75,16.50,16.50,26000,3.06
1992-09-16,16.62,16.62,16.50,16.62,7800,3.09
1992-09-15,16.50,16.62,16.50,16.62,23600,3.09
1992-09-14,16.50,16.75,16.50,16.62,60400,3.09
1992-09-11,16.75,16.75,16.75,16.75,2400,3.11
1992-09-10,16.75,16.75,16.62,16.75,12800,3.11
1992-09-09,16.88,17.00,16.62,16.75,25100,3.11
1992-09-08,16.88,16.88,16.62,16.62,12300,3.09
1992-09-04,16.75,16.75,16.75,16.75,11500,3.11
1992-09-03,16.62,16.75,16.50,16.75,16600,3.11
1992-09-02,16.38,16.75,16.38,16.75,56300,3.11
1992-09-01,16.50,16.50,16.25,16.38,32400,3.04
1992-08-31,16.50,16.50,16.25,16.50,28900,3.06
1992-08-28,16.50,16.50,16.50,16.50,7000,3.06
1992-08-27,16.25,16.50,16.25,16.50,8900,3.06
1992-08-26,16.50,16.50,16.25,16.38,13800,3.04
1992-08-25,16.12,16.50,16.12,16.50,14100,3.06
1992-08-24,16.38,16.50,16.12,16.12,6200,3.00
1992-08-21,16.62,16.75,16.25,16.50,30700,3.06
1992-08-20,16.62,16.75,16.12,16.38,34600,3.04
1992-08-19,16.75,16.88,16.62,16.75,16400,3.11
1992-08-18,16.62,16.88,16.62,16.88,37500,3.13
1992-08-17,16.75,17.00,16.75,16.88,7100,3.13
1992-08-14,17.00,17.00,16.75,16.75,19000,3.11
1992-08-13,17.00,17.00,16.88,16.88,15100,3.13
1992-08-12,17.12,17.12,17.00,17.12,16900,3.18
1992-08-11,17.25,17.25,17.00,17.12,3300,3.18
1992-08-10,17.25,17.25,17.12,17.25,7500,3.20
1992-08-07,17.25,17.25,17.25,17.25,3900,3.20
1992-08-06,17.50,17.50,17.12,17.25,28500,3.20
1992-08-05,17.38,17.50,17.38,17.50,10500,3.25
1992-08-04,17.50,17.50,17.50,17.50,33100,3.25
1992-08-03,17.50,17.50,17.38,17.50,10600,3.25
1992-07-31,17.50,17.50,17.38,17.50,7300,3.25
1992-07-30,17.50,17.50,17.38,17.38,14900,3.23
1992-07-29,17.38,17.50,17.38,17.38,25700,3.23
1992-07-28,17.25,17.38,17.25,17.38,17500,3.23
1992-07-27,17.25,17.38,17.25,17.25,17900,3.20
1992-07-24,17.00,17.25,17.00,17.12,47800,3.18
1992-07-23,16.88,17.00,16.75,17.00,19500,3.16
1992-07-22,17.12,17.12,16.62,16.88,19800,3.13
1992-07-21,17.38,17.38,17.25,17.25,4900,3.20
1992-07-20,17.00,17.25,16.88,17.25,5000,3.20
1992-07-17,17.25,17.38,17.25,17.25,34400,3.20
1992-07-16,17.00,17.25,17.00,17.12,39700,3.18
1992-07-15,17.38,17.38,17.25,17.25,13300,3.20
1992-07-14,17.38,17.50,17.25,17.38,18500,3.23
1992-07-13,17.00,17.38,17.00,17.25,13500,3.20
1992-07-10,17.00,17.12,16.88,17.12,41100,3.18
1992-07-09,17.12,17.12,17.00,17.00,7600,3.16
1992-07-08,17.25,17.25,17.00,17.00,22300,3.16
1992-07-07,17.38,17.38,17.12,17.25,38900,3.20
1992-07-06,17.00,17.25,17.00,17.25,21300,3.20
1992-07-02,17.38,17.38,17.25,17.25,29600,3.20
1992-07-01,17.00,17.38,17.00,17.38,17200,3.23
1992-06-30,16.62,16.88,16.50,16.88,15900,3.13
1992-06-29,16.25,16.75,16.25,16.62,28000,3.09
1992-06-26,16.12,16.38,16.12,16.38,28100,3.04
1992-06-25,16.75,16.75,16.25,16.25,48200,3.02
1992-06-24,16.50,16.50,16.25,16.25,41700,3.02
1992-06-23,16.62,16.62,16.38,16.50,23300,3.06
1992-06-22,16.88,16.88,16.50,16.50,78700,3.06
1992-06-19,16.62,17.00,16.50,16.88,62500,3.13
1992-06-18,16.88,16.88,15.88,16.50,96100,3.06
1992-06-17,17.88,17.88,16.50,16.62,114600,3.09
1992-06-16,18.00,18.00,17.88,18.00,42000,3.34
1992-06-15,18.00,18.00,17.88,17.88,58400,3.32
1992-06-12,18.00,18.00,17.88,17.88,39700,3.32
1992-06-11,17.88,18.00,17.88,18.00,37200,3.34
1992-06-10,18.00,18.12,17.88,17.88,99700,3.32
1992-06-09,18.12,18.12,17.88,18.00,42400,3.34
1992-06-08,18.00,18.25,18.00,18.12,81200,3.37
1992-06-05,18.00,18.00,17.88,17.88,51200,3.32
1992-06-04,18.25,18.25,18.00,18.12,49300,3.37
1992-06-03,18.50,18.62,18.25,18.38,40400,3.41
1992-06-02,18.62,18.62,18.38,18.38,19500,3.41
1992-06-01,18.62,18.75,18.50,18.62,19800,3.46
1992-05-29,18.88,18.88,18.62,18.75,9400,3.48
1992-05-28,18.88,18.88,18.75,18.88,12700,3.51
1992-05-27,18.75,19.00,18.75,18.88,30700,3.51
1992-05-26,18.75,18.75,18.62,18.62,32600,3.46
1992-05-22,18.88,18.88,18.62,18.75,43500,3.48
1992-05-21,18.88,18.88,18.75,18.75,10700,3.48
1992-05-20,19.00,19.00,18.75,18.75,12900,3.48
1992-05-19,18.88,19.00,18.88,19.00,18100,3.53
1992-05-18,18.38,18.88,18.38,18.75,12700,3.48
1992-05-15,18.38,18.50,18.25,18.38,20300,3.41
1992-05-14,18.38,18.50,18.25,18.50,37600,3.44
1992-05-13,18.25,18.50,18.12,18.50,20900,3.44
1992-05-12,18.50,18.50,18.25,18.38,40200,3.41
1992-05-11,18.38,18.50,18.25,18.50,17200,3.44
1992-05-08,18.50,18.50,18.25,18.38,14100,3.41
1992-05-07,18.25,18.50,18.12,18.50,15000,3.44
1992-05-06,18.25,18.50,18.25,18.50,46100,3.44
1992-05-05,18.25,18.25,18.12,18.25,17900,3.39
1992-05-04,18.12,18.25,18.00,18.25,32900,3.39
1992-05-01,18.12,18.25,18.00,18.00,5600,3.34
1992-04-30,18.00,18.00,17.75,18.00,13700,3.34
1992-04-29,18.12,18.12,17.88,17.88,20800,3.32
1992-04-28,18.25,18.38,18.00,18.00,11600,3.34
1992-04-27,18.38,18.50,18.25,18.38,33100,3.41
1992-04-24,18.00,18.50,18.00,18.38,29300,3.41
1992-04-23,17.75,18.00,17.75,18.00,8000,3.34
1992-04-22,17.88,18.00,17.62,17.75,22400,3.30
1992-04-21,18.00,18.25,17.62,17.62,13300,3.27
1992-04-20,18.25,18.50,18.00,18.00,22800,3.34
1992-04-16,18.00,18.50,17.88,18.38,16500,3.41
1992-04-15,18.00,18.12,17.88,18.00,10700,3.34
1992-04-14,18.25,18.50,17.88,17.88,32900,3.32
1992-04-13,18.12,18.25,18.00,18.00,10800,3.34
1992-04-10,17.62,18.12,17.62,18.12,28300,3.37
1992-04-09,17.38,17.50,17.25,17.38,22000,3.23
1992-04-08,17.88,17.88,17.12,17.38,36800,3.23
1992-04-07,18.75,18.88,17.88,18.00,57800,3.34
1992-04-06,18.00,18.88,17.88,18.88,55800,3.51
1992-04-03,17.88,18.00,17.88,18.00,36900,3.34
1992-04-02,18.00,18.12,18.00,18.00,11200,3.34
1992-04-01,17.88,18.12,17.88,18.00,35700,3.34
1992-03-31,18.00,18.00,17.88,17.88,46800,3.32
1992-03-30,17.75,18.00,17.62,18.00,23500,3.34
1992-03-27,18.12,18.12,17.88,18.00,40700,3.34
1992-03-26,17.88,18.12,17.88,18.12,38300,3.37
1992-03-25,17.62,18.00,17.62,17.88,32800,3.32
1992-03-24,17.88,17.88,17.88,17.88,41900,3.32
1992-03-23,18.00,18.00,17.75,17.88,6000,3.32
1992-03-20,18.00,18.12,17.88,17.88,66400,3.32
1992-03-19,17.75,18.12,17.75,18.00,47600,3.34
1992-03-18,17.00,17.62,17.00,17.62,41300,3.27
1992-03-17,16.50,17.12,16.50,17.12,65600,3.18
1992-03-16,16.50,16.62,16.38,16.38,70500,3.04
1992-03-13,16.88,16.88,16.75,16.88,18400,3.13
1992-03-12,16.38,16.88,16.38,16.88,31600,3.13
1992-03-11,17.12,17.25,16.25,16.38,56500,3.04
1992-03-10,17.12,17.25,17.00,17.12,34900,3.18
1992-03-09,17.50,17.50,17.25,17.25,31400,3.20
1992-03-06,17.50,17.75,17.25,17.38,27800,3.23
1992-03-05,18.00,18.38,17.50,17.50,53700,3.25
1992-03-04,18.25,18.50,17.88,18.00,56300,3.34
1992-03-03,18.00,18.12,17.75,18.00,70100,3.34
1992-03-02,17.50,18.62,17.38,17.88,70600,3.32
1992-02-28,17.25,17.50,17.00,17.50,20300,3.25
1992-02-27,16.25,17.50,16.12,17.38,35100,3.23
1992-02-26,15.75,16.00,15.75,16.00,37900,2.97
1992-02-25,15.88,15.88,15.75,15.75,30700,2.93
1992-02-24,15.88,15.88,15.75,15.88,20100,2.95
1992-02-21,15.88,15.88,15.75,15.88,15300,2.95
1992-02-20,15.88,15.88,15.88,15.88,14200,2.95
1992-02-19,15.75,16.00,15.62,15.88,44100,2.95
1992-02-18,15.62,15.75,15.50,15.62,89600,2.90
1992-02-14,15.75,15.75,15.50,15.62,19300,2.90
1992-02-13,15.75,15.88,15.62,15.62,14800,2.90
1992-02-12,15.75,15.75,15.62,15.75,33700,2.93
1992-02-11,15.75,15.75,15.75,15.75,14200,2.93
1992-02-10,15.75,15.75,15.50,15.75,37100,2.93
1992-02-07,15.88,15.88,15.62,15.62,10600,2.90
1992-02-06,15.88,15.88,15.75,15.75,36500,2.93
1992-02-05,15.88,15.88,15.75,15.75,53300,2.93
1992-02-04,15.75,15.88,15.75,15.75,40800,2.93
1992-02-03,15.88,15.88,15.62,15.62,17700,2.90
1992-01-31,15.88,15.88,15.62,15.88,39700,2.95
1992-01-30,15.88,15.88,15.75,15.88,22600,2.95
1992-01-29,15.75,15.88,15.75,15.88,63600,2.95
1992-01-28,15.75,16.00,15.62,16.00,91200,2.97
1992-01-27,15.50,15.88,15.50,15.75,99600,2.93
1992-01-24,15.38,15.38,15.38,15.38,12600,2.86
1992-01-23,15.38,15.38,15.25,15.38,25000,2.86
1992-01-22,15.25,15.25,15.00,15.12,38700,2.81
1992-01-21,15.25,15.38,15.25,15.38,31500,2.86
1992-01-20,15.50,15.50,15.25,15.38,34200,2.86
1992-01-17,15.38,15.50,15.38,15.50,31700,2.88
1992-01-16,15.50,15.50,15.25,15.38,13400,2.86
1992-01-15,15.50,15.50,15.38,15.50,22600,2.88
1992-01-14,15.50,15.62,15.38,15.50,30900,2.88
1992-01-13,15.38,15.50,15.25,15.50,13400,2.88
1992-01-10,15.25,15.38,15.12,15.25,19000,2.83
1992-01-09,15.62,15.62,15.38,15.38,75700,2.86
1992-01-08,15.62,15.88,15.50,15.50,75200,2.88
1992-01-07,15.00,15.62,14.88,15.38,55800,2.86
1992-01-06,15.00,15.12,14.75,15.00,41800,2.79
1992-01-03,14.50,14.88,14.38,14.88,34300,2.76
1992-01-02,14.38,14.50,14.38,14.50,41100,2.69
1991-12-31,14.62,14.62,14.12,14.50,26700,2.69
1991-12-30,14.38,14.62,14.38,14.50,24000,2.69
1991-12-27,14.38,14.50,14.38,14.50,18800,2.69
1991-12-26,14.50,14.50,14.50,14.50,24400,2.69
1991-12-24,14.38,14.50,14.38,14.50,1200,2.69
1991-12-23,14.00,14.38,13.88,14.38,42600,2.66
1991-12-20,13.50,14.25,13.50,14.12,54900,2.62
1991-12-19,14.00,14.00,13.38,13.38,26200,2.48
1991-12-18,14.38,14.38,14.00,14.00,14900,2.59
1991-12-17,14.25,14.38,14.25,14.25,25000,2.64
1991-12-16,14.50,14.50,14.38,14.38,8700,2.66
1991-12-13,14.38,14.50,14.38,14.38,15600,2.66
1991-12-12,14.25,14.38,14.12,14.38,15000,2.66
1991-12-11,14.38,14.38,14.12,14.25,25600,2.64
1991-12-10,14.38,14.50,14.38,14.50,18900,2.69
1991-12-09,14.50,14.50,14.38,14.50,17300,2.69
1991-12-06,14.38,14.50,14.25,14.50,24700,2.69
1991-12-05,14.50,14.50,14.25,14.25,14700,2.64
1991-12-04,14.38,14.38,14.25,14.38,26400,2.66
1991-12-03,14.38,14.38,14.25,14.38,10900,2.66
1991-12-02,14.25,14.25,14.00,14.25,79700,2.64
1991-11-29,14.38,14.38,14.25,14.38,14900,2.66
1991-11-27,14.38,14.50,14.25,14.25,26200,2.64
1991-11-26,14.62,14.62,14.38,14.50,32000,2.69
1991-11-25,14.62,14.62,14.38,14.50,21300,2.69
1991-11-22,14.38,14.50,14.38,14.50,19000,2.69
1991-11-21,14.62,14.75,14.38,14.50,27500,2.69
1991-11-20,14.00,14.50,14.00,14.50,42600,2.69
1991-11-19,14.50,14.50,14.00,14.00,34400,2.59
1991-11-18,14.62,14.62,14.38,14.50,48100,2.69
1991-11-15,15.00,15.00,14.75,14.75,13600,2.73
1991-11-14,15.12,15.12,15.00,15.12,46700,2.80
1991-11-13,15.12,15.12,15.00,15.00,34700,2.78
1991-11-12,14.75,15.12,14.75,15.12,27200,2.80
1991-11-11,15.25,15.25,14.50,14.75,102500,2.73
1991-11-08,15.38,15.50,15.12,15.12,41600,2.80
1991-11-07,15.50,15.50,15.25,15.38,39200,2.85
1991-11-06,15.62,15.62,15.38,15.38,97600,2.85
1991-11-05,15.88,15.88,15.75,15.75,32800,2.92
1991-11-04,16.00,16.00,15.88,16.00,260000,2.96
1991-11-01,16.12,16.12,16.00,16.12,41400,2.99
1991-10-31,16.00,16.12,15.88,16.00,39400,2.96
1991-10-30,16.25,16.62,16.00,16.00,202500,2.96
1991-10-29,15.38,16.25,15.38,16.25,170300,3.01
1991-10-28,15.00,15.38,15.00,15.25,186900,2.82
1991-10-25,15.12,15.12,15.00,15.00,373900,2.78
