Date,Open,High,Low,Close,Volume,Adj Close
2014-06-13,13.77,13.77,13.70,13.77,133700,13.77
2014-06-12,13.76,13.80,13.74,13.76,117000,13.76
2014-06-11,13.77,13.79,13.72,13.76,92700,13.76
2014-06-10,13.85,13.85,13.79,13.83,114000,13.76
2014-06-09,13.78,13.85,13.74,13.83,110000,13.76
2014-06-06,13.74,13.77,13.72,13.75,120000,13.68
2014-06-05,13.64,13.72,13.63,13.69,108700,13.62
2014-06-04,13.76,13.80,13.67,13.67,287900,13.60
2014-06-03,13.84,13.85,13.78,13.78,202100,13.71
2014-06-02,13.97,13.97,13.86,13.88,182600,13.81
2014-05-30,14.02,14.02,13.93,13.96,178100,13.89
2014-05-29,13.94,14.00,13.94,14.00,172200,13.93
2014-05-28,13.92,13.95,13.90,13.94,133300,13.87
2014-05-27,13.93,13.93,13.84,13.91,137700,13.84
2014-05-23,13.85,13.90,13.83,13.90,124000,13.83
2014-05-22,13.84,13.85,13.81,13.85,178800,13.78
2014-05-21,13.83,13.85,13.80,13.85,90800,13.78
2014-05-20,13.85,13.88,13.82,13.86,116400,13.79
2014-05-19,13.89,13.90,13.82,13.84,138600,13.77
2014-05-16,13.86,13.86,13.82,13.84,157100,13.77
2014-05-15,13.82,13.83,13.76,13.81,229800,13.74
2014-05-14,13.71,13.78,13.71,13.75,99300,13.68
2014-05-13,13.75,13.75,13.70,13.73,193700,13.66
2014-05-12,13.77,13.80,13.76,13.80,91800,13.66
2014-05-09,13.82,13.82,13.72,13.76,251500,13.62
2014-05-08,13.83,13.83,13.74,13.81,164300,13.67
2014-05-07,13.77,13.83,13.76,13.83,106900,13.69
2014-05-06,13.77,13.81,13.75,13.77,121800,13.63
2014-05-05,13.76,13.82,13.76,13.79,118100,13.65
2014-05-02,13.82,13.82,13.73,13.79,154800,13.65
2014-05-01,13.79,13.88,13.74,13.84,149300,13.70
2014-04-30,13.69,13.75,13.68,13.75,151600,13.61
2014-04-29,13.72,13.72,13.65,13.71,135800,13.57
2014-04-28,13.69,13.73,13.69,13.72,157000,13.58
2014-04-25,13.64,13.69,13.64,13.69,77800,13.55
2014-04-24,13.59,13.65,13.54,13.64,147400,13.50
2014-04-23,13.49,13.59,13.49,13.58,198400,13.44
2014-04-22,13.44,13.48,13.43,13.48,85900,13.34
2014-04-21,13.39,13.45,13.39,13.45,73200,13.31
2014-04-17,13.45,13.46,13.34,13.35,129100,13.21
2014-04-16,13.44,13.45,13.41,13.43,137000,13.29
2014-04-15,13.39,13.44,13.37,13.44,129300,13.30
2014-04-14,13.42,13.42,13.36,13.39,160900,13.25
2014-04-11,13.40,13.44,13.37,13.40,102700,13.26
2014-04-10,13.45,13.47,13.43,13.44,106000,13.23
2014-04-09,13.42,13.44,13.39,13.43,124900,13.22
2014-04-08,13.41,13.41,13.36,13.41,93200,13.20
2014-04-07,13.38,13.42,13.37,13.41,75200,13.20
2014-04-04,13.39,13.39,13.32,13.38,110000,13.17
2014-04-03,13.33,13.33,13.27,13.32,98300,13.11
2014-04-02,13.31,13.31,13.22,13.30,194500,13.09
2014-04-01,13.38,13.38,13.32,13.35,155000,13.14
2014-03-31,13.37,13.39,13.35,13.39,215500,13.18
2014-03-28,13.39,13.39,13.32,13.37,182000,13.16
2014-03-27,13.30,13.37,13.27,13.36,192800,13.15
2014-03-26,13.26,13.31,13.26,13.28,130000,13.07
2014-03-25,13.33,13.33,13.24,13.27,171800,13.06
2014-03-24,13.25,13.32,13.22,13.32,184200,13.11
2014-03-21,13.17,13.23,13.17,13.23,132800,13.02
2014-03-20,13.19,13.21,13.13,13.19,166200,12.98
2014-03-19,13.39,13.39,13.22,13.24,108700,13.03
2014-03-18,13.40,13.40,13.34,13.37,101500,13.16
2014-03-17,13.35,13.40,13.35,13.39,101300,13.18
2014-03-14,13.37,13.37,13.31,13.33,114500,13.12
2014-03-13,13.28,13.35,13.28,13.35,118900,13.14
2014-03-12,13.22,13.30,13.18,13.28,141000,13.07
2014-03-11,13.26,13.27,13.20,13.23,228200,12.95
2014-03-10,13.17,13.29,13.17,13.22,225700,12.94
2014-03-07,13.34,13.34,13.17,13.20,472400,12.92
2014-03-06,13.56,13.56,13.35,13.38,240900,13.10
2014-03-05,13.58,13.58,13.50,13.53,181700,13.25
2014-03-04,13.63,13.63,13.56,13.60,212300,13.31
2014-03-03,13.55,13.63,13.55,13.63,130500,13.34
2014-02-28,13.55,13.57,13.54,13.57,82400,13.28
2014-02-27,13.56,13.57,13.50,13.57,74500,13.28
2014-02-26,13.56,13.56,13.48,13.51,94400,13.23
2014-02-25,13.50,13.52,13.45,13.52,90400,13.24
2014-02-24,13.55,13.55,13.46,13.50,109700,13.22
2014-02-21,13.54,13.60,13.51,13.54,112300,13.25
2014-02-20,13.56,13.57,13.47,13.52,207800,13.24
2014-02-19,13.49,13.57,13.46,13.55,228200,13.26
2014-02-18,13.47,13.48,13.45,13.48,106900,13.20
2014-02-14,13.43,13.45,13.36,13.44,137400,13.16
2014-02-13,13.37,13.45,13.36,13.42,106700,13.14
2014-02-12,13.42,13.42,13.36,13.41,136400,13.13
2014-02-11,13.46,13.49,13.44,13.49,143800,13.14
2014-02-10,13.42,13.47,13.39,13.47,180300,13.12
2014-02-07,13.26,13.41,13.24,13.41,128100,13.06
2014-02-06,13.30,13.35,13.23,13.28,183300,12.93
2014-02-05,13.21,13.31,13.20,13.27,206000,12.92
2014-02-04,13.39,13.39,13.20,13.25,219500,12.90
2014-02-03,13.39,13.42,13.37,13.37,163600,13.02
2014-01-31,13.28,13.36,13.28,13.36,100200,13.01
2014-01-30,13.24,13.32,13.24,13.28,115300,12.93
2014-01-29,13.35,13.38,13.24,13.28,198600,12.93
2014-01-28,13.25,13.35,13.20,13.35,291300,13.00
2014-01-27,13.39,13.43,13.18,13.25,346600,12.90
2014-01-24,13.34,13.40,13.30,13.36,227100,13.01
2014-01-23,13.22,13.36,13.22,13.32,263400,12.97
2014-01-22,13.19,13.21,13.13,13.20,234800,12.85
2014-01-21,13.10,13.19,13.08,13.17,271500,12.82
2014-01-17,12.98,13.13,12.98,13.08,265200,12.74
2014-01-16,12.93,12.98,12.90,12.97,169000,12.63
2014-01-15,12.90,12.96,12.89,12.94,219800,12.60
2014-01-14,12.92,12.97,12.91,12.95,86800,12.61
2014-01-13,12.95,13.05,12.94,12.96,389200,12.62
2014-01-10,12.90,12.99,12.89,12.96,289500,12.55
2014-01-09,12.86,12.92,12.84,12.84,165700,12.43
2014-01-08,12.89,12.89,12.83,12.88,129000,12.47
2014-01-07,12.87,12.92,12.85,12.88,224500,12.47
2014-01-06,12.69,12.84,12.69,12.79,149700,12.38
2014-01-03,12.65,12.69,12.59,12.68,161000,12.28
2014-01-02,12.53,12.61,12.50,12.61,167300,12.21
2013-12-31,12.65,12.65,12.55,12.55,332600,12.15
2013-12-30,12.61,12.63,12.55,12.60,397900,12.20
2013-12-27,12.71,12.71,12.60,12.62,429200,12.22
2013-12-26,12.78,12.83,12.72,12.74,255500,12.34
2013-12-24,12.89,12.93,12.80,12.84,138300,12.43
2013-12-23,12.78,12.93,12.78,12.93,364200,12.52
2013-12-20,12.67,12.79,12.67,12.74,380800,12.34
2013-12-19,12.60,12.70,12.51,12.68,465500,12.28
2013-12-18,12.51,12.57,12.48,12.57,532100,12.17
2013-12-17,12.29,12.47,12.25,12.46,514600,12.07
2013-12-16,12.24,12.26,12.20,12.25,416200,11.86
2013-12-13,12.20,12.21,12.16,12.18,226200,11.79
2013-12-12,12.12,12.19,12.12,12.18,333600,11.79
2013-12-11,12.23,12.23,12.13,12.17,537200,11.78
2013-12-10,12.25,12.27,12.20,12.24,437900,11.78
2013-12-09,12.18,12.23,12.16,12.22,346000,11.76
2013-12-06,12.25,12.25,12.11,12.21,443900,11.75
2013-12-05,12.27,12.27,12.11,12.15,414400,11.69
2013-12-04,12.31,12.34,12.23,12.26,232000,11.80
2013-12-03,12.28,12.38,12.24,12.35,237100,11.89
2013-12-02,12.33,12.36,12.30,12.32,262300,11.86
2013-11-29,12.37,12.38,12.32,12.38,80100,11.92
2013-11-27,12.30,12.38,12.29,12.36,196800,11.90
2013-11-26,12.27,12.36,12.24,12.32,307500,11.86
2013-11-25,12.31,12.36,12.25,12.26,280300,11.80
2013-11-22,12.37,12.37,12.28,12.35,235200,11.89
2013-11-21,12.38,12.41,12.33,12.35,181200,11.89
2013-11-20,12.42,12.42,12.34,12.39,234200,11.93
2013-11-19,12.39,12.46,12.38,12.42,213200,11.95
2013-11-18,12.41,12.45,12.37,12.44,194900,11.97
2013-11-15,12.46,12.46,12.36,12.39,178100,11.93
2013-11-14,12.40,12.50,12.37,12.44,171000,11.97
2013-11-13,12.36,12.42,12.33,12.40,220700,11.94
2013-11-12,12.46,12.52,12.45,12.51,247800,11.97
2013-11-11,12.52,12.58,12.51,12.54,153400,12.00
2013-11-08,12.64,12.64,12.53,12.60,169400,12.06
2013-11-07,12.73,12.75,12.68,12.71,225000,12.16
2013-11-06,12.75,12.78,12.72,12.78,162000,12.23
2013-11-05,12.73,12.78,12.73,12.75,186600,12.20
2013-11-04,12.78,12.83,12.74,12.81,138200,12.26
2013-11-01,12.84,12.89,12.75,12.77,204800,12.22
2013-10-31,12.87,12.88,12.81,12.88,102500,12.33
2013-10-30,12.88,12.90,12.78,12.90,279300,12.35
2013-10-29,12.82,12.87,12.80,12.86,256800,12.31
2013-10-28,12.82,12.86,12.78,12.82,200800,12.27
2013-10-25,12.76,12.84,12.74,12.82,121800,12.27
2013-10-24,12.80,12.81,12.70,12.78,255200,12.23
2013-10-23,12.73,12.76,12.68,12.76,171900,12.21
2013-10-22,12.75,12.75,12.68,12.68,268000,12.13
2013-10-21,12.77,12.78,12.65,12.68,185800,12.13
2013-10-18,12.73,12.84,12.73,12.74,221700,12.19
2013-10-17,12.51,12.67,12.47,12.67,247700,12.13
2013-10-16,12.48,12.49,12.40,12.49,225900,11.95
2013-10-15,12.43,12.49,12.43,12.48,197200,11.94
2013-10-14,12.51,12.59,12.47,12.49,225500,11.95
2013-10-11,12.63,12.66,12.57,12.58,140600,12.04
2013-10-10,12.72,12.75,12.59,12.64,232600,12.10
2013-10-09,12.80,12.85,12.74,12.81,166700,12.19
2013-10-08,12.79,12.83,12.73,12.83,132700,12.21
2013-10-07,12.89,12.89,12.79,12.80,113600,12.18
2013-10-04,12.87,12.94,12.85,12.89,136800,12.27
2013-10-03,12.98,12.98,12.83,12.87,170800,12.25
2013-10-02,12.98,13.05,12.91,12.98,293800,12.35
2013-10-01,13.00,13.04,12.98,13.04,105400,12.41
2013-09-30,13.08,13.08,12.99,13.05,130000,12.42
2013-09-27,13.11,13.11,12.98,13.09,292500,12.46
2013-09-26,13.06,13.17,13.06,13.17,263900,12.53
2013-09-25,13.10,13.10,13.03,13.07,246000,12.44
2013-09-24,12.90,13.05,12.83,13.04,237400,12.41
2013-09-23,12.79,12.95,12.79,12.89,202700,12.27
2013-09-20,12.74,12.84,12.69,12.83,218700,12.21
2013-09-19,12.78,12.88,12.77,12.78,261200,12.16
2013-09-18,12.56,12.80,12.50,12.80,383000,12.18
2013-09-17,12.38,12.57,12.37,12.55,200300,11.94
2013-09-16,12.32,12.43,12.32,12.35,262800,11.75
2013-09-13,12.10,12.31,12.10,12.31,313700,11.71
2013-09-12,12.08,12.17,12.06,12.07,270400,11.49
2013-09-11,12.17,12.21,12.07,12.10,358100,11.51
2013-09-10,12.37,12.37,12.29,12.29,219000,11.63
2013-09-09,12.31,12.45,12.31,12.36,178500,11.69
2013-09-06,12.26,12.35,12.22,12.34,262500,11.67
2013-09-05,12.36,12.36,12.23,12.26,255200,11.60
2013-09-04,12.37,12.43,12.27,12.43,251300,11.76
2013-09-03,12.45,12.47,12.29,12.36,202900,11.69
2013-08-30,12.42,12.45,12.34,12.45,142200,11.78
2013-08-29,12.35,12.49,12.32,12.48,133000,11.81
2013-08-28,12.38,12.49,12.38,12.39,117000,11.72
2013-08-27,12.40,12.48,12.37,12.45,305700,11.78
2013-08-26,12.51,12.57,12.45,12.45,152900,11.78
2013-08-23,12.53,12.58,12.46,12.58,187500,11.90
2013-08-22,12.42,12.60,12.40,12.58,125800,11.90
2013-08-21,12.41,12.50,12.41,12.43,151500,11.76
2013-08-20,12.17,12.44,12.15,12.44,326900,11.77
2013-08-19,12.04,12.18,12.01,12.17,509200,11.51
2013-08-16,12.07,12.14,12.01,12.10,253200,11.45
2013-08-15,12.17,12.19,12.05,12.19,376300,11.53
2013-08-14,12.24,12.28,12.19,12.22,352000,11.56
2013-08-13,12.34,12.34,12.20,12.30,267800,11.64
2013-08-12,12.32,12.43,12.31,12.43,296900,11.69
2013-08-09,12.30,12.34,12.24,12.33,179300,11.60
2013-08-08,12.36,12.39,12.31,12.33,190500,11.60
2013-08-07,12.39,12.40,12.28,12.36,220700,11.63
2013-08-06,12.37,12.42,12.28,12.42,273100,11.68
2013-08-05,12.46,12.52,12.40,12.42,156800,11.68
2013-08-02,12.51,12.56,12.46,12.49,399400,11.75
2013-08-01,12.63,12.65,12.48,12.48,193400,11.74
2013-07-31,12.64,12.66,12.54,12.59,229100,11.84
2013-07-30,12.70,12.72,12.60,12.70,160200,11.95
2013-07-29,12.66,12.77,12.65,12.72,186400,11.96
2013-07-26,12.60,12.72,12.53,12.69,302600,11.94
2013-07-25,12.71,12.72,12.57,12.58,426900,11.83
2013-07-24,12.85,12.85,12.74,12.75,239900,11.99
2013-07-23,12.66,12.86,12.65,12.84,225900,12.08
2013-07-22,12.88,12.92,12.71,12.71,353400,11.95
2013-07-19,13.09,13.13,12.95,12.96,279400,12.19
2013-07-18,13.12,13.19,13.10,13.14,121600,12.36
2013-07-17,13.11,13.17,13.04,13.13,207200,12.35
2013-07-16,12.97,13.09,12.92,13.07,278100,12.29
2013-07-15,13.10,13.10,12.97,12.99,206600,12.22
2013-07-12,13.19,13.28,13.10,13.15,157500,12.37
2013-07-11,13.16,13.32,13.12,13.21,282600,12.42
2013-07-10,13.06,13.13,13.00,13.10,162000,12.25
2013-07-09,13.20,13.22,13.10,13.12,239000,12.27
2013-07-08,13.15,13.34,13.09,13.20,260400,12.35
2013-07-05,13.29,13.29,13.07,13.17,196600,12.32
2013-07-03,13.37,13.52,13.32,13.42,360400,12.55
2013-07-02,13.69,13.74,13.62,13.67,250700,12.79
2013-07-01,13.57,13.77,13.57,13.75,284800,12.86
2013-06-28,13.46,13.64,13.32,13.54,368700,12.67
2013-06-27,13.50,13.57,13.43,13.49,363000,12.62
2013-06-26,13.09,13.47,13.09,13.41,256400,12.54
2013-06-25,12.93,13.05,12.60,13.04,499400,12.20
2013-06-24,13.02,13.07,12.78,12.98,402100,12.14
2013-06-21,13.41,13.48,13.17,13.23,346000,12.38
2013-06-20,13.55,13.55,13.31,13.42,481700,12.55
2013-06-19,13.71,13.77,13.62,13.65,301900,12.77
2013-06-18,13.88,13.91,13.69,13.78,250100,12.89
2013-06-17,14.07,14.08,13.91,13.95,184000,13.05
2013-06-14,13.86,14.08,13.85,14.07,288500,13.16
2013-06-13,13.59,13.85,13.50,13.85,552900,12.96
2013-06-12,13.79,13.79,13.58,13.66,488500,12.78
2013-06-11,13.97,13.98,13.78,13.91,320300,12.94
2013-06-10,14.25,14.25,14.05,14.12,374800,13.14
2013-06-07,14.17,14.21,14.10,14.20,164200,13.21
2013-06-06,14.13,14.24,14.13,14.21,137700,13.22
2013-06-05,13.99,14.18,13.99,14.16,233300,13.18
2013-06-04,13.77,14.08,13.66,14.04,577500,13.06
2013-06-03,13.86,13.86,13.62,13.82,627900,12.86
2013-05-31,13.97,14.00,13.72,13.87,495400,12.91
2013-05-30,14.00,14.17,13.94,13.98,354300,13.01
2013-05-29,14.25,14.26,13.99,14.07,456000,13.09
2013-05-28,14.45,14.47,14.26,14.30,230400,13.31
2013-05-24,14.47,14.50,14.44,14.49,115400,13.48
2013-05-23,14.52,14.55,14.47,14.49,97400,13.48
2013-05-22,14.60,14.60,14.51,14.51,106400,13.50
2013-05-21,14.57,14.60,14.51,14.55,176100,13.54
2013-05-20,14.51,14.70,14.51,14.65,152900,13.63
2013-05-17,14.62,14.62,14.51,14.53,108400,13.52
2013-05-16,14.57,14.69,14.54,14.60,205300,13.59
2013-05-15,14.70,14.70,14.54,14.62,187700,13.60
2013-05-14,14.66,14.76,14.62,14.70,201800,13.68
2013-05-13,14.83,14.84,14.63,14.71,192200,13.69
2013-05-10,14.89,14.93,14.83,14.88,137300,13.78
2013-05-09,14.98,14.98,14.86,14.86,140300,13.76
2013-05-08,14.92,14.96,14.90,14.95,128500,13.84
2013-05-07,14.91,14.98,14.88,14.98,124500,13.87
2013-05-06,14.88,14.94,14.88,14.90,106600,13.80
2013-05-03,14.95,14.97,14.89,14.94,101300,13.84
2013-05-02,14.94,14.99,14.93,14.99,141000,13.88
2013-05-01,14.89,14.97,14.86,14.95,132500,13.84
2013-04-30,14.93,14.97,14.87,14.88,149400,13.78
2013-04-29,14.90,15.00,14.86,14.91,160800,13.81
2013-04-26,14.85,14.96,14.83,14.96,86000,13.85
2013-04-25,14.88,14.96,14.87,14.88,93400,13.78
2013-04-24,14.99,14.99,14.87,14.90,90600,13.80
2013-04-23,14.96,15.00,14.95,14.98,133700,13.87
2013-04-22,14.95,14.97,14.92,14.96,46400,13.85
2013-04-19,14.93,14.98,14.92,14.95,119600,13.84
2013-04-18,14.95,14.95,14.88,14.94,128800,13.84
2013-04-17,14.90,14.95,14.88,14.93,65600,13.83
2013-04-16,14.94,14.95,14.84,14.88,106400,13.78
2013-04-15,14.91,14.97,14.84,14.96,228200,13.85
2013-04-12,14.86,14.95,14.82,14.95,93800,13.84
2013-04-11,14.92,14.94,14.81,14.83,110800,13.73
2013-04-10,14.92,15.01,14.85,15.01,150000,13.83
2013-04-09,14.95,14.95,14.88,14.92,86700,13.75
2013-04-08,14.92,14.95,14.86,14.93,98300,13.76
2013-04-05,14.76,14.94,14.76,14.91,87800,13.74
2013-04-04,14.71,14.80,14.71,14.74,147200,13.58
2013-04-03,14.72,14.77,14.67,14.73,239000,13.58
2013-04-02,14.94,14.95,14.80,14.82,114500,13.66
2013-04-01,15.02,15.04,14.91,14.95,92000,13.78
2013-03-28,15.02,15.02,14.94,14.98,185900,13.81
2013-03-27,14.77,14.97,14.73,14.97,100200,13.80
2013-03-26,14.78,14.85,14.65,14.82,188800,13.66
2013-03-25,14.87,14.91,14.67,14.75,164700,13.59
2013-03-22,14.88,14.89,14.77,14.83,148900,13.67
2013-03-21,14.88,14.97,14.78,14.87,215500,13.70
2013-03-20,14.83,14.93,14.76,14.93,161200,13.76
2013-03-19,14.74,14.84,14.67,14.77,209800,13.61
2013-03-18,14.41,14.76,14.35,14.76,318700,13.60
2013-03-15,14.48,14.58,14.35,14.41,521900,13.28
2013-03-14,14.70,14.70,14.47,14.52,544900,13.38
2013-03-13,14.86,14.88,14.70,14.80,308500,13.64
2013-03-12,14.90,14.95,14.79,14.95,217300,13.71
2013-03-11,15.08,15.08,14.88,14.94,290400,13.70
2013-03-08,15.11,15.17,14.99,15.05,293500,13.80
2013-03-07,15.25,15.27,15.14,15.20,153800,13.94
2013-03-06,15.29,15.30,15.20,15.30,104300,14.03
2013-03-05,15.32,15.32,15.19,15.26,233200,14.00
2013-03-04,15.32,15.35,15.25,15.35,122200,14.08
2013-03-01,15.35,15.39,15.30,15.35,113400,14.08
2013-02-28,15.34,15.38,15.30,15.34,91900,14.07
2013-02-27,15.33,15.36,15.28,15.36,188100,14.09
2013-02-26,15.32,15.35,15.27,15.29,77300,14.02
2013-02-25,15.48,15.49,15.30,15.32,118200,14.05
2013-02-22,15.51,15.52,15.42,15.43,143500,14.15
2013-02-21,15.44,15.54,15.41,15.52,91700,14.23
2013-02-20,15.45,15.46,15.38,15.42,114800,14.14
2013-02-19,15.45,15.45,15.36,15.45,118700,14.17
2013-02-15,15.36,15.45,15.35,15.41,138000,14.13
2013-02-14,15.49,15.52,15.37,15.40,160300,14.12
2013-02-13,15.66,15.67,15.52,15.57,208000,14.28
2013-02-12,15.68,15.70,15.61,15.70,111600,14.33
2013-02-11,15.69,15.71,15.56,15.64,140700,14.28
2013-02-08,15.61,15.70,15.61,15.67,104500,14.31
2013-02-07,15.70,15.70,15.56,15.62,137500,14.26
2013-02-06,15.70,15.74,15.61,15.69,115500,14.32
2013-02-05,15.69,15.71,15.60,15.66,108400,14.30
2013-02-04,15.73,15.73,15.58,15.67,114100,14.31
2013-02-01,15.75,15.77,15.67,15.73,144900,14.36
2013-01-31,15.66,15.68,15.55,15.68,95900,14.32
2013-01-30,15.60,15.67,15.56,15.64,93900,14.28
2013-01-29,15.58,15.74,15.53,15.55,183700,14.20
2013-01-28,15.87,15.90,15.61,15.66,312100,14.30
2013-01-25,15.91,15.93,15.85,15.89,98400,14.51
2013-01-24,15.95,15.95,15.89,15.94,91000,14.55
2013-01-23,15.86,15.93,15.86,15.91,173800,14.53
2013-01-22,15.84,15.89,15.82,15.87,182900,14.49
2013-01-18,15.79,15.84,15.76,15.82,114100,14.44
2013-01-17,15.81,15.83,15.68,15.74,136700,14.37
2013-01-16,15.69,15.78,15.54,15.77,205100,14.40
2013-01-15,15.81,15.85,15.61,15.72,215800,14.35
2013-01-14,15.83,15.83,15.72,15.80,230800,14.42
2013-01-11,15.79,15.80,15.71,15.79,127600,14.42
2013-01-10,15.82,15.85,15.75,15.81,161500,14.37
2013-01-09,15.85,15.85,15.74,15.82,105500,14.38
2013-01-08,15.77,15.80,15.66,15.80,148600,14.36
2013-01-07,15.74,15.79,15.65,15.72,124200,14.29
2013-01-04,15.67,15.75,15.66,15.72,244900,14.29
2013-01-03,15.59,15.70,15.57,15.63,188700,14.20
2013-01-02,15.25,15.53,15.25,15.53,196600,14.11
2012-12-31,15.22,15.25,15.12,15.20,165900,13.81
2012-12-28,15.10,15.21,15.06,15.21,182400,13.82
2012-12-27,15.26,15.26,15.05,15.13,197200,13.75
2012-12-26,15.33,15.41,15.25,15.27,165800,13.88
2012-12-24,15.36,15.44,15.35,15.37,125700,13.97
2012-12-21,15.20,15.44,15.20,15.42,190900,14.01
2012-12-20,15.28,15.37,15.25,15.34,254100,13.94
2012-12-19,15.07,15.29,15.06,15.24,301200,13.85
2012-12-18,15.00,15.13,14.89,15.03,538700,13.66
2012-12-17,15.24,15.26,15.06,15.09,446800,13.71
2012-12-14,15.45,15.47,15.25,15.33,197700,13.93
2012-12-13,15.62,15.65,15.44,15.45,211700,14.04
2012-12-12,15.75,15.80,15.62,15.64,296200,14.21
2012-12-11,15.80,15.89,15.77,15.86,300100,14.35
2012-12-10,15.82,15.87,15.76,15.80,195600,14.29
2012-12-07,15.88,15.88,15.76,15.85,258300,14.34
2012-12-06,15.78,15.87,15.77,15.87,180400,14.36
2012-12-05,15.82,15.83,15.71,15.83,330800,14.32
2012-12-04,15.89,15.91,15.77,15.79,156300,14.28
2012-12-03,15.99,16.02,15.90,15.94,177800,14.42
2012-11-30,15.91,15.99,15.91,15.99,169800,14.46
2012-11-29,15.91,15.98,15.85,15.91,116300,14.39
2012-11-28,15.87,15.95,15.86,15.91,190200,14.39
2012-11-27,15.79,15.91,15.79,15.86,140900,14.35
2012-11-26,15.90,15.94,15.78,15.82,209400,14.31
2012-11-23,15.89,15.96,15.87,15.96,111900,14.44
2012-11-21,15.83,15.89,15.79,15.89,203500,14.37
2012-11-20,15.74,15.80,15.62,15.80,155000,14.29
2012-11-19,15.60,15.77,15.60,15.74,168800,14.24
2012-11-16,15.25,15.56,15.25,15.55,184300,14.07
2012-11-15,15.41,15.49,15.15,15.26,540800,13.80
2012-11-14,15.65,15.69,15.45,15.45,275100,13.98
2012-11-13,15.75,15.80,15.67,15.72,212200,14.22
2012-11-12,15.81,15.88,15.81,15.86,115500,14.28
2012-11-09,15.79,15.87,15.77,15.82,156500,14.24
2012-11-08,15.67,15.84,15.65,15.84,204700,14.26
2012-11-07,15.55,15.69,15.53,15.69,261700,14.13
2012-11-06,15.45,15.56,15.45,15.54,101900,13.99
2012-11-05,15.52,15.56,15.45,15.49,204500,13.95
2012-11-02,15.58,15.61,15.53,15.57,195100,14.02
2012-11-01,15.60,15.68,15.59,15.63,200500,14.07
2012-10-31,15.50,15.61,15.50,15.56,178800,14.01
2012-10-26,15.48,15.58,15.48,15.54,161900,13.99
2012-10-25,15.49,15.57,15.47,15.52,197800,13.97
2012-10-24,15.53,15.61,15.51,15.53,227600,13.98
2012-10-23,15.48,15.56,15.48,15.56,116300,14.01
2012-10-22,15.55,15.58,15.48,15.48,168400,13.94
2012-10-19,15.52,15.55,15.49,15.55,107300,14.00
2012-10-18,15.52,15.58,15.50,15.56,177800,14.01
2012-10-17,15.52,15.52,15.46,15.52,90500,13.97
2012-10-16,15.50,15.56,15.46,15.51,136000,13.96
2012-10-15,15.47,15.56,15.47,15.52,118500,13.97
2012-10-12,15.51,15.51,15.45,15.48,107400,13.94
2012-10-11,15.42,15.53,15.42,15.46,169800,13.92
2012-10-10,15.52,15.60,15.51,15.56,229800,13.94
2012-10-09,15.56,15.58,15.52,15.57,178100,13.95
2012-10-08,15.54,15.61,15.53,15.60,163500,13.98
2012-10-05,15.55,15.60,15.45,15.50,185900,13.89
2012-10-04,15.55,15.58,15.48,15.50,174800,13.89
2012-10-03,15.60,15.65,15.57,15.62,163600,14.00
2012-10-02,15.64,15.67,15.56,15.60,184500,13.98
2012-10-01,15.60,15.66,15.60,15.64,181800,14.01
2012-09-28,15.57,15.65,15.57,15.64,99600,14.01
2012-09-27,15.65,15.66,15.53,15.60,195200,13.98
2012-09-26,15.53,15.64,15.53,15.62,153800,14.00
2012-09-25,15.47,15.58,15.46,15.56,147700,13.94
2012-09-24,15.47,15.56,15.44,15.48,192600,13.87
2012-09-21,15.48,15.53,15.44,15.48,180900,13.87
2012-09-20,15.35,15.46,15.35,15.45,125900,13.84
2012-09-19,15.32,15.40,15.32,15.36,131400,13.76
2012-09-18,15.20,15.34,15.20,15.33,154000,13.74
2012-09-17,15.16,15.21,15.11,15.21,149000,13.63
2012-09-14,15.23,15.27,15.15,15.16,154800,13.58
2012-09-13,15.22,15.26,15.19,15.25,179400,13.66
2012-09-12,15.22,15.28,15.19,15.26,160800,13.67
2012-09-11,15.29,15.34,15.21,15.30,283400,13.64
2012-09-10,15.36,15.38,15.25,15.25,175700,13.60
2012-09-07,15.32,15.35,15.28,15.34,122200,13.68
2012-09-06,15.29,15.35,15.27,15.34,134900,13.68
2012-09-05,15.37,15.37,15.25,15.32,362900,13.66
2012-09-04,15.41,15.45,15.38,15.43,210800,13.76
2012-08-31,15.35,15.40,15.30,15.38,190300,13.71
2012-08-30,15.29,15.35,15.25,15.35,237300,13.69
2012-08-29,15.18,15.29,15.17,15.29,256100,13.63
2012-08-28,15.09,15.17,15.08,15.17,234500,13.53
2012-08-27,15.13,15.17,15.06,15.09,315900,13.45
2012-08-24,15.09,15.19,15.07,15.13,280600,13.49
2012-08-23,15.08,15.25,15.06,15.14,375700,13.50
2012-08-22,15.07,15.12,14.91,15.11,601500,13.47
2012-08-21,15.22,15.25,15.08,15.11,418300,13.47
2012-08-20,15.18,15.27,15.15,15.22,323500,13.57
2012-08-17,15.20,15.23,15.16,15.23,223300,13.58
2012-08-16,15.15,15.26,15.10,15.18,435600,13.53
2012-08-15,15.21,15.26,15.10,15.13,529700,13.49
2012-08-14,15.33,15.44,15.15,15.24,745200,13.59
2012-08-13,15.52,15.52,15.27,15.35,297200,13.69
2012-08-10,15.63,15.69,15.50,15.55,226800,13.79
2012-08-09,15.63,15.69,15.57,15.62,181200,13.86
2012-08-08,15.68,15.71,15.61,15.68,188300,13.91
2012-08-07,15.71,15.75,15.65,15.66,210100,13.89
2012-08-06,15.64,15.78,15.64,15.71,144300,13.94
2012-08-03,15.63,15.68,15.62,15.65,153100,13.88
2012-08-02,15.69,15.74,15.60,15.63,231700,13.86
2012-08-01,15.79,15.83,15.65,15.68,216800,13.91
2012-07-31,15.72,15.76,15.61,15.76,293500,13.98
2012-07-30,15.76,15.84,15.72,15.72,240200,13.94
2012-07-27,16.07,16.08,15.72,15.83,405600,14.04
2012-07-26,16.12,16.12,16.01,16.01,162000,14.20
2012-07-25,15.95,16.08,15.90,16.08,189100,14.26
2012-07-24,15.91,15.96,15.84,15.91,227000,14.11
2012-07-23,15.83,15.85,15.75,15.85,129400,14.06
2012-07-20,15.78,15.83,15.73,15.82,131500,14.03
2012-07-19,15.83,15.83,15.68,15.74,102900,13.96
2012-07-18,15.60,15.83,15.60,15.75,205800,13.97
2012-07-17,15.51,15.65,15.51,15.59,169800,13.83
2012-07-16,15.59,15.60,15.51,15.51,124800,13.76
2012-07-13,15.47,15.64,15.47,15.54,112100,13.78
2012-07-12,15.56,15.62,15.44,15.48,282800,13.73
2012-07-11,15.66,15.70,15.61,15.70,147700,13.93
2012-07-10,15.65,15.73,15.64,15.70,116600,13.86
2012-07-09,15.66,15.69,15.61,15.66,178300,13.82
2012-07-06,15.63,15.72,15.59,15.72,73800,13.87
2012-07-05,15.60,15.63,15.57,15.63,120100,13.79
2012-07-03,15.56,15.61,15.56,15.60,92300,13.77
2012-07-02,15.46,15.58,15.45,15.56,121000,13.73
2012-06-29,15.45,15.47,15.42,15.44,108300,13.63
2012-06-28,15.45,15.45,15.39,15.41,106100,13.60
2012-06-27,15.40,15.49,15.38,15.42,131900,13.61
2012-06-26,15.39,15.41,15.29,15.39,155200,13.58
2012-06-25,15.27,15.38,15.27,15.38,122400,13.57
2012-06-22,15.33,15.33,15.19,15.30,119200,13.50
2012-06-21,15.25,15.36,15.25,15.29,84200,13.49
2012-06-20,15.33,15.39,15.23,15.24,116300,13.45
2012-06-19,15.33,15.35,15.17,15.31,147600,13.51
2012-06-18,15.24,15.30,15.20,15.29,97900,13.49
2012-06-15,15.24,15.30,15.14,15.23,132400,13.44
2012-06-14,15.31,15.32,15.20,15.21,122500,13.42
2012-06-13,15.34,15.36,15.22,15.27,139000,13.48
2012-06-12,15.44,15.45,15.27,15.36,157500,13.48
2012-06-11,15.48,15.48,15.37,15.40,109400,13.52
2012-06-08,15.36,15.45,15.35,15.43,98900,13.55
2012-06-07,15.47,15.47,15.25,15.40,129000,13.52
2012-06-06,15.50,15.53,15.32,15.37,151400,13.49
2012-06-05,15.44,15.50,15.41,15.50,142200,13.61
2012-06-04,15.35,15.47,15.30,15.45,134600,13.56
2012-06-01,15.35,15.37,15.29,15.35,153500,13.48
2012-05-31,15.22,15.34,15.22,15.34,84400,13.47
2012-05-30,15.24,15.25,15.18,15.24,87400,13.38
2012-05-29,15.25,15.28,15.20,15.21,102800,13.35
2012-05-25,15.22,15.24,15.16,15.24,103500,13.38
2012-05-24,15.20,15.21,15.08,15.21,113500,13.35
2012-05-23,15.16,15.20,15.16,15.19,115000,13.34
2012-05-22,15.12,15.18,15.09,15.16,103000,13.31
2012-05-21,15.10,15.17,15.09,15.17,109600,13.32
2012-05-18,15.19,15.19,15.02,15.07,150400,13.23
2012-05-17,15.21,15.22,15.11,15.16,103300,13.31
2012-05-16,15.19,15.20,15.14,15.18,126400,13.33
2012-05-15,15.17,15.20,15.13,15.18,99000,13.33
2012-05-14,15.23,15.23,15.11,15.16,62800,13.31
2012-05-11,15.20,15.21,15.13,15.20,114600,13.34
2012-05-10,15.26,15.27,15.15,15.18,115100,13.26
2012-05-09,15.25,15.29,15.23,15.26,140000,13.33
2012-05-08,15.19,15.22,15.16,15.21,105900,13.28
2012-05-07,15.19,15.20,15.16,15.19,101000,13.27
2012-05-04,15.05,15.17,15.05,15.17,140600,13.25
2012-05-03,15.11,15.17,15.07,15.08,119600,13.17
2012-05-02,15.12,15.15,15.08,15.11,106000,13.20
2012-05-01,15.10,15.14,15.05,15.09,139900,13.18
2012-04-30,15.06,15.10,15.03,15.07,114000,13.16
2012-04-27,15.04,15.06,15.00,15.06,95200,13.15
2012-04-26,15.00,15.04,14.96,15.04,119400,13.13
2012-04-25,15.02,15.02,14.95,14.97,112700,13.07
2012-04-24,14.99,15.02,14.96,15.00,128800,13.10
2012-04-23,15.03,15.03,14.95,14.96,114300,13.06
2012-04-20,14.99,15.02,14.88,15.02,101600,13.12
2012-04-19,14.97,15.01,14.91,14.95,125300,13.06
2012-04-18,14.95,15.01,14.92,14.92,119300,13.03
2012-04-17,14.99,14.99,14.90,14.93,106700,13.04
2012-04-16,15.04,15.04,14.90,14.92,138300,13.03
2012-04-13,14.94,15.01,14.89,15.01,148900,13.11
2012-04-12,14.87,14.92,14.83,14.90,98000,13.01
2012-04-11,15.00,15.00,14.87,14.93,104000,13.04
2012-04-10,14.95,15.05,14.86,14.97,238500,13.00
2012-04-09,14.95,15.01,14.87,14.98,129500,13.01
2012-04-05,14.99,14.99,14.89,14.95,75900,12.99
2012-04-04,15.04,15.04,14.82,14.93,149500,12.97
2012-04-03,15.11,15.11,14.87,15.00,130300,13.03
2012-04-02,15.05,15.09,14.97,15.07,147000,13.09
2012-03-30,14.93,15.01,14.92,15.00,107100,13.03
2012-03-29,14.95,14.99,14.91,14.98,94000,13.01
2012-03-28,14.79,14.95,14.73,14.95,124700,12.99
2012-03-27,14.68,14.75,14.53,14.74,206800,12.80
2012-03-26,14.80,14.80,14.60,14.68,158700,12.75
2012-03-23,14.83,14.83,14.72,14.75,155000,12.81
2012-03-22,14.79,14.88,14.77,14.78,203800,12.84
2012-03-21,14.63,14.77,14.61,14.76,177000,12.82
2012-03-20,14.47,14.63,14.46,14.54,200600,12.63
2012-03-19,14.41,14.49,14.16,14.46,296700,12.56
2012-03-16,14.46,14.48,14.07,14.33,637300,12.45
2012-03-15,15.10,15.10,14.46,14.60,666100,12.68
2012-03-14,15.31,15.31,14.93,14.95,300500,12.99
2012-03-13,15.35,15.35,15.23,15.28,107600,13.27
2012-03-12,15.37,15.40,15.34,15.40,84200,13.31
2012-03-09,15.38,15.38,15.30,15.36,84600,13.27
2012-03-08,15.31,15.36,15.26,15.32,103200,13.24
2012-03-07,15.23,15.35,15.23,15.27,104300,13.19
2012-03-06,15.41,15.41,15.23,15.23,79600,13.16
2012-03-05,15.38,15.38,15.24,15.31,103400,13.23
2012-03-02,15.37,15.38,15.26,15.33,93100,13.25
2012-03-01,15.38,15.39,15.30,15.33,169000,13.25
2012-02-29,15.27,15.33,15.27,15.33,98400,13.25
2012-02-28,15.30,15.30,15.21,15.29,124100,13.21
2012-02-27,15.15,15.25,15.14,15.25,145200,13.18
2012-02-24,15.00,15.17,15.00,15.11,182500,13.06
2012-02-23,15.13,15.22,14.97,15.05,263000,13.00
2012-02-22,15.29,15.29,15.11,15.15,174300,13.09
2012-02-21,15.12,15.25,15.01,15.24,186300,13.17
2012-02-17,14.90,15.04,14.86,15.04,163400,13.00
2012-02-16,15.16,15.16,14.92,14.92,214900,12.89
2012-02-15,15.14,15.17,15.04,15.11,215300,13.06
2012-02-14,15.23,15.28,15.12,15.13,202800,13.07
2012-02-13,15.31,15.32,15.22,15.27,167400,13.19
2012-02-10,15.37,15.37,15.27,15.34,135600,13.19
2012-02-09,15.40,15.43,15.32,15.35,162600,13.19
2012-02-08,15.31,15.38,15.25,15.35,141000,13.19
2012-02-07,15.28,15.29,15.21,15.27,162600,13.13
2012-02-06,15.20,15.25,15.11,15.25,190600,13.11
2012-02-03,15.29,15.30,15.15,15.20,240400,13.07
2012-02-02,15.28,15.32,15.19,15.25,206600,13.11
2012-02-01,15.43,15.45,15.25,15.28,207200,13.13
2012-01-31,15.28,15.40,15.27,15.32,148800,13.17
2012-01-30,15.24,15.30,15.23,15.29,252600,13.14
2012-01-27,15.24,15.24,15.14,15.24,190200,13.10
2012-01-26,15.11,15.22,15.10,15.19,185900,13.06
2012-01-25,15.01,15.06,14.97,15.03,189400,12.92
2012-01-24,14.96,15.04,14.96,15.03,103600,12.92
2012-01-23,14.91,15.01,14.90,14.99,261600,12.89
2012-01-20,14.89,14.89,14.81,14.86,123500,12.77
2012-01-19,14.81,14.90,14.75,14.86,173300,12.77
2012-01-18,14.75,14.83,14.75,14.75,140900,12.68
2012-01-17,14.80,14.85,14.72,14.81,234300,12.73
2012-01-13,14.86,14.89,14.81,14.89,163900,12.80
2012-01-12,14.78,14.86,14.77,14.79,130600,12.71
2012-01-11,14.70,14.75,14.64,14.75,200200,12.68
2012-01-10,14.87,14.89,14.77,14.80,189600,12.65
2012-01-09,14.79,14.91,14.79,14.90,170500,12.74
2012-01-06,14.74,14.80,14.73,14.78,175300,12.64
2012-01-05,14.85,14.85,14.70,14.72,193100,12.58
2012-01-04,14.91,14.91,14.78,14.84,180900,12.69
2012-01-03,14.91,14.92,14.81,14.92,191000,12.76
2011-12-30,14.90,14.96,14.84,14.92,69800,12.76
2011-12-29,14.82,14.85,14.78,14.85,120200,12.70
2011-12-28,14.80,14.84,14.78,14.80,129800,12.65
2011-12-27,14.80,14.85,14.79,14.85,147200,12.70
2011-12-23,14.79,14.82,14.71,14.78,71900,12.64
2011-12-22,14.83,14.86,14.77,14.80,69600,12.65
2011-12-21,14.75,14.79,14.71,14.77,90300,12.63
2011-12-20,14.63,14.75,14.63,14.75,140700,12.61
2011-12-19,14.67,14.67,14.58,14.67,98400,12.54
2011-12-16,14.60,14.65,14.55,14.62,170500,12.50
2011-12-15,14.73,14.75,14.60,14.60,108600,12.48
2011-12-14,14.63,14.74,14.63,14.74,162400,12.60
2011-12-13,14.67,14.73,14.62,14.68,92800,12.55
2011-12-12,14.72,14.75,14.69,14.75,137500,12.54
2011-12-09,14.68,14.71,14.62,14.71,74100,12.51
2011-12-08,14.73,14.74,14.61,14.64,84800,12.45
2011-12-07,14.71,14.73,14.65,14.68,106500,12.48
2011-12-06,14.63,14.68,14.63,14.67,96600,12.47
2011-12-05,14.63,14.68,14.62,14.66,115200,12.47
2011-12-02,14.65,14.65,14.56,14.62,95800,12.43
2011-12-01,14.54,14.67,14.53,14.63,166300,12.44
2011-11-30,14.46,14.54,14.46,14.52,91300,12.35
2011-11-29,14.44,14.49,14.44,14.49,108100,12.32
2011-11-28,14.50,14.50,14.44,14.45,101500,12.29
2011-11-25,14.44,14.49,14.42,14.47,48900,12.30
2011-11-23,14.38,14.43,14.37,14.42,101100,12.26
2011-11-22,14.38,14.40,14.35,14.38,56400,12.23
2011-11-21,14.28,14.38,14.27,14.38,106400,12.23
2011-11-18,14.25,14.32,14.24,14.30,78700,12.16
2011-11-17,14.33,14.33,14.20,14.26,95500,12.13
2011-11-16,14.23,14.33,14.23,14.33,55000,12.18
2011-11-15,14.26,14.29,14.20,14.28,106500,12.14
2011-11-14,14.25,14.33,14.24,14.29,88500,12.15
2011-11-11,14.25,14.26,14.18,14.25,66200,12.12
2011-11-10,14.18,14.21,14.17,14.20,108400,12.07
2011-11-09,14.25,14.30,14.15,14.30,142500,12.09
2011-11-08,14.23,14.30,14.23,14.30,130200,12.09
2011-11-07,14.25,14.25,14.20,14.22,104900,12.02
2011-11-04,14.19,14.24,14.15,14.19,96700,12.00
2011-11-03,14.23,14.28,14.20,14.22,92800,12.02
2011-11-02,14.30,14.34,14.21,14.21,138000,12.02
2011-11-01,14.36,14.42,14.27,14.30,125000,12.09
2011-10-31,14.24,14.36,14.24,14.27,69200,12.07
2011-10-28,14.24,14.32,14.19,14.31,74600,12.10
2011-10-27,14.30,14.30,14.17,14.21,66100,12.02
2011-10-26,14.21,14.22,14.13,14.20,84000,12.01
2011-10-25,14.16,14.19,14.08,14.18,70500,11.99
2011-10-24,14.21,14.25,14.20,14.23,65300,12.03
2011-10-21,14.14,14.23,14.14,14.23,91600,12.03
2011-10-20,14.12,14.17,14.11,14.12,97600,11.94
2011-10-19,14.06,14.23,14.06,14.11,127600,11.93
2011-10-18,14.16,14.16,14.08,14.13,73700,11.95
2011-10-17,14.14,14.14,14.07,14.14,65200,11.96
2011-10-14,13.97,14.10,13.97,14.08,66500,11.91
2011-10-13,13.81,13.97,13.76,13.96,69300,11.80
2011-10-12,14.07,14.07,13.85,13.88,170100,11.74
2011-10-11,14.15,14.17,14.03,14.07,137200,11.83
2011-10-10,14.09,14.19,14.06,14.10,102300,11.85
2011-10-07,14.19,14.24,14.03,14.13,140700,11.88
2011-10-06,14.43,14.43,14.26,14.28,132000,12.01
2011-10-05,14.36,14.45,14.30,14.45,222500,12.15
2011-10-04,14.37,14.45,14.12,14.42,277200,12.12
2011-10-03,14.44,14.49,14.35,14.39,134000,12.10
2011-09-30,14.38,14.44,14.36,14.43,111100,12.13
2011-09-29,14.27,14.39,14.27,14.38,117200,12.09
2011-09-28,14.27,14.33,14.24,14.31,155200,12.03
2011-09-27,14.10,14.24,14.09,14.22,169800,11.96
2011-09-26,14.05,14.14,14.05,14.11,113700,11.86
2011-09-23,14.08,14.08,14.04,14.08,71100,11.84
2011-09-22,14.00,14.11,14.00,14.08,197500,11.84
2011-09-21,14.03,14.06,13.98,14.05,108300,11.81
2011-09-20,13.99,14.06,13.99,14.05,104200,11.81
2011-09-19,13.91,13.98,13.90,13.98,99100,11.75
2011-09-16,13.97,13.98,13.88,13.92,108800,11.70
2011-09-15,14.00,14.03,13.90,13.95,131000,11.73
2011-09-14,14.06,14.07,14.04,14.06,96100,11.82
2011-09-13,14.12,14.12,14.06,14.10,112300,11.85
2011-09-12,14.05,14.14,14.01,14.11,93300,11.80
2011-09-09,13.96,14.07,13.92,14.06,156500,11.75
2011-09-08,14.05,14.13,14.02,14.02,169900,11.72
2011-09-07,14.04,14.14,14.03,14.08,144800,11.77
2011-09-06,13.91,14.04,13.91,14.02,74800,11.72
2011-09-02,13.99,14.10,13.95,14.03,122300,11.73
2011-09-01,14.09,14.10,13.95,13.99,185200,11.70
2011-08-31,14.05,14.08,14.02,14.03,195600,11.73
2011-08-30,14.02,14.06,14.00,14.05,136100,11.75
2011-08-29,14.03,14.04,13.99,14.02,104300,11.72
2011-08-26,14.00,14.02,13.98,14.00,141000,11.70
2011-08-25,14.08,14.08,13.96,14.03,119400,11.73
2011-08-24,14.04,14.05,13.97,14.04,126500,11.74
2011-08-23,14.07,14.07,13.92,14.02,148500,11.72
2011-08-22,14.04,14.04,13.96,14.00,100800,11.70
2011-08-19,13.97,14.03,13.82,14.00,131300,11.70
2011-08-18,14.01,14.06,13.84,13.98,150800,11.69
2011-08-17,13.91,14.07,13.91,14.07,216200,11.76
2011-08-16,13.89,13.93,13.81,13.93,147400,11.65
2011-08-15,13.75,13.92,13.73,13.85,359900,11.58
2011-08-12,13.53,13.63,13.51,13.60,132500,11.37
2011-08-11,13.52,13.57,13.41,13.55,111000,11.33
2011-08-10,13.42,13.72,13.37,13.60,235300,11.30
2011-08-09,13.10,13.43,12.96,13.42,274700,11.15
2011-08-08,13.18,13.19,12.90,13.06,345400,10.86
2011-08-05,13.54,13.65,13.42,13.51,179800,11.23
2011-08-04,13.80,13.84,13.53,13.59,236000,11.30
2011-08-03,13.69,13.78,13.68,13.78,65700,11.45
2011-08-02,13.65,13.71,13.64,13.65,130300,11.35
2011-08-01,13.66,13.72,13.55,13.62,137300,11.32
2011-07-29,13.45,13.48,13.36,13.45,110900,11.18
2011-07-28,13.55,13.62,13.40,13.54,123100,11.25
2011-07-27,13.72,13.75,13.51,13.54,147300,11.25
2011-07-26,13.90,13.90,13.76,13.77,74900,11.45
2011-07-25,13.90,13.95,13.84,13.89,130100,11.55
2011-07-22,13.89,13.95,13.85,13.91,109600,11.56
2011-07-21,13.79,13.90,13.79,13.85,113700,11.51
2011-07-20,13.69,13.76,13.67,13.76,78100,11.44
2011-07-19,13.53,13.71,13.53,13.69,110000,11.38
2011-07-18,13.68,13.68,13.51,13.53,196900,11.25
2011-07-15,13.78,13.78,13.58,13.63,139600,11.33
2011-07-14,13.77,13.78,13.73,13.75,96800,11.43
2011-07-13,13.76,13.87,13.76,13.78,128600,11.45
2011-07-12,13.83,13.88,13.79,13.88,65200,11.47
2011-07-11,13.77,13.84,13.77,13.80,101400,11.41
2011-07-08,13.85,13.91,13.82,13.87,159200,11.46
2011-07-07,13.87,13.94,13.86,13.86,142600,11.46
2011-07-06,13.72,13.86,13.72,13.86,106600,11.46
2011-07-05,13.66,13.75,13.64,13.74,137700,11.36
2011-07-01,13.64,13.67,13.59,13.65,70300,11.28
2011-06-30,13.65,13.65,13.57,13.57,104400,11.22
2011-06-29,13.73,13.73,13.59,13.60,116800,11.24
2011-06-28,13.69,13.75,13.69,13.73,170100,11.35
2011-06-27,13.63,13.73,13.63,13.70,75700,11.32
2011-06-24,13.65,13.69,13.62,13.65,67500,11.28
2011-06-23,13.54,13.63,13.52,13.63,93300,11.27
2011-06-22,13.51,13.53,13.47,13.50,68400,11.16
2011-06-21,13.55,13.57,13.45,13.46,105500,11.12
2011-06-20,13.42,13.51,13.40,13.51,89000,11.17
2011-06-17,13.32,13.48,13.32,13.48,142900,11.14
2011-06-16,13.41,13.43,13.32,13.40,77100,11.08
2011-06-15,13.36,13.44,13.36,13.38,71200,11.06
2011-06-14,13.35,13.44,13.35,13.43,145300,11.10
2011-06-13,13.46,13.46,13.36,13.37,95000,11.05
2011-06-10,13.57,13.58,13.48,13.50,78700,11.09
2011-06-09,13.62,13.62,13.55,13.57,156700,11.15
2011-06-08,13.68,13.73,13.65,13.65,87600,11.22
2011-06-07,13.77,13.77,13.68,13.76,151800,11.31
2011-06-06,13.70,13.74,13.66,13.74,105800,11.29
2011-06-03,13.61,13.71,13.57,13.70,113000,11.26
2011-06-02,13.57,13.65,13.57,13.61,109100,11.18
2011-06-01,13.53,13.59,13.50,13.59,188400,11.17
2011-05-31,13.46,13.50,13.44,13.50,73500,11.09
2011-05-27,13.44,13.46,13.40,13.46,63800,11.06
2011-05-26,13.38,13.45,13.35,13.44,91600,11.04
2011-05-25,13.32,13.38,13.31,13.35,133700,10.97
2011-05-24,13.38,13.39,13.32,13.32,87500,10.95
2011-05-23,13.40,13.43,13.36,13.37,92100,10.99
2011-05-20,13.39,13.41,13.33,13.39,75400,11.00
2011-05-19,13.40,13.40,13.37,13.37,97800,10.99
2011-05-18,13.38,13.42,13.35,13.41,158600,11.02
2011-05-17,13.36,13.39,13.32,13.39,82900,11.00
2011-05-16,13.35,13.37,13.29,13.36,81900,10.98
2011-05-13,13.30,13.34,13.30,13.31,54400,10.94
2011-05-12,13.32,13.35,13.28,13.35,93000,10.97
2011-05-11,13.30,13.33,13.22,13.31,82600,10.94
2011-05-10,13.26,13.34,13.25,13.30,103200,10.87
2011-05-09,13.20,13.32,13.20,13.27,96000,10.84
2011-05-06,13.19,13.25,13.19,13.21,166200,10.79
2011-05-05,13.09,13.18,13.00,13.17,150400,10.76
2011-05-04,13.07,13.13,13.04,13.09,94000,10.70
2011-05-03,13.06,13.10,13.04,13.07,88000,10.68
2011-05-02,13.09,13.13,13.07,13.08,110000,10.69
2011-04-29,12.96,13.10,12.96,13.07,90000,10.68
2011-04-28,12.98,13.00,12.94,13.00,80900,10.62
2011-04-27,12.95,12.98,12.91,12.96,92200,10.59
2011-04-26,12.86,12.95,12.85,12.94,103400,10.57
2011-04-25,12.86,12.91,12.84,12.84,128300,10.49
2011-04-21,12.83,12.93,12.81,12.90,99300,10.54
2011-04-20,12.78,12.84,12.78,12.80,90200,10.46
2011-04-19,12.76,12.80,12.76,12.77,78200,10.44
2011-04-18,12.77,12.80,12.73,12.77,69800,10.44
2011-04-15,12.81,12.82,12.76,12.80,106500,10.46
2011-04-14,12.76,12.83,12.74,12.80,72200,10.46
2011-04-13,12.78,12.83,12.73,12.76,186500,10.43
2011-04-12,12.87,12.93,12.84,12.89,80200,10.47
2011-04-11,12.90,12.90,12.85,12.90,99500,10.48
2011-04-08,12.88,12.89,12.84,12.87,192900,10.46
2011-04-07,12.93,12.94,12.91,12.92,70600,10.50
2011-04-06,12.88,12.98,12.88,12.91,95500,10.49
2011-04-05,12.94,12.98,12.90,12.91,78400,10.49
2011-04-04,12.98,13.01,12.93,12.98,104200,10.55
2011-04-01,13.10,13.10,12.96,13.01,156100,10.57
2011-03-31,13.02,13.05,12.98,13.03,53100,10.59
2011-03-30,13.05,13.09,13.03,13.03,60300,10.59
2011-03-29,13.08,13.09,13.03,13.09,78900,10.64
2011-03-28,13.03,13.08,13.03,13.06,67600,10.61
2011-03-25,13.00,13.07,12.98,13.03,71300,10.59
2011-03-24,13.10,13.13,13.00,13.03,128600,10.59
2011-03-23,13.05,13.12,13.04,13.08,114500,10.63
2011-03-22,13.06,13.06,12.98,13.05,72700,10.60
2011-03-21,12.98,13.09,12.98,13.09,64600,10.64
2011-03-18,12.94,13.00,12.92,13.00,102100,10.56
2011-03-17,12.94,12.97,12.91,12.95,78300,10.52
2011-03-16,12.92,13.02,12.86,12.90,83200,10.48
2011-03-15,12.83,12.95,12.82,12.95,98400,10.52
2011-03-14,12.98,12.98,12.88,12.95,116700,10.52
2011-03-11,12.98,13.00,12.94,12.97,117100,10.54
2011-03-10,13.06,13.07,12.96,13.06,92500,10.55
2011-03-09,13.12,13.16,13.03,13.05,96900,10.54
2011-03-08,13.05,13.15,13.05,13.15,76200,10.62
2011-03-07,13.11,13.11,13.01,13.08,59100,10.57
2011-03-04,13.08,13.10,13.00,13.05,121900,10.54
2011-03-03,13.21,13.22,13.04,13.08,165900,10.57
2011-03-02,13.17,13.21,13.15,13.18,83300,10.65
2011-03-01,13.15,13.24,13.15,13.16,89700,10.63
2011-02-28,13.00,13.15,13.00,13.14,95700,10.62
2011-02-25,13.08,13.08,12.98,13.01,105500,10.51
2011-02-24,13.05,13.07,12.99,13.04,135000,10.53
2011-02-23,12.96,13.16,12.95,12.97,184700,10.48
2011-02-22,13.17,13.19,12.92,12.95,208800,10.46
2011-02-18,13.32,13.36,13.24,13.28,139400,10.73
2011-02-17,13.34,13.39,13.30,13.36,116400,10.79
2011-02-16,13.17,13.39,13.15,13.37,215300,10.80
2011-02-15,13.13,13.18,13.07,13.18,104100,10.65
2011-02-14,13.14,13.16,13.10,13.16,116200,10.63
2011-02-11,13.16,13.24,13.11,13.15,126800,10.62
2011-02-10,13.20,13.29,13.16,13.26,60000,10.65
2011-02-09,13.29,13.31,13.21,13.26,118900,10.65
2011-02-08,13.25,13.32,13.20,13.32,140500,10.70
2011-02-07,13.17,13.32,13.17,13.30,151800,10.68
2011-02-04,13.25,13.27,13.17,13.21,129200,10.61
2011-02-03,13.29,13.43,13.24,13.28,204300,10.67
2011-02-02,13.25,13.38,13.23,13.38,213200,10.75
2011-02-01,13.11,13.27,13.11,13.25,259300,10.64
2011-01-31,13.09,13.20,13.00,13.11,253700,10.53
2011-01-28,12.99,13.09,12.81,13.06,232200,10.49
2011-01-27,12.90,13.05,12.74,13.00,428900,10.44
2011-01-26,12.76,12.87,12.76,12.86,236800,10.33
2011-01-25,12.84,12.87,12.70,12.79,171600,10.28
2011-01-24,12.67,12.84,12.66,12.78,271600,10.27
2011-01-21,12.53,12.76,12.53,12.66,269900,10.17
2011-01-20,12.49,12.65,12.42,12.57,193200,10.10
2011-01-19,12.58,12.62,12.37,12.53,219600,10.07
2011-01-18,12.34,12.55,12.26,12.55,322600,10.08
2011-01-14,12.42,12.48,12.11,12.43,477700,9.99
2011-01-13,12.64,12.67,12.45,12.55,308300,10.08
2011-01-12,12.90,12.90,12.66,12.70,207100,10.20
2011-01-11,12.99,13.00,12.87,12.96,144100,10.35
2011-01-10,13.06,13.07,12.92,12.97,165400,10.36
2011-01-07,13.17,13.18,13.04,13.06,96300,10.43
2011-01-06,13.09,13.25,13.05,13.12,156200,10.48
2011-01-05,13.21,13.21,13.10,13.13,134800,10.49
2011-01-04,13.21,13.29,13.16,13.19,123400,10.54
2011-01-03,13.21,13.27,13.10,13.21,181500,10.55
2010-12-31,13.17,13.24,13.05,13.24,194200,10.58
2010-12-30,12.93,13.05,12.91,13.04,153600,10.42
2010-12-29,12.95,13.00,12.79,12.98,242500,10.37
2010-12-28,12.95,13.08,12.86,12.99,323700,10.38
2010-12-27,13.03,13.06,12.91,12.95,186900,10.34
2010-12-23,12.93,13.14,12.87,12.97,350700,10.36
2010-12-22,12.83,12.97,12.82,12.96,257700,10.35
2010-12-21,13.00,13.00,12.82,12.94,284400,10.34
2010-12-20,13.31,13.35,12.80,13.01,414300,10.39
2010-12-17,13.17,13.39,13.17,13.39,287500,10.70
2010-12-16,12.98,13.18,12.93,13.17,349400,10.52
2010-12-15,12.75,12.93,12.62,12.90,456700,10.30
2010-12-14,12.80,12.82,12.54,12.79,482500,10.22
2010-12-13,12.95,12.95,12.74,12.91,360900,10.31
2010-12-10,13.01,13.07,12.89,13.07,280000,10.38
2010-12-09,13.09,13.09,12.93,13.07,280200,10.38
2010-12-08,13.32,13.32,12.99,13.08,286200,10.38
2010-12-07,13.42,13.44,13.16,13.28,335100,10.54
2010-12-06,13.51,13.57,13.33,13.50,274300,10.72
2010-12-03,13.71,13.73,13.47,13.50,241400,10.72
2010-12-02,13.63,13.72,13.49,13.62,305500,10.81
2010-12-01,13.99,14.03,13.65,13.68,268200,10.86
2010-11-30,13.97,14.02,13.94,14.00,126100,11.12
2010-11-29,13.98,14.00,13.89,13.96,156900,11.08
2010-11-26,13.89,13.99,13.88,13.92,45500,11.05
2010-11-24,13.95,14.01,13.84,13.86,164900,11.00
2010-11-23,14.03,14.03,13.89,13.99,126800,11.11
2010-11-22,13.73,14.01,13.73,13.98,222600,11.10
2010-11-19,13.60,13.88,13.51,13.72,420300,10.89
2010-11-18,13.63,13.63,13.31,13.53,238400,10.74
2010-11-17,13.31,13.67,13.25,13.63,191800,10.82
2010-11-16,13.20,13.48,12.80,13.48,619200,10.70
2010-11-15,13.63,13.71,13.20,13.24,448700,10.51
2010-11-12,13.76,13.82,13.60,13.77,238700,10.93
2010-11-11,13.93,13.95,13.44,13.81,591900,10.96
2010-11-10,14.31,14.32,13.73,13.96,497400,11.08
2010-11-09,14.56,14.56,14.34,14.35,134700,11.33
2010-11-08,14.63,14.63,14.51,14.52,63400,11.47
2010-11-05,14.60,14.65,14.57,14.61,91300,11.54
2010-11-04,14.58,14.62,14.55,14.58,96000,11.52
2010-11-03,14.59,14.62,14.56,14.61,49100,11.54
2010-11-02,14.56,14.62,14.56,14.62,98200,11.55
2010-11-01,14.67,14.67,14.55,14.57,65800,11.51
2010-10-29,14.53,14.56,14.49,14.54,79500,11.48
2010-10-28,14.61,14.61,14.47,14.49,51100,11.44
2010-10-27,14.67,14.67,14.47,14.51,271500,11.46
2010-10-26,14.65,14.67,14.59,14.62,129500,11.55
2010-10-25,14.74,14.75,14.66,14.68,67300,11.60
2010-10-22,14.60,14.71,14.60,14.71,81700,11.62
2010-10-21,14.54,14.68,14.54,14.68,54300,11.60
2010-10-20,14.55,14.61,14.53,14.57,86400,11.51
2010-10-19,14.64,14.64,14.55,14.56,86100,11.50
2010-10-18,14.61,14.64,14.53,14.60,124700,11.53
2010-10-15,14.70,14.72,14.64,14.64,112200,11.56
2010-10-14,14.75,14.81,14.71,14.71,119300,11.62
2010-10-13,14.79,14.89,14.71,14.71,175700,11.62
2010-10-12,14.80,14.85,14.77,14.85,98700,11.67
2010-10-11,14.77,14.82,14.75,14.82,84000,11.65
2010-10-08,14.84,14.84,14.75,14.83,68000,11.66
2010-10-07,14.73,14.83,14.69,14.83,170200,11.66
2010-10-06,14.79,14.86,14.75,14.75,195200,11.59
2010-10-05,14.81,14.91,14.81,14.84,115300,11.66
2010-10-04,14.93,14.93,14.83,14.85,149000,11.67
2010-10-01,15.00,15.01,14.91,14.95,138600,11.75
2010-09-30,14.98,15.00,14.92,14.96,142800,11.76
2010-09-29,14.94,14.98,14.90,14.94,141800,11.74
2010-09-28,14.92,14.95,14.87,14.90,109400,11.71
2010-09-27,14.77,14.91,14.77,14.91,161100,11.72
2010-09-24,14.81,14.87,14.75,14.75,85300,11.59
2010-09-23,14.85,14.87,14.77,14.85,119100,11.67
2010-09-22,14.98,15.00,14.85,14.87,138400,11.69
2010-09-21,14.92,14.98,14.90,14.95,166500,11.75
2010-09-20,14.75,14.95,14.75,14.90,134900,11.71
2010-09-17,14.72,14.83,14.64,14.78,91600,11.62
2010-09-16,14.68,14.80,14.38,14.66,207800,11.52
2010-09-15,14.93,14.94,14.56,14.62,291700,11.49
2010-09-14,14.91,14.97,14.89,14.92,149700,11.73
2010-09-13,15.03,15.06,14.93,14.93,118000,11.73
2010-09-10,15.04,15.12,15.04,15.06,128500,11.78
2010-09-09,15.00,15.08,14.99,15.08,90700,11.79
2010-09-08,15.14,15.14,15.00,15.01,193700,11.74
2010-09-07,15.13,15.14,15.07,15.13,124900,11.83
2010-09-03,15.09,15.18,15.05,15.11,164000,11.82
2010-09-02,15.08,15.19,15.06,15.12,246300,11.82
2010-09-01,15.21,15.21,15.09,15.12,211100,11.82
2010-08-31,14.97,15.09,14.97,15.09,122500,11.80
2010-08-30,14.98,15.03,14.93,15.01,214500,11.74
2010-08-27,14.95,15.05,14.94,14.94,162000,11.68
2010-08-26,14.84,14.99,14.83,14.97,160900,11.71
2010-08-25,14.78,14.85,14.74,14.85,97300,11.61
2010-08-24,14.80,14.82,14.70,14.80,130400,11.57
2010-08-23,14.88,14.88,14.76,14.83,112500,11.60
2010-08-20,14.75,14.85,14.75,14.76,94400,11.54
2010-08-19,14.85,14.85,14.74,14.83,113800,11.60
2010-08-18,14.80,14.82,14.76,14.81,126700,11.58
2010-08-17,14.83,14.85,14.80,14.80,127800,11.57
2010-08-16,14.84,14.88,14.78,14.84,131300,11.61
2010-08-13,14.79,14.85,14.78,14.83,148700,11.60
2010-08-12,14.68,14.80,14.68,14.79,159700,11.57
2010-08-11,14.68,14.76,14.68,14.73,180100,11.52
2010-08-10,14.78,14.83,14.76,14.81,209100,11.52
2010-08-09,14.71,14.77,14.70,14.74,259400,11.47
2010-08-06,14.65,14.75,14.65,14.71,232900,11.45
2010-08-05,14.57,14.71,14.55,14.71,232100,11.45
2010-08-04,14.59,14.59,14.53,14.58,182300,11.35
2010-08-03,14.40,14.58,14.40,14.57,243400,11.34
2010-08-02,14.37,14.46,14.37,14.46,159200,11.25
2010-07-30,14.10,14.38,14.10,14.36,153900,11.17
2010-07-29,14.33,14.33,14.30,14.33,155400,11.15
2010-07-28,14.33,14.35,14.30,14.30,178300,11.13
2010-07-27,14.37,14.37,14.33,14.35,181200,11.17
2010-07-26,14.35,14.36,14.32,14.35,192900,11.17
2010-07-23,14.34,14.37,14.30,14.35,148400,11.17
2010-07-22,14.36,14.37,14.30,14.34,173400,11.16
2010-07-21,14.22,14.31,14.22,14.31,213100,11.14
2010-07-20,14.11,14.24,14.11,14.24,168600,11.08
2010-07-19,14.13,14.22,14.13,14.18,124400,11.03
2010-07-16,14.19,14.19,14.11,14.17,125600,11.03
2010-07-15,14.09,14.18,14.08,14.18,137000,11.03
2010-07-14,14.04,14.09,14.03,14.08,119800,10.96
2010-07-13,14.08,14.08,13.99,14.04,160400,10.93
2010-07-12,14.09,14.10,14.06,14.10,124200,10.91
2010-07-09,14.06,14.09,14.05,14.09,90100,10.91
2010-07-08,14.05,14.09,14.05,14.09,157200,10.91
2010-07-07,14.05,14.08,14.02,14.05,141400,10.88
2010-07-06,14.11,14.11,14.02,14.05,155700,10.88
2010-07-02,14.01,14.08,14.01,14.08,108200,10.90
2010-07-01,13.99,14.02,13.97,14.00,134800,10.84
2010-06-30,13.96,14.01,13.92,14.00,199800,10.84
2010-06-29,13.87,13.93,13.87,13.93,107800,10.78
2010-06-28,13.98,13.98,13.91,13.93,182800,10.78
2010-06-25,13.90,13.95,13.90,13.91,56200,10.77
2010-06-24,13.88,13.95,13.83,13.90,99000,10.76
2010-06-23,13.82,13.88,13.82,13.88,135400,10.74
2010-06-22,13.82,13.89,13.82,13.87,79400,10.74
2010-06-21,13.79,13.86,13.79,13.84,90500,10.71
2010-06-18,13.72,13.83,13.72,13.79,103700,10.67
2010-06-17,13.82,13.87,13.69,13.69,184900,10.60
2010-06-16,13.79,13.86,13.79,13.79,61600,10.67
2010-06-15,13.92,13.92,13.82,13.82,124400,10.70
2010-06-14,13.87,13.93,13.87,13.89,147400,10.75
2010-06-11,13.86,13.91,13.84,13.90,81500,10.76
2010-06-10,13.93,13.96,13.92,13.95,131800,10.74
2010-06-09,13.96,13.97,13.92,13.93,100000,10.73
2010-06-08,13.92,13.96,13.92,13.94,86100,10.73
2010-06-07,13.91,13.98,13.90,13.93,199900,10.73
2010-06-04,13.90,13.94,13.90,13.94,58100,10.73
2010-06-03,13.89,13.94,13.89,13.94,78700,10.73
2010-06-02,13.88,13.93,13.87,13.91,96600,10.71
2010-06-01,13.88,13.94,13.85,13.86,140800,10.67
2010-05-28,13.85,13.89,13.83,13.86,196700,10.67
2010-05-27,13.89,13.89,13.82,13.86,81900,10.67
2010-05-26,13.86,13.90,13.79,13.79,154000,10.62
2010-05-25,13.80,13.84,13.71,13.84,150500,10.66
2010-05-24,13.78,13.91,13.77,13.87,116000,10.68
2010-05-21,13.80,13.84,13.67,13.84,137600,10.66
2010-05-20,13.85,13.90,13.74,13.77,112400,10.60
2010-05-19,13.88,13.93,13.86,13.89,167700,10.69
2010-05-18,13.95,13.96,13.88,13.96,106100,10.75
2010-05-17,13.91,13.95,13.84,13.87,113600,10.68
2010-05-14,13.96,13.97,13.90,13.95,115300,10.74
2010-05-13,13.91,13.99,13.91,13.92,99900,10.72
2010-05-12,13.88,14.00,13.87,13.97,125900,10.76
2010-05-11,13.86,13.95,13.86,13.92,82100,10.66
2010-05-10,13.90,13.93,13.80,13.84,94400,10.60
2010-05-07,13.75,13.87,13.64,13.75,187200,10.53
2010-05-06,14.02,14.02,13.65,13.73,202500,10.52
2010-05-05,13.96,14.06,13.96,14.02,96600,10.74
2010-05-04,13.95,14.01,13.90,14.00,119400,10.72
2010-05-03,13.95,13.96,13.90,13.94,123200,10.68
2010-04-30,13.91,14.22,13.87,13.90,97200,10.65
2010-04-29,13.89,13.94,13.89,13.90,88500,10.65
2010-04-28,13.88,13.91,13.87,13.89,148300,10.64
2010-04-27,13.85,13.87,13.83,13.86,127500,10.62
2010-04-26,13.75,13.84,13.75,13.84,110400,10.60
2010-04-23,13.75,13.79,13.72,13.77,104900,10.55
2010-04-22,13.74,13.75,13.72,13.75,148200,10.53
2010-04-21,13.72,13.75,13.70,13.72,109100,10.51
2010-04-20,13.72,13.74,13.69,13.74,112300,10.52
2010-04-19,13.73,13.73,13.70,13.72,90500,10.51
2010-04-16,13.72,13.72,13.68,13.72,100800,10.51
2010-04-15,13.68,13.71,13.67,13.70,155200,10.49
2010-04-14,13.71,13.72,13.66,13.71,114900,10.50
2010-04-13,13.69,13.73,13.67,13.70,120900,10.49
2010-04-12,13.72,13.76,13.72,13.74,142100,10.47
2010-04-09,13.71,13.73,13.71,13.73,132800,10.46
2010-04-08,13.72,13.74,13.70,13.73,90900,10.46
2010-04-07,13.72,13.73,13.70,13.73,82000,10.46
2010-04-06,13.71,13.73,13.68,13.69,124300,10.43
2010-04-05,13.70,13.75,13.65,13.67,127300,10.41
2010-04-01,13.80,13.80,13.71,13.73,107100,10.46
2010-03-31,13.73,13.75,13.70,13.74,131700,10.47
2010-03-30,13.70,13.74,13.69,13.70,80700,10.44
2010-03-29,13.70,13.72,13.66,13.72,167300,10.45
2010-03-26,13.72,13.72,13.67,13.69,118000,10.43
2010-03-25,13.72,13.74,13.69,13.69,234600,10.43
2010-03-24,13.74,13.75,13.70,13.72,156300,10.45
2010-03-23,13.73,13.75,13.72,13.75,150000,10.48
2010-03-22,13.70,13.74,13.65,13.73,164700,10.46
2010-03-19,13.70,13.72,13.66,13.70,149100,10.44
2010-03-18,13.67,13.71,13.67,13.70,49300,10.44
2010-03-17,13.71,13.71,13.67,13.68,84600,10.42
2010-03-16,13.70,13.72,13.66,13.66,154600,10.41
2010-03-15,13.73,13.73,13.70,13.73,86800,10.46
2010-03-12,13.73,13.74,13.70,13.72,82300,10.45
2010-03-11,13.67,13.74,13.64,13.72,170900,10.45
2010-03-10,13.73,13.77,13.72,13.77,113500,10.44
2010-03-09,13.73,13.74,13.69,13.71,114800,10.39
2010-03-08,13.71,13.73,13.70,13.70,149100,10.38
2010-03-05,13.66,13.68,13.62,13.67,80700,10.36
2010-03-04,13.66,13.66,13.61,13.66,128300,10.35
2010-03-03,13.60,13.67,13.58,13.66,124000,10.35
2010-03-02,13.61,13.66,13.51,13.57,240100,10.28
2010-03-01,13.63,13.63,13.60,13.61,95500,10.31
2010-02-26,13.53,13.60,13.52,13.59,88200,10.30
2010-02-25,13.49,13.62,13.49,13.51,116900,10.24
2010-02-24,13.49,13.55,13.41,13.54,142600,10.26
2010-02-23,13.40,13.45,13.28,13.45,146300,10.19
2010-02-22,13.40,13.42,13.27,13.36,177900,10.12
2010-02-19,13.55,13.55,13.41,13.41,148300,10.16
2010-02-18,13.55,13.57,13.52,13.55,125100,10.27
2010-02-17,13.56,13.58,13.54,13.56,156900,10.28
2010-02-16,13.56,13.57,13.54,13.56,103000,10.28
2010-02-12,13.54,13.56,13.45,13.54,116600,10.26
2010-02-11,13.44,13.56,13.43,13.54,150000,10.26
2010-02-10,13.57,13.57,13.42,13.49,118400,10.22
2010-02-09,13.59,13.60,13.55,13.55,137800,10.21
2010-02-08,13.46,13.55,13.46,13.55,132900,10.21
2010-02-05,13.40,13.56,13.39,13.46,228000,10.15
2010-02-04,13.55,13.55,13.49,13.52,175700,10.19
2010-02-03,13.48,13.56,13.46,13.55,119000,10.21
2010-02-02,13.48,13.53,13.44,13.52,195800,10.19
2010-02-01,13.55,13.55,13.44,13.44,143000,10.13
2010-01-29,13.45,13.49,13.42,13.43,148600,10.12
2010-01-28,13.47,13.47,13.39,13.42,114000,10.12
2010-01-27,13.43,13.49,13.38,13.47,154900,10.15
2010-01-26,13.41,13.43,13.36,13.43,152800,10.12
2010-01-25,13.44,13.45,13.33,13.35,141500,10.06
2010-01-22,13.49,13.49,13.40,13.40,139100,10.10
2010-01-21,13.46,13.50,13.45,13.50,128100,10.18
2010-01-20,13.48,13.50,13.40,13.47,117400,10.15
2010-01-19,13.44,13.49,13.34,13.46,145700,10.15
2010-01-15,13.46,13.46,13.38,13.41,88000,10.11
2010-01-14,13.45,13.47,13.39,13.41,155800,10.11
2010-01-13,13.46,13.47,13.39,13.42,108600,10.12
2010-01-12,13.43,13.50,13.41,13.50,197100,10.12
2010-01-11,13.39,13.45,13.34,13.41,138800,10.05
2010-01-08,13.37,13.40,13.35,13.39,156600,10.04
2010-01-07,13.36,13.37,13.33,13.37,127100,10.02
2010-01-06,13.36,13.37,13.30,13.31,127900,9.98
2010-01-05,13.34,13.34,13.25,13.33,98900,9.99
2010-01-04,13.33,13.35,13.25,13.32,118300,9.99
2009-12-31,13.35,13.35,13.27,13.33,106900,9.99
2009-12-30,13.32,13.33,13.26,13.28,94600,9.96
2009-12-29,13.36,13.40,13.30,13.31,131100,9.98
2009-12-28,13.45,13.46,13.33,13.38,208100,10.03
2009-12-24,13.40,13.43,13.37,13.41,31200,10.05
2009-12-23,13.37,13.44,13.33,13.40,95300,10.05
2009-12-22,13.30,13.37,13.30,13.34,83300,10.00
2009-12-21,13.31,13.36,13.29,13.32,116400,9.99
2009-12-18,13.33,13.35,13.26,13.35,130500,10.01
2009-12-17,13.31,13.33,13.23,13.28,129300,9.96
2009-12-16,13.25,13.30,13.20,13.30,110000,9.97
2009-12-15,13.35,13.39,13.20,13.21,148700,9.90
2009-12-14,13.38,13.45,13.33,13.38,123400,10.03
2009-12-11,13.49,13.49,13.40,13.40,167400,10.05
2009-12-10,13.41,13.50,13.39,13.50,174100,10.07
2009-12-09,13.35,13.42,13.29,13.40,153900,9.99
2009-12-08,13.35,13.41,13.27,13.31,204900,9.92
2009-12-07,13.37,13.39,13.30,13.34,116300,9.95
2009-12-04,13.39,13.39,13.30,13.32,138200,9.93
2009-12-03,13.25,13.33,13.25,13.31,249500,9.92
2009-12-02,13.15,13.28,13.13,13.25,197400,9.88
2009-12-01,13.42,13.42,13.11,13.15,128000,9.80
2009-11-30,13.15,13.19,13.08,13.13,120700,9.79
2009-11-27,13.00,13.15,12.99,13.14,29500,9.80
2009-11-25,13.13,13.16,13.09,13.10,102400,9.77
2009-11-24,13.13,13.14,13.08,13.10,89400,9.77
2009-11-23,13.10,13.13,13.05,13.10,107300,9.77
2009-11-20,13.01,13.08,13.00,13.08,132500,9.75
2009-11-19,12.95,13.03,12.95,13.03,114300,9.72
2009-11-18,12.98,13.00,12.92,13.00,197200,9.69
2009-11-17,12.88,12.95,12.86,12.95,118300,9.66
2009-11-16,12.89,12.94,12.85,12.92,88700,9.63
2009-11-13,12.85,12.89,12.80,12.81,66300,9.55
2009-11-12,12.85,12.91,12.77,12.77,124200,9.52
2009-11-11,12.95,12.96,12.85,12.85,133300,9.58
2009-11-10,12.95,13.00,12.90,12.90,90700,9.62
2009-11-09,13.04,13.04,12.99,13.01,112900,9.65
2009-11-06,12.98,13.03,12.98,13.02,112300,9.65
2009-11-05,13.04,13.04,13.00,13.01,95800,9.65
2009-11-04,13.07,13.07,12.98,12.99,105000,9.63
2009-11-03,13.02,13.02,12.96,13.02,115700,9.65
2009-11-02,13.07,13.09,12.96,12.97,160100,9.62
2009-10-30,13.06,13.06,13.00,13.02,86000,9.65
2009-10-29,13.10,13.10,13.00,13.00,62400,9.64
2009-10-28,13.10,13.11,13.00,13.00,123400,9.64
2009-10-27,13.08,13.15,12.96,13.06,136700,9.68
2009-10-26,13.11,13.15,13.08,13.09,164200,9.71
2009-10-23,13.15,13.18,13.11,13.11,123600,9.72
2009-10-22,13.20,13.20,13.13,13.15,161100,9.75
2009-10-21,13.29,13.30,13.04,13.17,217700,9.77
2009-10-20,13.25,13.35,13.21,13.25,131900,9.82
2009-10-19,13.20,13.25,13.14,13.15,107200,9.75
2009-10-16,12.94,13.26,12.88,13.13,126200,9.74
2009-10-15,12.58,13.08,12.58,12.94,154400,9.59
2009-10-14,13.47,13.50,13.09,13.15,211700,9.75
2009-10-13,13.21,13.49,13.21,13.40,107100,9.94
2009-10-12,13.64,13.70,13.24,13.32,187100,9.82
2009-10-09,14.01,14.07,13.65,13.73,127700,10.13
2009-10-08,14.06,14.09,14.00,14.00,71200,10.32
2009-10-07,14.06,14.07,13.96,14.05,86300,10.36
2009-10-06,14.00,14.04,13.94,14.00,84100,10.32
2009-10-05,13.85,13.99,13.83,13.99,104700,10.32
2009-10-02,13.74,13.82,13.65,13.82,155000,10.19
2009-10-01,13.83,13.83,13.69,13.72,175900,10.12
2009-09-30,13.89,13.89,13.66,13.80,158300,10.18
2009-09-29,13.86,13.95,13.78,13.80,94600,10.18
2009-09-28,14.15,14.15,13.81,13.94,78100,10.28
2009-09-25,13.97,13.98,13.80,13.82,62500,10.19
2009-09-24,13.97,13.99,13.91,13.92,65200,10.27
2009-09-23,13.88,13.97,13.81,13.97,78700,10.30
2009-09-22,13.66,13.87,13.64,13.87,64500,10.23
2009-09-21,13.73,13.75,13.68,13.70,31400,10.10
2009-09-18,13.60,13.74,13.60,13.74,56200,10.13
2009-09-17,13.51,13.63,13.51,13.60,99300,10.03
2009-09-16,13.50,13.64,13.50,13.63,86500,10.05
2009-09-15,13.67,13.68,13.54,13.58,98300,10.01
2009-09-14,13.49,13.67,13.40,13.63,51200,10.05
2009-09-11,13.68,13.68,13.38,13.50,67200,9.96
2009-09-10,13.69,13.76,13.66,13.70,74100,10.05
2009-09-09,13.49,13.69,13.49,13.68,94400,10.04
2009-09-08,13.36,13.54,13.29,13.52,67900,9.92
2009-09-04,13.14,13.36,13.14,13.36,54800,9.80
2009-09-03,13.15,13.23,13.11,13.16,65600,9.65
2009-09-02,13.13,13.16,13.09,13.15,59700,9.65
2009-09-01,13.09,13.13,12.99,13.11,75700,9.62
2009-08-31,13.15,13.15,13.03,13.05,50100,9.57
2009-08-28,13.10,13.14,13.07,13.14,44800,9.64
2009-08-27,12.93,13.10,12.93,13.09,60300,9.60
2009-08-26,12.97,13.05,12.89,12.93,62000,9.49
2009-08-25,12.90,12.95,12.86,12.95,83300,9.50
2009-08-24,12.82,12.92,12.80,12.85,51800,9.43
2009-08-21,12.82,12.84,12.75,12.80,53200,9.39
2009-08-20,12.69,12.81,12.69,12.81,64100,9.40
2009-08-19,12.71,12.79,12.71,12.77,51000,9.37
2009-08-18,12.60,12.80,12.57,12.79,58800,9.38
2009-08-17,12.51,12.60,12.51,12.58,38500,9.23
2009-08-14,12.62,12.64,12.55,12.64,45000,9.27
2009-08-13,12.67,12.71,12.48,12.71,38800,9.32
2009-08-12,12.79,12.80,12.61,12.67,58900,9.29
2009-08-11,12.82,12.86,12.78,12.81,24700,9.35
2009-08-10,12.82,12.89,12.78,12.88,35200,9.40
2009-08-07,12.79,12.79,12.70,12.79,33400,9.33
2009-08-06,12.75,12.81,12.64,12.79,24300,9.33
2009-08-05,12.74,12.95,12.69,12.77,34200,9.32
2009-08-04,12.62,12.84,12.62,12.84,29800,9.37
2009-08-03,12.79,12.91,12.65,12.65,72800,9.23
2009-07-31,12.60,12.69,12.60,12.67,61500,9.24
2009-07-30,12.87,12.96,12.55,12.55,86500,9.16
2009-07-29,13.01,13.02,12.89,12.90,32500,9.41
2009-07-28,12.86,12.95,12.83,12.94,32800,9.44
2009-07-27,12.85,12.93,12.85,12.86,41700,9.38
2009-07-24,12.76,12.85,12.68,12.82,32500,9.35
2009-07-23,12.80,12.81,12.69,12.75,27400,9.30
2009-07-22,12.38,12.77,12.38,12.77,51700,9.32
2009-07-21,12.72,12.74,12.54,12.74,34500,9.30
2009-07-20,12.57,12.68,12.44,12.63,38900,9.22
2009-07-17,12.77,12.77,12.60,12.61,38000,9.20
2009-07-16,12.75,12.85,12.65,12.73,35900,9.29
2009-07-15,12.66,12.84,12.66,12.75,24800,9.30
2009-07-14,12.60,12.67,12.46,12.66,86900,9.24
2009-07-13,12.78,12.81,12.69,12.76,21100,9.31
2009-07-10,12.60,12.77,12.57,12.77,30800,9.27
2009-07-09,12.75,12.75,12.62,12.73,26600,9.24
2009-07-08,12.55,12.74,12.55,12.74,43300,9.25
2009-07-07,12.58,12.60,12.51,12.54,29000,9.10
2009-07-06,12.51,12.63,12.50,12.61,36300,9.15
2009-07-02,12.49,12.60,12.43,12.60,12000,9.14
2009-07-01,12.55,12.55,12.44,12.48,61100,9.06
2009-06-30,12.45,12.48,12.40,12.44,35700,9.03
2009-06-29,12.47,12.51,12.40,12.40,27100,9.00
2009-06-26,12.42,12.49,12.42,12.45,21600,9.03
2009-06-25,12.48,12.51,12.42,12.51,13600,9.08
2009-06-24,12.45,12.51,12.42,12.42,29100,9.01
2009-06-23,12.40,12.51,12.31,12.47,48600,9.05
2009-06-22,12.30,12.30,12.19,12.29,18000,8.92
2009-06-19,12.28,12.31,12.20,12.31,35600,8.93
2009-06-18,12.16,12.36,12.12,12.24,45700,8.88
2009-06-17,12.24,12.24,12.00,12.11,50800,8.79
2009-06-16,11.82,12.20,11.82,12.02,30200,8.72
2009-06-15,12.05,12.05,11.80,11.93,56100,8.66
2009-06-12,12.27,12.27,11.92,12.05,45100,8.74
2009-06-11,12.59,12.59,12.16,12.24,70100,8.88
2009-06-10,12.51,12.59,12.50,12.55,49900,9.06
2009-06-09,12.50,12.59,12.45,12.59,74100,9.09
2009-06-08,12.40,12.49,12.39,12.49,13500,9.01
2009-06-05,12.65,12.65,12.40,12.47,74800,9.00
2009-06-04,12.66,12.73,12.57,12.64,44100,9.12
2009-06-03,12.56,12.67,12.55,12.66,41000,9.14
2009-06-02,12.53,12.70,12.46,12.69,81800,9.16
2009-06-01,12.65,12.66,12.46,12.48,71400,9.01
2009-05-29,12.59,12.59,12.47,12.50,47600,9.02
2009-05-28,12.56,12.58,12.47,12.57,45600,9.07
2009-05-27,12.57,12.64,12.51,12.56,61300,9.06
2009-05-26,12.65,12.68,12.43,12.56,84600,9.06
2009-05-22,12.70,12.70,12.60,12.60,18400,9.09
2009-05-21,12.53,12.73,12.50,12.69,67700,9.16
2009-05-20,12.63,12.64,12.53,12.60,29800,9.09
2009-05-19,12.53,12.62,12.50,12.62,42700,9.11
2009-05-18,12.55,12.55,12.45,12.53,28600,9.04
2009-05-15,12.52,12.55,12.49,12.55,74200,9.06
2009-05-14,12.42,12.53,12.41,12.53,59400,9.04
2009-05-13,12.35,12.61,12.35,12.43,102200,8.97
2009-05-12,12.62,12.73,12.61,12.69,42800,9.11
2009-05-11,12.60,12.72,12.49,12.71,51300,9.12
2009-05-08,12.45,12.67,12.43,12.61,39800,9.05
2009-05-07,12.76,12.76,12.26,12.43,53700,8.92
2009-05-06,12.27,12.66,12.26,12.66,43500,9.09
2009-05-05,12.35,12.39,12.25,12.30,48900,8.83
2009-05-04,12.38,12.48,12.29,12.34,35700,8.86
2009-05-01,12.17,12.31,12.16,12.26,83500,8.80
2009-04-30,12.25,12.30,12.12,12.20,57300,8.76
2009-04-29,12.45,12.57,12.21,12.25,61600,8.79
2009-04-28,12.39,12.50,12.36,12.45,25900,8.94
2009-04-27,12.25,12.36,12.25,12.34,36900,8.86
2009-04-24,12.16,12.28,12.14,12.26,29000,8.80
2009-04-23,12.05,12.33,12.04,12.16,17800,8.73
2009-04-22,11.81,12.06,11.81,12.05,30000,8.65
2009-04-21,11.80,11.94,11.72,11.81,81100,8.48
2009-04-20,11.85,11.95,11.74,11.88,39800,8.53
2009-04-17,11.82,12.00,11.81,12.00,34800,8.61
2009-04-16,11.74,11.89,11.73,11.86,70200,8.51
2009-04-15,11.84,12.00,11.77,11.90,15400,8.54
2009-04-14,11.84,11.89,11.75,11.77,22400,8.45
2009-04-13,11.79,12.00,11.63,11.88,40300,8.53
2009-04-09,11.88,11.95,11.79,11.93,54700,8.52
2009-04-08,11.78,11.88,11.77,11.88,22200,8.48
2009-04-07,11.72,11.80,11.61,11.71,38400,8.36
2009-04-06,11.71,11.84,11.53,11.75,38900,8.39
2009-04-03,11.96,12.10,11.88,11.93,42200,8.52
2009-04-02,11.93,12.10,11.85,11.97,60100,8.55
2009-04-01,11.71,11.90,11.67,11.90,64200,8.50
2009-03-31,11.50,11.70,11.46,11.64,28600,8.31
2009-03-30,11.77,11.77,11.38,11.38,25000,8.12
2009-03-27,11.89,11.89,11.73,11.73,53800,8.37
2009-03-26,11.63,11.80,11.48,11.74,52300,8.38
2009-03-25,11.56,11.67,11.50,11.58,45300,8.27
2009-03-24,11.68,11.68,11.41,11.56,36400,8.25
2009-03-23,11.93,11.93,11.46,11.57,72900,8.26
2009-03-20,11.45,11.71,11.40,11.63,79500,8.30
2009-03-19,11.58,11.58,11.40,11.49,37800,8.20
2009-03-18,11.56,11.56,11.21,11.38,69100,8.12
2009-03-17,11.50,11.54,11.36,11.39,34900,8.13
2009-03-16,11.39,11.55,11.35,11.49,45100,8.20
2009-03-13,11.39,11.68,11.39,11.49,60100,8.20
2009-03-12,11.21,11.42,11.16,11.34,91400,8.10
2009-03-11,11.36,11.36,11.09,11.21,147700,8.00
2009-03-10,10.85,11.25,10.82,11.19,78600,7.94
2009-03-09,10.82,10.89,10.61,10.80,89700,7.67
2009-03-06,10.85,11.11,10.69,10.74,35000,7.62
2009-03-05,11.25,11.25,10.78,10.98,21700,7.79
2009-03-04,11.05,11.35,11.01,11.27,35300,8.00
2009-03-03,11.40,11.41,11.05,11.05,49600,7.84
2009-03-02,11.45,11.53,11.13,11.26,105900,7.99
2009-02-27,11.44,11.46,11.24,11.36,42800,8.06
2009-02-26,11.36,11.55,11.24,11.36,61100,8.06
2009-02-25,11.10,11.58,11.10,11.34,37700,8.05
2009-02-24,10.75,11.21,10.71,11.12,64900,7.89
2009-02-23,11.00,11.12,10.78,10.78,49500,7.65
2009-02-20,11.35,11.39,10.81,10.91,50900,7.74
2009-02-19,11.60,11.65,11.22,11.26,45400,7.99
2009-02-18,11.56,11.56,11.16,11.36,27200,8.06
2009-02-17,11.69,11.69,11.34,11.35,47000,8.06
2009-02-13,11.79,11.82,11.64,11.69,14500,8.30
2009-02-12,11.82,11.88,11.66,11.82,71200,8.39
2009-02-11,11.80,11.86,11.63,11.77,47700,8.35
2009-02-10,11.78,11.84,11.57,11.70,45100,8.26
2009-02-09,11.74,11.82,11.66,11.70,39500,8.26
2009-02-06,11.70,11.81,11.60,11.71,60600,8.27
2009-02-05,11.64,11.71,11.54,11.70,48500,8.26
2009-02-04,11.61,11.66,11.52,11.56,102900,8.17
2009-02-03,11.49,11.63,11.49,11.60,58500,8.19
2009-02-02,11.50,11.60,11.49,11.56,50400,8.17
2009-01-30,11.48,11.49,11.40,11.40,24100,8.05
2009-01-29,11.51,11.51,11.36,11.41,28700,8.06
2009-01-28,11.22,11.45,11.22,11.45,49300,8.09
2009-01-27,11.16,11.22,11.01,11.19,55500,7.90
2009-01-26,11.19,11.27,11.01,11.13,43700,7.86
2009-01-23,11.23,11.31,11.04,11.20,61500,7.91
2009-01-22,11.47,11.47,11.15,11.25,87500,7.95
2009-01-21,11.50,11.56,11.46,11.50,35300,8.12
2009-01-20,11.53,11.68,11.49,11.49,71200,8.12
2009-01-16,11.14,11.49,11.14,11.49,77100,8.12
2009-01-15,11.43,11.53,10.89,11.09,163000,7.83
2009-01-14,11.57,11.57,11.34,11.38,72400,8.04
2009-01-13,11.78,11.78,11.55,11.74,54400,8.29
2009-01-12,11.43,11.69,11.43,11.67,91300,8.20
2009-01-09,11.25,11.60,11.25,11.44,109100,8.04
2009-01-08,11.16,11.34,11.07,11.25,58700,7.91
2009-01-07,11.15,11.15,10.97,11.05,60300,7.77
2009-01-06,11.19,11.20,11.00,11.14,79100,7.83
2009-01-05,10.81,11.25,10.60,11.10,84000,7.80
2009-01-02,10.19,11.00,10.15,10.71,51600,7.53
2008-12-31,9.82,10.20,9.82,10.14,141800,7.13
2008-12-30,9.79,9.99,9.66,9.93,153800,6.98
2008-12-29,9.88,9.89,9.59,9.73,94700,6.84
2008-12-26,9.80,9.95,9.73,9.83,106300,6.91
2008-12-24,10.02,10.02,9.75,9.80,65900,6.89
2008-12-23,10.04,10.04,9.73,9.90,80000,6.96
2008-12-22,9.70,9.90,9.62,9.90,178900,6.96
2008-12-19,9.41,9.89,9.40,9.67,120200,6.80
2008-12-18,9.45,9.65,9.18,9.45,244700,6.64
2008-12-17,8.42,9.63,8.41,9.63,247000,6.77
2008-12-16,8.11,8.44,7.93,8.44,148200,5.93
2008-12-15,8.73,8.87,7.85,8.26,211400,5.81
2008-12-12,8.70,8.95,8.61,8.72,94900,6.13
2008-12-11,9.15,9.26,8.96,8.97,71100,6.30
2008-12-10,9.35,9.44,9.15,9.36,65200,6.54
2008-12-09,9.58,9.74,9.10,9.30,74700,6.50
2008-12-08,9.07,9.84,9.02,9.58,76200,6.69
2008-12-05,9.42,9.60,9.10,9.21,59900,6.43
2008-12-04,10.09,10.25,9.53,9.66,89100,6.75
2008-12-03,10.02,10.40,9.90,10.04,136800,7.01
2008-12-02,9.74,10.59,9.72,10.08,155300,7.04
2008-12-01,10.10,10.10,9.87,10.06,42800,7.03
2008-11-28,9.88,9.99,9.78,9.90,22100,6.91
2008-11-26,9.60,10.02,9.50,9.82,82800,6.86
2008-11-25,9.59,9.72,9.40,9.72,48600,6.79
2008-11-24,9.26,9.64,9.26,9.39,132600,6.56
2008-11-21,9.30,9.47,8.20,9.21,184600,6.43
2008-11-20,9.45,9.73,9.01,9.25,126800,6.46
2008-11-19,9.99,10.28,9.70,9.74,100400,6.80
2008-11-18,10.49,10.49,10.02,10.15,94700,7.09
2008-11-17,10.74,10.90,10.57,10.59,83500,7.40
2008-11-14,10.78,10.94,10.70,10.94,79000,7.64
2008-11-13,10.51,10.75,10.40,10.58,76200,7.39
2008-11-12,10.66,10.89,10.44,10.53,105500,7.35
2008-11-11,10.99,10.99,10.69,10.75,119000,7.47
2008-11-10,10.93,11.04,10.82,10.91,64000,7.58
2008-11-07,10.95,10.95,10.55,10.80,82300,7.50
2008-11-06,10.54,11.05,10.30,10.72,108200,7.45
2008-11-05,10.15,10.54,10.15,10.54,136500,7.32
2008-11-04,10.15,10.39,10.05,10.17,175400,7.07
2008-11-03,10.43,10.46,10.10,10.16,89600,7.06
2008-10-31,10.48,10.58,10.24,10.28,90100,7.14
2008-10-30,10.30,10.60,10.22,10.36,60300,7.20
2008-10-29,10.48,10.49,10.19,10.28,89800,7.14
2008-10-28,10.95,10.95,10.36,10.46,65000,7.27
2008-10-27,10.49,11.12,10.46,10.72,64000,7.45
2008-10-24,10.40,10.76,10.26,10.70,33200,7.43
2008-10-23,10.45,10.83,10.45,10.70,68100,7.43
2008-10-22,9.87,10.43,9.80,10.26,88000,7.13
2008-10-21,9.80,10.05,9.69,10.00,68700,6.95
2008-10-20,9.59,10.10,9.58,9.94,75300,6.91
2008-10-17,9.18,9.53,8.96,9.53,47900,6.62
2008-10-16,9.06,9.33,8.99,9.18,68000,6.38
2008-10-15,9.05,9.53,9.05,9.06,75400,6.29
2008-10-14,9.99,10.25,9.65,9.76,76900,6.78
2008-10-13,8.00,9.44,8.00,9.44,44500,6.56
2008-10-10,7.54,8.22,7.00,7.73,218500,5.37
2008-10-09,9.85,9.85,7.88,8.67,154300,5.98
2008-10-08,10.40,10.90,9.43,9.85,95300,6.80
2008-10-07,10.10,10.50,9.92,10.03,89800,6.92
2008-10-06,10.80,10.80,9.55,10.06,78900,6.94
2008-10-03,11.16,11.18,10.87,10.87,26000,7.50
2008-10-02,11.23,11.26,11.03,11.18,61700,7.71
2008-10-01,10.78,11.10,10.65,11.10,59500,7.66
2008-09-30,10.30,10.86,10.30,10.61,78000,7.32
2008-09-29,10.48,10.52,10.19,10.28,84500,7.09
2008-09-26,11.18,11.22,10.22,10.60,163500,7.31
2008-09-25,11.28,11.39,11.22,11.33,57000,7.82
2008-09-24,11.46,11.46,11.21,11.29,57400,7.79
2008-09-23,11.50,11.51,11.25,11.35,52000,7.83
2008-09-22,12.00,12.00,11.55,11.56,93500,7.98
2008-09-19,12.30,12.39,11.55,11.89,105300,8.20
2008-09-18,11.52,11.81,11.02,11.40,161400,7.87
2008-09-17,11.76,11.98,11.73,11.75,109600,8.11
2008-09-16,12.25,12.25,11.83,11.98,88100,8.27
2008-09-15,12.33,12.33,12.16,12.25,51300,8.45
2008-09-12,12.55,12.55,12.35,12.35,49500,8.52
2008-09-11,12.70,12.70,12.46,12.51,43400,8.63
2008-09-10,12.81,12.83,12.68,12.72,41800,8.74
2008-09-09,12.86,12.86,12.73,12.84,29500,8.82
2008-09-08,12.70,12.85,12.70,12.84,25700,8.82
2008-09-05,12.74,12.77,12.66,12.73,38600,8.74
2008-09-04,12.63,12.75,12.63,12.75,37700,8.76
2008-09-03,12.78,12.79,12.67,12.76,55800,8.76
2008-09-02,12.74,12.75,12.70,12.73,24400,8.74
2008-08-29,12.70,12.70,12.65,12.67,16600,8.70
2008-08-28,12.78,12.82,12.63,12.63,83400,8.68
2008-08-27,12.74,12.80,12.63,12.79,30700,8.79
2008-08-26,12.55,12.69,12.53,12.69,55200,8.72
2008-08-25,12.51,12.62,12.50,12.55,38400,8.62
2008-08-22,12.58,12.62,12.53,12.60,22100,8.65
2008-08-21,12.58,12.59,12.49,12.55,33100,8.62
2008-08-20,12.52,12.57,12.49,12.55,22700,8.62
2008-08-19,12.61,12.61,12.52,12.55,25900,8.62
2008-08-18,12.68,12.68,12.58,12.60,26600,8.65
2008-08-15,12.60,12.65,12.57,12.62,24500,8.67
2008-08-14,12.68,12.69,12.54,12.66,29100,8.70
2008-08-13,12.63,12.73,12.62,12.62,28100,8.67
2008-08-12,12.84,12.87,12.67,12.72,52000,8.70
2008-08-11,12.87,12.90,12.80,12.86,30300,8.79
2008-08-08,12.67,12.85,12.67,12.85,78500,8.79
2008-08-07,12.64,12.69,12.62,12.66,34300,8.66
2008-08-06,12.69,12.70,12.59,12.66,69400,8.66
2008-08-05,12.70,12.72,12.64,12.67,28900,8.66
2008-08-04,12.67,12.75,12.66,12.70,44100,8.68
2008-08-01,12.75,12.80,12.67,12.67,93400,8.66
2008-07-31,12.74,12.79,12.73,12.79,28900,8.75
2008-07-30,12.77,12.86,12.74,12.74,73200,8.71
2008-07-29,12.79,12.79,12.70,12.77,27100,8.73
2008-07-28,12.78,12.82,12.70,12.77,69500,8.73
2008-07-25,12.66,12.82,12.66,12.72,78700,8.70
2008-07-24,12.65,12.68,12.53,12.65,78700,8.65
2008-07-23,12.61,12.66,12.51,12.58,69300,8.60
2008-07-22,12.55,12.63,12.55,12.61,38600,8.62
2008-07-21,12.58,12.59,12.49,12.59,85000,8.61
2008-07-18,12.62,12.66,12.51,12.55,80100,8.58
2008-07-17,12.58,12.77,12.57,12.70,64100,8.68
2008-07-16,12.48,12.58,12.44,12.58,59800,8.60
2008-07-15,12.51,12.61,12.40,12.53,96200,8.57
2008-07-14,12.69,12.76,12.58,12.61,84400,8.62
2008-07-11,12.70,12.74,12.67,12.72,94100,8.70
2008-07-10,12.66,12.77,12.65,12.77,137600,8.69
2008-07-09,12.58,12.68,12.56,12.67,99900,8.62
2008-07-08,12.50,12.57,12.48,12.57,124300,8.56
2008-07-07,12.60,12.60,12.47,12.47,75200,8.49
2008-07-03,12.65,12.66,12.53,12.56,74800,8.55
2008-07-02,12.65,12.66,12.52,12.59,98900,8.57
2008-07-01,12.53,12.57,12.46,12.51,92000,8.52
2008-06-30,12.49,12.52,12.44,12.44,77400,8.47
2008-06-27,12.40,12.49,12.40,12.45,85900,8.47
2008-06-26,12.39,12.58,12.38,12.39,125100,8.43
2008-06-25,12.56,12.60,12.44,12.44,113500,8.47
2008-06-24,12.57,12.65,12.50,12.55,92300,8.54
2008-06-23,12.83,12.91,12.60,12.64,75900,8.60
2008-06-20,12.90,12.95,12.82,12.88,30400,8.77
2008-06-19,13.05,13.05,12.89,12.90,39400,8.78
2008-06-18,13.05,13.05,12.94,13.04,21300,8.88
2008-06-17,13.20,13.23,13.01,13.05,51200,8.88
2008-06-16,13.25,13.32,13.19,13.19,58400,8.98
2008-06-13,13.26,13.33,13.16,13.32,37300,9.07
2008-06-12,13.35,13.37,13.24,13.30,52900,9.05
2008-06-11,13.52,13.53,13.36,13.43,64500,9.14
2008-06-10,13.56,13.56,13.45,13.55,74900,9.18
2008-06-09,13.54,13.59,13.53,13.56,44000,9.19
2008-06-06,13.59,13.59,13.50,13.51,58800,9.16
2008-06-05,13.51,13.62,13.50,13.58,31900,9.20
2008-06-04,13.54,13.58,13.49,13.55,30000,9.18
2008-06-03,13.55,13.59,13.52,13.59,73500,9.21
2008-06-02,13.54,13.55,13.50,13.51,48200,9.16
2008-05-30,13.52,13.53,13.45,13.53,25600,9.17
2008-05-29,13.49,13.54,13.43,13.51,88200,9.16
2008-05-28,13.43,13.49,13.35,13.45,50400,9.12
2008-05-27,13.22,13.41,13.22,13.38,74900,9.07
2008-05-23,13.27,13.33,13.23,13.24,57100,8.97
2008-05-22,13.36,13.41,13.28,13.29,63200,9.01
2008-05-21,13.44,13.52,13.37,13.40,78200,9.08
2008-05-20,13.50,13.51,13.42,13.42,48900,9.10
2008-05-19,13.43,13.54,13.40,13.44,62500,9.11
2008-05-16,13.48,13.51,13.40,13.41,54800,9.09
2008-05-15,13.49,13.50,13.42,13.42,35300,9.10
2008-05-14,13.45,13.54,13.40,13.45,53200,9.12
2008-05-13,13.52,13.53,13.38,13.44,58100,9.11
2008-05-12,13.44,13.55,13.42,13.52,49700,9.12
2008-05-09,13.47,13.47,13.39,13.44,36800,9.07
2008-05-08,13.38,13.47,13.32,13.40,65000,9.04
2008-05-07,13.40,13.41,13.35,13.40,15900,9.04
2008-05-06,13.30,13.39,13.28,13.39,45100,9.04
2008-05-05,13.25,13.38,13.21,13.30,65500,8.98
2008-05-02,13.06,13.23,13.06,13.23,57300,8.93
2008-05-01,13.23,13.26,13.12,13.15,115900,8.87
2008-04-30,13.13,13.19,13.10,13.19,80300,8.90
2008-04-29,13.25,13.26,13.15,13.20,59400,8.91
2008-04-28,13.26,13.32,13.18,13.27,61300,8.96
2008-04-25,13.42,13.42,13.25,13.26,46200,8.95
2008-04-24,13.36,13.44,13.33,13.40,49000,9.04
2008-04-23,13.33,13.43,13.31,13.39,67500,9.04
2008-04-22,13.25,13.35,13.22,13.35,54600,9.01
2008-04-21,13.20,13.24,13.10,13.22,46200,8.92
2008-04-18,13.12,13.19,13.12,13.17,69000,8.89
2008-04-17,13.04,13.13,13.01,13.12,73100,8.85
2008-04-16,13.00,13.08,12.99,13.08,60800,8.83
2008-04-15,13.09,13.10,12.94,13.01,58000,8.78
2008-04-14,12.97,13.10,12.97,13.03,93600,8.79
2008-04-11,12.99,13.02,12.94,13.00,44800,8.77
2008-04-10,13.01,13.15,13.00,13.02,94600,8.75
2008-04-09,12.89,13.02,12.87,12.97,100400,8.71
2008-04-08,12.97,12.97,12.82,12.84,67400,8.63
2008-04-07,12.99,13.07,12.94,12.97,55200,8.71
2008-04-04,13.05,13.08,12.95,12.99,51800,8.73
2008-04-03,12.98,13.05,12.94,13.04,40100,8.76
2008-04-02,12.94,13.03,12.88,13.02,69600,8.75
2008-04-01,13.05,13.09,12.93,12.95,107100,8.70
2008-03-31,12.99,13.07,12.96,13.01,41800,8.74
2008-03-28,13.13,13.13,12.96,13.01,65400,8.74
2008-03-27,13.05,13.14,13.03,13.06,35600,8.77
2008-03-26,12.97,13.03,12.89,13.01,60400,8.74
2008-03-25,12.80,12.94,12.80,12.94,39000,8.69
2008-03-24,12.71,12.84,12.71,12.82,71800,8.61
2008-03-20,12.66,12.73,12.57,12.72,64600,8.55
2008-03-19,12.64,12.77,12.64,12.66,39300,8.51
2008-03-18,12.44,12.74,12.44,12.70,84900,8.53
2008-03-17,12.74,12.74,12.41,12.41,67800,8.34
2008-03-14,12.77,12.83,12.61,12.61,40300,8.47
2008-03-13,12.79,12.84,12.72,12.76,45000,8.57
2008-03-12,13.00,13.21,12.82,12.82,52600,8.61
2008-03-11,12.98,13.09,12.97,13.08,34000,8.75
2008-03-10,13.15,13.15,12.96,12.96,73500,8.67
2008-03-07,13.08,13.17,13.06,13.09,42600,8.76
2008-03-06,13.16,13.32,13.06,13.08,71300,8.75
2008-03-05,13.06,13.21,13.06,13.19,53900,8.82
2008-03-04,13.00,13.05,12.91,13.01,126700,8.70
2008-03-03,12.69,12.97,12.66,12.91,160900,8.63
2008-02-29,12.88,12.98,12.51,12.59,173500,8.42
2008-02-28,13.16,13.16,12.84,12.90,130800,8.63
2008-02-27,13.37,13.46,13.21,13.21,110000,8.84
2008-02-26,13.25,13.45,13.25,13.40,78400,8.96
2008-02-25,13.02,13.35,13.02,13.30,102700,8.90
2008-02-22,13.08,13.17,12.90,13.01,112100,8.70
2008-02-21,13.11,13.15,12.97,13.12,129600,8.78
2008-02-20,13.32,13.34,13.06,13.10,103500,8.76
2008-02-19,13.21,13.41,13.21,13.32,150200,8.91
2008-02-15,13.17,13.27,13.01,13.27,147600,8.88
2008-02-14,13.72,13.74,13.36,13.36,199200,8.94
2008-02-13,14.05,14.13,13.72,13.88,161900,9.28
2008-02-12,14.10,14.24,14.10,14.15,63200,9.43
2008-02-11,14.13,14.24,14.03,14.14,54400,9.42
2008-02-08,14.12,14.19,14.06,14.14,80400,9.42
2008-02-07,14.05,14.13,14.05,14.11,49000,9.40
2008-02-06,14.07,14.12,14.02,14.10,68700,9.39
2008-02-05,14.01,14.11,14.00,14.11,45800,9.40
2008-02-04,14.06,14.08,14.00,14.04,129900,9.35
2008-02-01,14.05,14.07,13.99,14.00,53500,9.33
2008-01-31,14.06,14.08,13.97,14.03,37700,9.35
2008-01-30,13.96,14.09,13.96,14.07,57700,9.37
2008-01-29,13.99,14.06,13.95,14.01,84600,9.33
2008-01-28,14.00,14.03,13.92,13.97,64100,9.31
2008-01-25,14.03,14.06,13.94,13.99,57400,9.32
2008-01-24,14.01,14.12,14.00,14.01,93000,9.33
2008-01-23,13.89,14.12,13.78,14.06,48700,9.37
2008-01-22,13.58,13.94,13.50,13.88,136700,9.25
2008-01-18,14.03,14.03,13.76,13.81,78100,9.20
2008-01-17,14.07,14.13,13.95,13.99,97100,9.32
2008-01-16,14.09,14.13,14.05,14.09,64200,9.39
2008-01-15,14.00,14.08,14.00,14.05,73600,9.36
2008-01-14,13.96,14.13,13.95,14.05,75700,9.36
2008-01-11,13.98,14.10,13.98,14.01,59900,9.33
2008-01-10,13.98,14.09,13.95,14.02,49300,9.30
2008-01-09,13.87,13.98,13.87,13.96,61300,9.26
2008-01-08,14.00,14.00,13.93,13.97,48900,9.27
2008-01-07,13.98,13.99,13.92,13.95,62500,9.25
2008-01-04,13.94,13.97,13.75,13.97,114200,9.27
2008-01-03,13.69,13.89,13.68,13.83,104000,9.17
2008-01-02,13.70,13.80,13.61,13.72,102300,9.10
2007-12-31,13.40,13.62,13.34,13.60,134200,9.02
2007-12-28,13.26,13.47,13.10,13.45,160100,8.92
2007-12-27,13.09,13.25,13.04,13.16,180800,8.73
2007-12-26,13.26,13.31,13.06,13.09,146900,8.68
2007-12-24,13.15,13.20,13.14,13.16,59100,8.73
2007-12-21,13.16,13.19,13.04,13.16,192100,8.73
2007-12-20,13.15,13.16,13.01,13.10,144200,8.69
2007-12-19,13.13,13.21,13.08,13.08,186600,8.68
2007-12-18,13.20,13.29,13.12,13.12,116800,8.70
2007-12-17,13.17,13.27,13.17,13.20,179800,8.76
2007-12-14,13.20,13.20,13.12,13.15,170700,8.72
2007-12-13,13.21,13.27,13.11,13.11,106100,8.70
2007-12-12,13.36,13.37,13.16,13.22,90800,8.77
2007-12-11,13.35,13.41,13.30,13.33,131900,8.79
2007-12-10,13.41,13.48,13.35,13.36,150600,8.81
2007-12-07,13.31,13.49,13.31,13.41,103900,8.84
2007-12-06,13.36,13.46,13.22,13.31,141300,8.77
2007-12-05,13.32,13.34,13.12,13.30,218400,8.77
2007-12-04,13.09,13.26,13.06,13.20,102200,8.70
2007-12-03,13.18,13.27,13.10,13.11,98600,8.64
2007-11-30,13.16,13.30,13.05,13.17,88500,8.68
2007-11-29,13.10,13.19,13.06,13.13,102900,8.66
2007-11-28,13.09,13.20,13.03,13.06,95200,8.61
2007-11-27,13.06,13.17,12.99,13.01,98200,8.58
2007-11-26,13.24,13.24,13.02,13.06,100300,8.61
2007-11-23,13.25,13.25,12.99,13.16,39400,8.68
2007-11-21,13.35,13.43,12.86,13.21,109300,8.71
2007-11-20,12.57,12.89,12.55,12.89,169900,8.50
2007-11-19,12.52,12.64,12.52,12.60,93600,8.31
2007-11-16,12.64,12.68,12.48,12.53,76200,8.26
2007-11-15,12.60,12.68,12.54,12.60,80200,8.31
2007-11-14,12.84,12.90,12.62,12.64,150800,8.33
2007-11-13,12.85,12.90,12.80,12.81,55900,8.44
2007-11-12,12.86,12.95,12.80,12.88,69400,8.45
2007-11-09,13.06,13.06,12.86,12.86,48100,8.44
2007-11-08,13.12,13.20,13.00,13.06,58500,8.57
2007-11-07,12.84,13.16,12.84,13.12,37700,8.61
2007-11-06,13.20,13.28,13.13,13.14,77900,8.62
2007-11-05,13.20,13.30,13.10,13.21,93300,8.67
2007-11-02,13.24,13.28,13.24,13.24,25700,8.69
2007-11-01,13.27,13.28,13.20,13.21,45700,8.67
2007-10-31,13.20,13.30,13.18,13.25,89100,8.70
2007-10-30,13.30,13.34,13.22,13.28,97800,8.72
2007-10-29,13.23,13.31,13.21,13.28,76000,8.72
2007-10-26,13.24,13.30,13.10,13.20,74900,8.66
2007-10-25,13.33,13.34,13.23,13.29,34500,8.72
2007-10-24,13.37,13.40,13.33,13.35,67900,8.76
2007-10-23,13.40,13.40,13.36,13.37,59000,8.77
2007-10-22,13.36,13.40,13.35,13.38,48100,8.78
2007-10-19,13.37,13.40,13.35,13.35,35700,8.76
2007-10-18,13.32,13.38,13.31,13.34,60500,8.75
2007-10-17,13.29,13.34,13.29,13.30,48200,8.73
2007-10-16,13.32,13.32,13.28,13.29,64600,8.72
2007-10-15,13.30,13.33,13.30,13.30,34800,8.73
2007-10-12,13.27,13.36,13.27,13.32,27300,8.74
2007-10-11,13.24,13.39,13.24,13.33,51800,8.75
2007-10-10,13.35,13.42,13.32,13.36,55600,8.73
2007-10-09,13.31,13.41,13.30,13.32,66500,8.70
2007-10-08,13.46,13.47,13.33,13.37,103500,8.74
2007-10-05,13.44,13.48,13.42,13.45,66800,8.79
2007-10-04,13.42,13.51,13.41,13.48,45200,8.81
2007-10-03,13.48,13.52,13.43,13.43,80700,8.78
2007-10-02,13.47,13.53,13.47,13.48,52000,8.81
2007-10-01,13.49,13.50,13.45,13.47,56400,8.80
2007-09-28,13.48,13.50,13.45,13.46,17100,8.79
2007-09-27,13.43,13.50,13.43,13.46,41500,8.79
2007-09-26,13.46,13.48,13.43,13.44,43300,8.78
2007-09-25,13.46,13.47,13.41,13.43,55900,8.78
2007-09-24,13.45,13.46,13.40,13.40,43600,8.76
2007-09-21,13.52,13.61,13.49,13.49,66700,8.81
2007-09-20,13.56,13.58,13.46,13.53,66000,8.84
2007-09-19,13.57,13.61,13.46,13.52,130400,8.83
2007-09-18,13.77,13.77,13.60,13.67,75600,8.93
2007-09-17,13.78,13.80,13.66,13.72,37300,8.96
2007-09-14,13.77,13.82,13.70,13.70,58800,8.95
2007-09-13,13.91,13.92,13.78,13.78,30800,9.00
2007-09-12,13.88,13.93,13.88,13.91,22600,9.09
2007-09-11,13.92,13.96,13.89,13.92,30300,9.06
2007-09-10,13.78,14.00,13.78,13.91,74000,9.05
2007-09-07,13.62,13.79,13.61,13.76,60700,8.95
2007-09-06,13.60,13.74,13.60,13.66,38900,8.89
2007-09-05,13.53,13.65,13.53,13.63,46500,8.87
2007-09-04,13.55,13.61,13.53,13.59,49200,8.84
2007-08-31,13.47,13.55,13.47,13.50,68700,8.78
2007-08-30,13.35,13.45,13.33,13.41,36000,8.73
2007-08-29,13.28,13.38,13.28,13.34,26900,8.68
2007-08-28,13.34,13.34,13.23,13.23,29600,8.61
2007-08-27,13.42,13.42,13.31,13.31,25000,8.66
2007-08-24,13.47,13.47,13.37,13.42,29100,8.73
2007-08-23,13.28,13.45,13.28,13.40,49600,8.72
2007-08-22,13.37,13.37,13.22,13.26,35600,8.63
2007-08-21,13.23,13.35,13.23,13.31,79200,8.66
2007-08-20,13.26,13.29,13.17,13.25,57000,8.62
2007-08-17,13.36,13.37,13.04,13.28,93200,8.64
2007-08-16,13.15,13.21,12.85,13.00,67900,8.46
2007-08-15,13.36,13.41,13.25,13.25,55900,8.62
2007-08-14,13.44,13.50,13.40,13.40,72300,8.72
2007-08-13,13.42,13.53,13.41,13.42,47100,8.73
2007-08-10,13.54,13.54,13.41,13.41,39300,8.69
2007-08-09,13.64,13.64,13.56,13.56,56100,8.79
2007-08-08,13.69,13.71,13.63,13.63,45100,8.83
2007-08-07,13.76,13.76,13.66,13.71,125900,8.88
2007-08-06,13.75,13.80,13.73,13.78,42700,8.93
2007-08-03,13.73,13.77,13.68,13.75,23800,8.91
2007-08-02,13.63,13.71,13.62,13.70,21500,8.88
2007-08-01,13.74,13.74,13.65,13.66,22300,8.85
2007-07-31,13.70,13.75,13.65,13.70,39600,8.88
2007-07-30,13.59,13.76,13.49,13.65,81000,8.84
2007-07-27,13.55,13.75,13.54,13.66,35000,8.85
2007-07-26,13.65,13.71,13.40,13.55,53000,8.78
2007-07-25,13.73,13.84,13.67,13.71,41500,8.88
2007-07-24,13.81,13.86,13.72,13.75,67600,8.91
2007-07-23,13.81,13.87,13.80,13.80,49400,8.94
2007-07-20,13.68,13.88,13.68,13.82,66200,8.95
2007-07-19,13.57,13.74,13.55,13.66,60500,8.85
2007-07-18,13.62,13.63,13.54,13.61,64000,8.82
2007-07-17,13.54,13.61,13.54,13.57,45100,8.79
2007-07-16,13.60,13.61,13.54,13.57,37900,8.79
2007-07-13,13.61,13.64,13.57,13.61,47200,8.82
2007-07-12,13.72,13.77,13.61,13.61,41400,8.82
2007-07-11,13.77,13.79,13.70,13.75,36600,8.91
2007-07-10,13.77,13.84,13.77,13.81,25000,8.91
2007-07-09,13.78,13.86,13.77,13.77,24500,8.88
2007-07-06,13.77,13.82,13.76,13.80,21100,8.90
2007-07-05,13.86,13.88,13.78,13.80,35300,8.90
2007-07-03,13.85,13.92,13.85,13.88,19000,8.95
2007-07-02,13.87,13.88,13.83,13.88,23700,8.95
2007-06-29,13.80,13.88,13.80,13.88,34700,8.95
2007-06-28,13.76,13.81,13.73,13.75,40100,8.87
2007-06-27,13.63,13.81,13.63,13.76,30300,8.88
2007-06-26,13.65,13.73,13.64,13.66,41500,8.81
2007-06-25,13.72,13.75,13.68,13.68,21200,8.83
2007-06-22,13.71,13.77,13.69,13.72,63400,8.85
2007-06-21,13.66,13.79,13.65,13.76,65300,8.88
2007-06-20,13.85,13.85,13.64,13.66,53200,8.81
2007-06-19,13.64,13.81,13.60,13.76,57200,8.88
2007-06-18,13.58,13.70,13.58,13.67,42000,8.82
2007-06-15,13.54,13.65,13.54,13.58,87900,8.76
2007-06-14,13.75,13.77,13.55,13.57,74600,8.75
2007-06-13,13.62,13.71,13.52,13.71,88700,8.85
2007-06-12,13.66,13.67,13.55,13.56,69600,8.71
2007-06-11,13.84,13.84,13.68,13.69,49900,8.79
2007-06-08,13.65,13.81,13.50,13.77,128100,8.85
2007-06-07,13.89,13.94,13.71,13.71,64600,8.81
2007-06-06,14.00,14.03,13.95,13.99,43300,8.99
2007-06-05,14.08,14.08,14.00,14.03,37700,9.01
2007-06-04,14.03,14.07,14.02,14.04,20900,9.02
2007-06-01,14.08,14.10,14.01,14.03,58200,9.01
2007-05-31,14.14,14.14,14.06,14.06,34200,9.03
2007-05-30,14.13,14.14,14.10,14.12,18700,9.07
2007-05-29,14.07,14.15,14.07,14.10,77100,9.06
2007-05-25,14.08,14.15,14.07,14.10,32200,9.06
2007-05-24,14.16,14.20,14.10,14.14,50200,9.08
2007-05-23,14.30,14.31,14.16,14.16,49700,9.10
2007-05-22,14.30,14.32,14.26,14.26,34200,9.16
2007-05-21,14.31,14.31,14.24,14.26,49800,9.16
2007-05-18,14.32,14.33,14.25,14.25,63800,9.15
2007-05-17,14.38,14.40,14.32,14.32,42700,9.20
2007-05-16,14.40,14.43,14.37,14.37,39800,9.23
2007-05-15,14.39,14.45,14.38,14.38,47800,9.24
2007-05-14,14.39,14.44,14.38,14.38,42700,9.24
2007-05-11,14.36,14.43,14.36,14.39,38500,9.24
2007-05-10,14.45,14.45,14.40,14.41,40300,9.22
2007-05-09,14.45,14.46,14.41,14.44,34100,9.24
2007-05-08,14.42,14.46,14.42,14.42,21300,9.23
2007-05-07,14.44,14.47,14.41,14.42,21600,9.23
2007-05-04,14.37,14.43,14.37,14.43,18100,9.23
2007-05-03,14.43,14.43,14.36,14.37,41800,9.19
2007-05-02,14.37,14.44,14.36,14.42,46100,9.23
2007-05-01,14.42,14.44,14.36,14.39,36000,9.21
2007-04-30,14.41,14.44,14.38,14.40,23900,9.21
2007-04-27,14.36,14.40,14.36,14.40,16700,9.21
2007-04-26,14.39,14.39,14.36,14.38,33000,9.20
2007-04-25,14.38,14.39,14.32,14.35,60100,9.18
2007-04-24,14.43,14.44,14.36,14.38,78900,9.20
2007-04-23,14.45,14.48,14.42,14.42,48200,9.23
2007-04-20,14.44,14.45,14.42,14.43,24700,9.23
2007-04-19,14.36,14.44,14.36,14.43,26400,9.23
2007-04-18,14.41,14.44,14.40,14.40,28700,9.21
2007-04-17,14.40,14.48,14.37,14.41,51500,9.22
2007-04-16,14.46,14.46,14.35,14.36,40500,9.19
2007-04-13,14.41,14.49,14.40,14.45,37400,9.25
2007-04-12,14.45,14.48,14.40,14.44,39900,9.24
2007-04-11,14.39,14.47,14.34,14.43,58900,9.23
2007-04-10,14.41,14.44,14.36,14.42,29200,9.19
2007-04-09,14.38,14.43,14.34,14.42,59400,9.19
2007-04-05,14.34,14.47,14.34,14.43,50600,9.20
2007-04-04,14.36,14.44,14.36,14.38,52900,9.16
2007-04-03,14.38,14.41,14.33,14.35,83800,9.14
2007-04-02,14.34,14.35,14.27,14.33,43800,9.13
2007-03-30,14.31,14.34,14.29,14.33,39100,9.13
2007-03-29,14.32,14.33,14.28,14.28,43300,9.10
2007-03-28,14.33,14.34,14.27,14.28,70800,9.10
2007-03-27,14.33,14.35,14.31,14.31,44600,9.12
2007-03-26,14.34,14.36,14.31,14.31,50100,9.12
2007-03-23,14.36,14.38,14.32,14.32,26000,9.13
2007-03-22,14.39,14.42,14.34,14.37,37400,9.16
2007-03-21,14.37,14.39,14.36,14.38,28300,9.16
2007-03-20,14.38,14.40,14.34,14.36,39200,9.15
2007-03-19,14.39,14.41,14.36,14.36,32500,9.15
2007-03-16,14.39,14.43,14.34,14.41,53400,9.18
2007-03-15,14.51,14.51,14.38,14.38,48700,9.16
2007-03-14,14.58,14.58,14.45,14.47,54300,9.22
2007-03-13,14.56,14.62,14.53,14.54,44300,9.27
2007-03-12,14.65,14.67,14.61,14.65,22300,9.30
2007-03-09,14.61,14.65,14.57,14.60,22200,9.27
2007-03-08,14.62,14.68,14.62,14.64,34200,9.29
2007-03-07,14.63,14.69,14.63,14.63,37500,9.29
2007-03-06,14.67,14.68,14.63,14.63,29000,9.29
2007-03-05,14.61,14.70,14.61,14.63,49600,9.29
2007-03-02,14.63,14.66,14.60,14.64,67900,9.29
2007-03-01,14.66,14.67,14.61,14.62,31200,9.28
2007-02-28,14.68,14.68,14.57,14.60,78600,9.27
2007-02-27,14.54,14.66,14.52,14.63,81800,9.29
2007-02-26,14.52,14.55,14.47,14.53,87900,9.22
2007-02-23,14.42,14.55,14.42,14.52,70700,9.22
2007-02-22,14.45,14.46,14.39,14.44,54700,9.17
2007-02-21,14.38,14.46,14.37,14.37,114300,9.12
2007-02-20,14.36,14.44,14.32,14.42,83200,9.15
2007-02-16,14.29,14.35,14.25,14.34,77400,9.10
2007-02-15,14.21,14.29,14.20,14.27,233400,9.06
2007-02-14,14.15,14.20,14.14,14.20,90800,9.01
2007-02-13,14.15,14.20,14.13,14.15,45600,8.98
2007-02-12,14.14,14.23,14.14,14.21,58100,8.98
2007-02-09,14.17,14.22,14.11,14.13,54100,8.93
2007-02-08,14.17,14.23,14.15,14.18,119800,8.96
2007-02-07,14.16,14.22,14.15,14.19,30300,8.97
2007-02-06,14.16,14.22,14.12,14.16,52600,8.95
2007-02-05,14.12,14.18,14.10,14.13,40200,8.93
2007-02-02,14.13,14.18,14.11,14.11,32500,8.92
2007-02-01,14.20,14.20,14.11,14.13,42600,8.93
2007-01-31,14.11,14.16,14.11,14.14,52900,8.94
2007-01-30,14.07,14.15,14.02,14.15,63500,8.94
2007-01-29,14.06,14.13,14.03,14.11,39300,8.92
2007-01-26,14.01,14.06,13.99,14.04,28100,8.88
2007-01-25,14.06,14.09,14.02,14.02,38500,8.86
2007-01-24,14.10,14.13,14.06,14.06,19400,8.89
2007-01-23,14.10,14.15,14.07,14.07,40500,8.89
2007-01-22,14.11,14.17,14.11,14.12,25700,8.93
2007-01-19,14.15,14.17,14.12,14.14,35800,8.94
2007-01-18,14.15,14.18,14.10,14.15,53100,8.94
2007-01-17,14.13,14.18,14.11,14.11,30200,8.92
2007-01-16,14.19,14.21,14.12,14.15,64200,8.94
2007-01-12,14.01,14.16,14.01,14.16,55300,8.95
2007-01-11,14.02,14.19,14.02,14.06,71000,8.89
2007-01-10,14.13,14.20,14.05,14.12,66300,8.93
2007-01-09,14.16,14.26,14.15,14.22,97400,8.95
2007-01-08,14.18,14.25,14.18,14.23,54600,8.96
2007-01-05,14.10,14.20,14.05,14.18,70600,8.93
2007-01-04,14.17,14.19,14.09,14.11,45200,8.88
2007-01-03,14.04,14.20,14.04,14.14,72000,8.90
2006-12-29,14.08,14.10,14.02,14.05,68200,8.85
2006-12-28,14.03,14.07,14.01,14.07,61600,8.86
2006-12-27,14.07,14.12,14.03,14.06,36300,8.85
2006-12-26,14.06,14.07,13.95,14.07,83500,8.86
2006-12-22,13.98,14.04,13.95,13.96,37700,8.79
2006-12-21,13.97,14.05,13.96,13.97,53500,8.79
2006-12-20,14.00,14.02,13.94,13.99,36600,8.81
2006-12-19,13.95,13.99,13.93,13.94,55400,8.78
2006-12-18,13.99,14.00,13.93,13.97,82100,8.79
2006-12-15,14.09,14.18,13.84,13.95,146100,8.78
2006-12-14,14.21,14.21,14.00,14.07,68300,8.86
2006-12-13,14.22,14.23,14.15,14.17,121000,8.92
2006-12-12,14.35,14.35,14.25,14.29,45200,8.95
2006-12-11,14.29,14.32,14.23,14.26,84000,8.93
2006-12-08,14.30,14.30,14.19,14.23,49500,8.91
2006-12-07,14.29,14.29,14.22,14.27,48900,8.94
2006-12-06,14.25,14.29,14.21,14.25,37500,8.92
2006-12-05,14.22,14.30,14.22,14.22,23900,8.91
2006-12-04,14.22,14.27,14.18,14.22,74800,8.91
2006-12-01,14.20,14.25,14.19,14.22,60400,8.91
2006-11-30,14.08,14.19,14.05,14.19,95700,8.89
2006-11-29,14.07,14.12,14.02,14.02,63200,8.78
2006-11-28,14.10,14.14,14.05,14.08,82900,8.82
2006-11-27,14.02,14.07,14.00,14.05,83700,8.80
2006-11-24,14.00,14.06,13.97,14.03,19500,8.79
2006-11-22,13.96,13.99,13.93,13.99,23400,8.76
2006-11-21,13.93,13.97,13.92,13.93,41000,8.72
2006-11-20,13.98,14.01,13.93,13.94,53300,8.73
2006-11-17,13.98,14.03,13.95,13.98,71000,8.75
2006-11-16,13.96,14.05,13.93,13.93,69300,8.72
2006-11-15,14.09,14.10,13.97,14.00,62500,8.77
2006-11-14,13.95,14.05,13.95,14.00,73700,8.77
2006-11-13,13.97,14.05,13.96,14.00,17300,8.77
2006-11-10,14.00,14.08,13.97,14.02,45700,8.74
2006-11-09,13.96,14.02,13.96,13.98,39900,8.72
2006-11-08,13.96,14.02,13.96,13.99,34300,8.72
2006-11-07,13.96,14.02,13.95,13.97,46300,8.71
2006-11-06,13.91,14.02,13.91,13.99,53900,8.72
2006-11-03,14.00,14.01,13.96,14.00,47600,8.73
2006-11-02,14.05,14.10,14.03,14.05,53300,8.76
2006-11-01,14.05,14.10,14.02,14.07,52200,8.77
2006-10-31,13.96,14.05,13.94,14.05,80800,8.76
2006-10-30,13.98,13.98,13.90,13.96,69800,8.71
2006-10-27,13.90,13.93,13.86,13.91,55100,8.67
2006-10-26,13.90,13.91,13.83,13.84,37700,8.63
2006-10-25,13.88,13.89,13.84,13.88,27400,8.66
2006-10-24,13.84,13.87,13.79,13.84,34700,8.63
2006-10-23,13.86,13.86,13.79,13.80,58900,8.61
2006-10-20,13.79,13.85,13.78,13.85,58600,8.64
2006-10-19,13.78,13.82,13.70,13.82,38800,8.62
2006-10-18,13.75,13.80,13.72,13.76,81600,8.58
2006-10-17,13.77,13.86,13.69,13.72,72800,8.56
2006-10-16,13.72,13.73,13.63,13.67,102600,8.53
2006-10-13,13.82,13.82,13.65,13.65,59500,8.51
2006-10-12,13.90,13.90,13.77,13.78,94800,8.59
2006-10-11,13.88,13.93,13.85,13.90,70400,8.67
2006-10-10,13.97,14.00,13.94,13.96,51700,8.67
2006-10-09,14.04,14.04,13.98,13.98,45800,8.68
2006-10-06,14.11,14.11,14.00,14.00,26500,8.69
2006-10-05,14.11,14.11,14.06,14.06,33700,8.73
2006-10-04,14.11,14.12,14.07,14.08,36100,8.74
2006-10-03,14.11,14.12,14.04,14.10,27100,8.76
2006-10-02,14.11,14.12,14.06,14.06,33500,8.73
2006-09-29,14.08,14.10,14.05,14.05,32300,8.73
2006-09-28,14.09,14.10,14.05,14.07,37600,8.74
2006-09-27,14.08,14.09,14.01,14.09,54300,8.75
2006-09-26,14.01,14.04,13.99,14.03,32700,8.71
2006-09-25,14.07,14.07,14.01,14.04,40600,8.72
2006-09-22,14.07,14.07,14.02,14.04,23200,8.72
2006-09-21,14.01,14.05,13.97,14.05,48200,8.73
2006-09-20,14.00,14.03,14.00,14.01,30900,8.70
2006-09-19,13.96,14.02,13.96,14.02,61300,8.71
2006-09-18,13.92,13.97,13.92,13.95,26400,8.66
2006-09-15,13.99,14.03,13.94,13.94,45900,8.66
2006-09-14,14.10,14.13,13.97,13.97,57800,8.68
2006-09-13,14.15,14.18,14.06,14.09,26000,8.75
2006-09-12,14.11,14.20,14.11,14.18,22900,8.77
2006-09-11,14.14,14.18,14.08,14.16,21000,8.76
2006-09-08,14.10,14.19,14.10,14.16,43200,8.76
2006-09-07,14.06,14.16,14.04,14.12,34100,8.73
2006-09-06,14.19,14.20,14.06,14.10,27500,8.72
2006-09-05,14.21,14.25,14.15,14.19,39700,8.78
2006-09-01,14.22,14.26,14.18,14.21,54200,8.79
2006-08-31,14.22,14.26,14.17,14.18,50300,8.77
2006-08-30,14.22,14.24,14.18,14.22,56000,8.80
2006-08-29,14.25,14.29,14.18,14.21,39100,8.79
2006-08-28,14.15,14.25,14.15,14.24,56300,8.81
2006-08-25,14.25,14.25,14.16,14.20,87000,8.78
2006-08-24,14.23,14.25,14.16,14.20,57400,8.78
2006-08-23,14.24,14.28,14.13,14.17,65400,8.76
2006-08-22,14.17,14.23,14.12,14.21,50300,8.79
2006-08-21,14.05,14.15,14.04,14.12,55300,8.73
2006-08-18,13.94,14.12,13.94,14.12,46100,8.73
2006-08-17,13.96,14.07,13.96,13.97,42500,8.64
2006-08-16,13.94,14.15,13.94,13.97,72900,8.64
2006-08-15,13.88,14.05,13.88,13.95,56000,8.63
2006-08-14,13.76,13.90,13.75,13.86,66400,8.57
2006-08-11,13.83,13.94,13.76,13.78,42800,8.52
2006-08-10,13.87,14.03,13.87,13.90,89800,8.56
2006-08-09,13.77,13.86,13.76,13.86,44400,8.54
2006-08-08,13.76,13.83,13.72,13.76,49000,8.47
2006-08-07,13.79,13.79,13.66,13.68,70700,8.42
2006-08-04,13.73,13.81,13.70,13.71,56800,8.44
2006-08-03,13.74,13.77,13.70,13.73,31300,8.45
2006-08-02,13.65,13.74,13.59,13.72,53100,8.45
2006-08-01,13.65,13.65,13.59,13.62,51700,8.39
2006-07-31,13.56,13.64,13.56,13.63,37600,8.39
2006-07-28,13.50,13.58,13.46,13.52,48000,8.33
2006-07-27,13.36,13.49,13.35,13.49,34200,8.31
2006-07-26,13.31,13.39,13.31,13.37,14500,8.23
2006-07-25,13.30,13.32,13.24,13.31,40300,8.20
2006-07-24,13.28,13.35,13.21,13.28,82200,8.18
2006-07-21,13.20,13.28,13.18,13.25,56700,8.16
2006-07-20,13.19,13.22,13.18,13.19,38500,8.12
2006-07-19,13.20,13.27,13.17,13.20,67300,8.13
2006-07-18,13.19,13.23,13.16,13.19,37900,8.12
2006-07-17,13.23,13.27,13.21,13.22,31300,8.14
2006-07-14,13.21,13.25,13.21,13.24,15600,8.15
2006-07-13,13.32,13.32,13.22,13.22,54100,8.14
2006-07-12,13.37,13.38,13.23,13.25,36600,8.16
2006-07-11,13.34,13.43,13.31,13.34,45800,8.18
2006-07-10,13.35,13.39,13.30,13.32,30100,8.17
2006-07-07,13.36,13.44,13.32,13.35,46000,8.18
2006-07-06,13.24,13.35,13.24,13.32,64300,8.17
2006-07-05,13.30,13.33,13.26,13.26,33500,8.13
2006-07-03,13.44,13.44,13.29,13.35,27500,8.18
2006-06-30,13.26,13.35,13.25,13.34,17500,8.18
2006-06-29,13.27,13.34,13.19,13.23,28900,8.11
2006-06-28,13.33,13.38,13.22,13.23,49500,8.11
2006-06-27,13.34,13.37,13.20,13.23,26400,8.11
2006-06-26,13.28,13.36,13.21,13.31,55000,8.16
2006-06-23,13.41,13.43,13.28,13.28,53500,8.14
2006-06-22,13.35,13.39,13.33,13.33,21800,8.17
2006-06-21,13.35,13.41,13.34,13.39,26500,8.21
2006-06-20,13.49,13.49,13.35,13.35,45000,8.18
2006-06-19,13.57,13.58,13.39,13.45,46100,8.24
2006-06-16,13.52,13.58,13.43,13.49,16300,8.27
2006-06-15,13.48,13.50,13.42,13.45,20700,8.24
2006-06-14,13.45,13.53,13.41,13.48,28300,8.26
2006-06-13,13.57,13.60,13.44,13.49,48000,8.27
2006-06-12,13.77,13.77,13.59,13.69,32700,8.35
2006-06-09,13.68,13.72,13.62,13.67,30500,8.34
2006-06-08,13.70,13.71,13.59,13.64,45200,8.32
2006-06-07,13.73,13.77,13.69,13.73,35300,8.38
2006-06-06,13.86,13.93,13.67,13.69,80600,8.35
2006-06-05,13.83,13.93,13.81,13.84,37900,8.45
2006-06-02,13.94,13.98,13.84,13.90,51100,8.48
2006-06-01,13.92,13.93,13.83,13.89,59000,8.48
2006-05-31,13.86,13.92,13.82,13.82,58700,8.43
2006-05-30,13.90,13.91,13.80,13.82,52100,8.43
2006-05-26,13.85,14.00,13.81,13.88,53900,8.47
2006-05-25,13.68,13.85,13.68,13.78,77700,8.41
2006-05-24,13.67,13.75,13.61,13.69,39700,8.35
2006-05-23,13.57,13.67,13.57,13.67,44500,8.34
2006-05-22,13.61,13.63,13.55,13.63,38900,8.32
2006-05-19,13.69,13.71,13.60,13.60,59600,8.30
2006-05-18,13.58,13.59,13.53,13.59,31800,8.29
2006-05-17,13.85,13.85,13.52,13.57,68500,8.28
2006-05-16,13.51,13.64,13.51,13.63,72900,8.32
2006-05-15,13.53,13.56,13.47,13.49,29000,8.23
2006-05-12,13.57,13.57,13.44,13.50,55200,8.24
2006-05-11,13.68,13.76,13.45,13.50,113800,8.24
2006-05-10,13.48,13.64,13.47,13.56,96100,8.24
2006-05-09,13.50,13.55,13.45,13.48,93500,8.19
2006-05-08,13.53,13.57,13.45,13.50,93100,8.20
2006-05-05,13.44,13.48,13.41,13.46,67100,8.18
2006-05-04,13.55,13.55,13.38,13.41,93800,8.14
2006-05-03,13.66,13.66,13.50,13.55,77600,8.23
2006-05-02,13.68,13.68,13.58,13.62,34900,8.27
2006-05-01,13.66,13.72,13.58,13.60,77100,8.26
2006-04-28,13.60,13.70,13.58,13.70,44000,8.32
2006-04-27,13.58,13.61,13.51,13.59,28900,8.25
2006-04-26,13.69,13.69,13.52,13.56,58900,8.24
2006-04-25,13.66,13.66,13.53,13.63,36700,8.28
2006-04-24,13.58,13.75,13.56,13.63,28600,8.28
2006-04-21,13.52,13.62,13.51,13.58,33200,8.25
2006-04-20,13.55,13.59,13.51,13.52,34600,8.21
2006-04-19,13.52,13.63,13.51,13.63,26100,8.28
2006-04-18,13.55,13.63,13.55,13.59,18900,8.25
2006-04-17,13.55,13.60,13.51,13.56,34900,8.24
2006-04-13,13.71,13.71,13.51,13.60,47000,8.26
2006-04-12,13.57,13.63,13.52,13.61,42700,8.27
2006-04-11,13.68,13.74,13.59,13.63,48100,8.28
2006-04-10,13.62,13.77,13.62,13.77,65500,8.32
2006-04-07,13.94,13.94,13.77,13.82,27700,8.35
2006-04-06,13.98,13.98,13.87,13.87,27900,8.39
2006-04-05,13.92,14.00,13.91,13.98,19900,8.45
2006-04-04,13.87,13.96,13.87,13.95,53400,8.43
2006-04-03,13.97,13.97,13.85,13.89,31300,8.40
2006-03-31,14.03,14.03,13.91,13.93,28800,8.42
2006-03-30,13.90,13.99,13.90,13.91,38000,8.41
2006-03-29,14.05,14.07,13.88,13.94,65600,8.43
2006-03-28,14.06,14.07,13.98,13.98,70600,8.45
2006-03-27,14.11,14.11,14.06,14.06,19100,8.50
2006-03-24,14.09,14.09,14.03,14.06,23100,8.50
2006-03-23,14.08,14.12,14.05,14.05,43300,8.49
2006-03-22,14.13,14.13,14.06,14.10,16500,8.52
2006-03-21,14.22,14.22,14.01,14.07,31800,8.51
2006-03-20,14.14,14.19,14.11,14.11,40600,8.53
2006-03-17,14.11,14.20,14.09,14.13,21600,8.54
2006-03-16,14.05,14.16,14.03,14.16,23100,8.56
2006-03-15,14.01,14.05,14.00,14.01,19200,8.47
2006-03-14,13.95,14.01,13.90,13.96,25600,8.44
2006-03-13,14.02,14.05,13.95,13.97,20000,8.45
2006-03-10,14.06,14.12,14.00,14.02,28300,8.44
2006-03-09,14.06,14.06,13.99,14.05,38500,8.46
2006-03-08,14.08,14.08,13.98,14.02,42300,8.44
2006-03-07,14.22,14.22,13.90,14.05,51900,8.46
2006-03-06,14.21,14.24,14.15,14.19,91400,8.54
2006-03-03,14.35,14.35,14.22,14.26,79500,8.58
2006-03-02,14.30,14.37,14.27,14.35,51300,8.64
2006-03-01,14.40,14.40,14.30,14.35,106100,8.64
2006-02-28,14.33,14.37,14.24,14.34,63800,8.63
2006-02-27,14.20,14.27,14.20,14.22,27700,8.56
2006-02-24,14.23,14.23,14.16,14.22,42800,8.56
2006-02-23,14.20,14.20,14.13,14.17,25800,8.53
2006-02-22,14.26,14.26,14.14,14.19,46700,8.54
2006-02-21,14.17,14.20,14.10,14.16,32600,8.52
2006-02-17,14.08,14.17,14.08,14.15,26200,8.52
2006-02-16,14.06,14.16,14.06,14.06,22700,8.46
2006-02-15,14.04,14.14,14.04,14.08,31900,8.47
2006-02-14,14.09,14.16,14.05,14.06,47000,8.46
2006-02-13,14.12,14.15,14.05,14.11,42200,8.49
2006-02-10,14.22,14.22,14.12,14.12,68400,8.46
2006-02-09,14.21,14.21,14.11,14.14,55900,8.47
2006-02-08,14.18,14.29,14.11,14.17,63300,8.49
2006-02-07,14.18,14.19,14.10,14.14,49200,8.47
2006-02-06,14.08,14.18,14.08,14.09,72600,8.44
2006-02-03,14.18,14.18,14.03,14.08,32500,8.43
2006-02-02,14.17,14.18,14.10,14.10,35400,8.44
2006-02-01,14.10,14.19,14.07,14.07,61600,8.43
2006-01-31,14.30,14.30,14.10,14.10,80200,8.44
2006-01-30,14.05,14.24,14.03,14.13,58700,8.46
2006-01-27,14.05,14.12,14.05,14.12,61900,8.46
2006-01-26,14.19,14.19,14.03,14.06,66600,8.42
2006-01-25,14.28,14.28,14.14,14.22,50100,8.52
2006-01-24,14.05,14.26,14.02,14.18,51800,8.49
2006-01-23,13.93,14.07,13.93,14.06,40900,8.42
2006-01-20,13.93,14.02,13.93,14.01,31900,8.39
2006-01-19,14.07,14.14,13.92,13.97,76300,8.37
2006-01-18,14.13,14.14,14.03,14.03,19800,8.40
2006-01-17,14.10,14.17,14.00,14.05,48700,8.41
2006-01-13,14.06,14.19,14.06,14.18,51400,8.49
2006-01-12,14.15,14.25,14.00,14.16,56100,8.48
2006-01-11,14.05,14.18,14.05,14.14,74200,8.47
2006-01-10,14.25,14.29,14.16,14.17,76900,8.45
2006-01-09,14.14,14.29,14.09,14.29,43800,8.52
2006-01-06,13.90,14.06,13.82,14.06,48200,8.38
2006-01-05,13.83,13.88,13.81,13.88,31200,8.27
2006-01-04,13.88,13.88,13.80,13.85,59500,8.25
2006-01-03,13.85,13.85,13.67,13.79,40700,8.22
2005-12-30,13.60,13.77,13.60,13.76,133200,8.20
2005-12-29,13.70,13.70,13.59,13.60,68500,8.11
2005-12-28,13.43,13.62,13.43,13.57,150000,8.09
2005-12-27,13.37,13.48,13.34,13.48,115400,8.03
2005-12-23,13.38,13.44,13.35,13.39,67700,7.98
2005-12-22,13.30,13.41,13.30,13.38,174700,7.97
2005-12-21,13.32,13.40,13.30,13.35,127000,7.96
2005-12-20,13.42,13.43,13.28,13.35,133300,7.96
2005-12-19,13.40,13.49,13.33,13.41,89500,7.99
2005-12-16,13.46,13.52,13.40,13.45,112700,8.02
2005-12-15,13.32,13.47,13.32,13.46,92300,8.02
2005-12-14,13.43,13.48,13.36,13.42,147500,8.00
2005-12-13,13.58,13.58,13.38,13.42,104400,8.00
2005-12-12,13.57,13.67,13.57,13.62,35300,8.04
2005-12-09,13.58,13.71,13.57,13.62,37800,8.04
2005-12-08,13.60,13.68,13.58,13.68,68700,8.08
2005-12-07,13.62,13.73,13.62,13.70,36300,8.09
2005-12-06,13.68,13.74,13.63,13.72,43300,8.10
2005-12-05,13.70,13.71,13.61,13.68,97400,8.08
2005-12-02,13.69,13.70,13.61,13.66,38200,8.06
2005-12-01,13.68,13.74,13.60,13.67,42800,8.07
2005-11-30,13.70,13.70,13.56,13.60,113700,8.03
2005-11-29,13.70,13.72,13.63,13.70,45500,8.09
2005-11-28,13.70,13.74,13.62,13.73,32600,8.11
2005-11-25,13.64,13.66,13.58,13.66,6500,8.06
2005-11-23,13.59,13.72,13.59,13.59,53200,8.02
2005-11-22,13.69,13.69,13.57,13.63,30000,8.05
2005-11-21,13.73,13.73,13.57,13.67,44100,8.07
2005-11-18,13.67,13.70,13.56,13.63,37200,8.05
2005-11-17,13.67,13.73,13.66,13.69,36900,8.08
2005-11-16,13.54,13.64,13.49,13.64,38600,8.05
2005-11-15,13.61,13.70,13.55,13.58,56100,8.02
2005-11-14,13.65,13.71,13.61,13.64,18100,8.05
2005-11-11,13.86,13.86,13.68,13.70,37800,8.09
2005-11-10,13.82,13.86,13.76,13.76,48900,8.12
2005-11-09,13.96,14.01,13.93,13.96,30500,8.20
2005-11-08,14.03,14.04,13.96,13.98,34000,8.21
2005-11-07,13.98,13.98,13.92,13.98,55300,8.21
2005-11-04,13.95,14.00,13.90,13.92,24600,8.18
2005-11-03,13.93,14.12,13.91,13.95,51000,8.19
2005-11-02,14.06,14.06,13.93,13.98,48900,8.21
2005-11-01,14.07,14.08,13.93,14.02,41900,8.23
2005-10-31,13.89,14.13,13.85,13.97,40000,8.21
2005-10-28,13.87,13.90,13.87,13.88,13900,8.15
2005-10-27,13.88,13.95,13.85,13.89,23300,8.16
2005-10-26,13.97,14.06,13.85,13.85,33100,8.14
2005-10-25,14.05,14.11,14.04,14.04,16300,8.25
2005-10-24,14.00,14.05,13.99,14.02,24500,8.23
2005-10-21,14.00,14.05,13.95,14.05,28300,8.25
2005-10-20,14.02,14.09,13.91,13.98,42600,8.21
2005-10-19,14.07,14.07,13.97,14.02,27400,8.23
2005-10-18,14.14,14.14,13.97,14.01,26900,8.23
2005-10-17,14.15,14.15,14.02,14.14,39800,8.31
2005-10-14,14.18,14.23,14.03,14.06,20500,8.26
2005-10-13,14.30,14.30,14.09,14.12,24800,8.29
2005-10-12,14.34,14.39,14.24,14.25,16400,8.37
2005-10-11,14.41,14.50,14.41,14.49,13900,8.47
2005-10-10,14.57,14.58,14.40,14.40,32800,8.42
2005-10-07,14.50,14.51,14.41,14.47,26700,8.46
2005-10-06,14.55,14.55,14.48,14.52,21800,8.49
2005-10-05,14.48,14.55,14.48,14.54,24300,8.50
2005-10-04,14.55,14.55,14.48,14.53,16600,8.49
2005-10-03,14.63,14.63,14.50,14.55,33400,8.50
2005-09-30,14.43,14.60,14.43,14.53,25500,8.49
2005-09-29,14.57,14.57,14.50,14.50,15200,8.48
2005-09-28,14.50,14.56,14.41,14.55,24500,8.50
2005-09-27,14.42,14.48,14.35,14.40,36100,8.42
2005-09-26,14.54,14.54,14.30,14.39,35800,8.41
2005-09-23,14.66,14.66,14.46,14.54,52600,8.50
2005-09-22,14.72,14.74,14.55,14.60,25800,8.53
2005-09-21,14.70,14.71,14.67,14.67,23200,8.57
2005-09-20,14.68,14.70,14.66,14.66,19300,8.57
2005-09-19,14.72,14.74,14.67,14.69,18600,8.59
2005-09-16,14.75,14.75,14.67,14.72,28500,8.60
2005-09-15,14.75,14.89,14.73,14.75,24100,8.62
2005-09-14,14.84,14.90,14.73,14.82,32600,8.66
2005-09-13,14.88,14.93,14.84,14.85,46100,8.68
2005-09-12,14.90,14.90,14.81,14.89,49300,8.66
2005-09-09,14.82,14.90,14.80,14.90,60600,8.67
2005-09-08,14.73,14.81,14.72,14.81,37500,8.62
2005-09-07,14.76,14.76,14.71,14.72,38400,8.56
2005-09-06,14.75,14.80,14.71,14.74,34000,8.57
2005-09-02,14.70,14.77,14.70,14.75,33100,8.58
2005-09-01,14.66,14.74,14.64,14.74,42300,8.57
2005-08-31,14.67,14.68,14.60,14.66,20300,8.53
2005-08-30,14.64,14.65,14.58,14.64,18900,8.52
2005-08-29,14.57,14.64,14.56,14.62,33300,8.50
2005-08-26,14.59,14.59,14.51,14.58,34700,8.48
2005-08-25,14.63,14.63,14.52,14.59,28500,8.49
2005-08-24,14.56,14.60,14.54,14.59,57400,8.49
2005-08-23,14.50,14.56,14.49,14.55,32200,8.46
2005-08-22,14.45,14.50,14.43,14.50,25600,8.43
2005-08-19,14.45,14.50,14.43,14.49,26000,8.43
2005-08-18,14.50,14.50,14.45,14.49,36300,8.43
2005-08-17,14.43,14.54,14.43,14.51,31500,8.44
2005-08-16,14.45,14.52,14.40,14.52,44500,8.45
2005-08-15,14.44,14.44,14.40,14.40,26900,8.38
2005-08-12,14.48,14.48,14.39,14.45,34800,8.41
2005-08-11,14.43,14.52,14.43,14.46,25800,8.41
2005-08-10,14.47,14.54,14.47,14.53,35400,8.41
2005-08-09,14.53,14.53,14.47,14.50,22300,8.39
2005-08-08,14.53,14.54,14.47,14.49,38800,8.39
2005-08-05,14.62,14.62,14.55,14.56,32700,8.43
2005-08-04,14.61,14.67,14.61,14.65,46100,8.48
2005-08-03,14.73,14.74,14.66,14.70,24100,8.51
2005-08-02,14.70,14.72,14.65,14.71,42900,8.51
2005-08-01,14.71,14.72,14.65,14.70,20100,8.51
2005-07-29,14.72,14.75,14.62,14.70,56600,8.51
2005-07-28,14.70,14.77,14.67,14.72,25400,8.52
2005-07-27,14.67,14.68,14.60,14.68,19400,8.50
2005-07-26,14.58,14.64,14.50,14.64,25600,8.47
2005-07-25,14.58,14.66,14.50,14.55,61900,8.42
2005-07-22,14.59,14.64,14.57,14.64,36600,8.47
2005-07-21,14.69,14.72,14.57,14.62,31700,8.46
2005-07-20,14.65,14.69,14.64,14.68,26700,8.50
2005-07-19,14.70,14.70,14.60,14.65,29900,8.48
2005-07-18,14.77,14.78,14.60,14.60,35200,8.45
2005-07-15,14.78,14.78,14.70,14.72,49800,8.52
2005-07-14,14.78,14.78,14.70,14.77,66000,8.55
2005-07-13,14.93,14.93,14.77,14.78,58400,8.55
2005-07-12,14.97,14.97,14.90,14.92,26900,8.59
2005-07-11,14.85,14.92,14.80,14.91,38400,8.59
2005-07-08,14.86,14.86,14.79,14.85,21900,8.55
2005-07-07,14.76,14.86,14.72,14.81,58400,8.53
2005-07-06,14.85,14.87,14.78,14.79,64300,8.52
2005-07-05,14.75,14.79,14.71,14.75,35800,8.49
2005-07-01,14.78,14.79,14.68,14.75,37500,8.49
2005-06-30,14.70,14.82,14.68,14.77,56700,8.50
2005-06-29,14.74,14.75,14.66,14.70,40600,8.46
2005-06-28,14.73,14.75,14.65,14.67,37100,8.45
2005-06-27,14.62,14.74,14.62,14.74,40800,8.49
2005-06-24,14.62,14.66,14.57,14.66,29400,8.44
2005-06-23,14.67,14.67,14.51,14.57,34800,8.39
2005-06-22,14.47,14.55,14.45,14.55,26500,8.38
2005-06-21,14.48,14.50,14.45,14.49,44800,8.34
2005-06-20,14.43,14.51,14.42,14.42,38700,8.30
2005-06-17,14.36,14.45,14.36,14.42,40200,8.30
2005-06-16,14.37,14.45,14.30,14.43,37700,8.31
2005-06-15,14.26,14.37,14.26,14.37,27200,8.27
2005-06-14,14.38,14.38,14.28,14.32,34400,8.25
2005-06-13,14.44,14.44,14.30,14.33,21800,8.25
2005-06-10,14.41,14.49,14.37,14.49,53300,8.30
2005-06-09,14.46,14.49,14.40,14.49,45700,8.30
2005-06-08,14.53,14.57,14.38,14.46,65500,8.28
2005-06-07,14.45,14.52,14.42,14.52,62700,8.32
2005-06-06,14.53,14.60,14.42,14.47,67000,8.29
2005-06-03,14.59,14.62,14.53,14.53,28600,8.32
2005-06-02,14.55,14.59,14.46,14.58,28400,8.35
2005-06-01,14.51,14.59,14.45,14.58,54200,8.35
2005-05-31,14.51,14.52,14.45,14.50,34600,8.31
2005-05-27,14.48,14.50,14.44,14.47,17500,8.29
2005-05-26,14.45,14.47,14.36,14.46,47700,8.28
2005-05-25,14.50,14.50,14.40,14.48,43000,8.29
2005-05-24,14.39,14.55,14.37,14.55,43200,8.33
2005-05-23,14.43,14.44,14.37,14.40,23100,8.25
2005-05-20,14.42,14.42,14.32,14.38,19900,8.24
2005-05-19,14.38,14.41,14.30,14.39,36400,8.24
2005-05-18,14.31,14.41,14.29,14.41,24800,8.25
2005-05-17,14.29,14.32,14.22,14.32,24900,8.20
2005-05-16,14.33,14.33,14.22,14.29,35600,8.19
2005-05-13,14.32,14.35,14.27,14.28,29700,8.18
2005-05-12,14.29,14.37,14.29,14.35,27800,8.22
2005-05-11,14.22,14.39,14.22,14.29,23500,8.19
2005-05-10,14.19,14.38,14.19,14.38,30600,8.19
2005-05-09,14.28,14.30,14.21,14.28,36800,8.13
2005-05-06,14.29,14.30,14.20,14.20,54800,8.09
2005-05-05,14.20,14.34,14.18,14.29,47000,8.14
2005-05-04,14.19,14.20,14.15,14.20,77000,8.09
2005-05-03,14.09,14.18,14.07,14.18,26400,8.08
2005-05-02,14.10,14.18,14.05,14.08,34900,8.02
2005-04-29,13.99,14.05,13.93,14.05,23300,8.00
2005-04-28,13.87,14.00,13.87,13.98,56700,7.96
2005-04-27,13.75,13.89,13.75,13.89,29200,7.91
2005-04-26,13.78,13.80,13.73,13.75,63500,7.83
2005-04-25,13.78,13.85,13.75,13.80,19100,7.86
2005-04-22,13.71,13.81,13.71,13.76,35300,7.84
2005-04-21,13.74,13.80,13.71,13.73,50900,7.82
2005-04-20,13.74,13.80,13.73,13.79,48500,7.86
2005-04-19,13.85,13.99,13.80,13.80,56200,7.86
2005-04-18,13.80,13.83,13.80,13.82,16700,7.87
2005-04-15,13.71,13.77,13.71,13.77,16300,7.84
2005-04-14,13.75,13.80,13.68,13.75,38300,7.83
2005-04-13,13.77,13.90,13.70,13.74,62200,7.83
2005-04-12,13.86,13.89,13.83,13.84,41300,7.84
2005-04-11,13.70,13.84,13.70,13.84,52300,7.84
2005-04-08,13.72,13.75,13.70,13.71,39800,7.77
2005-04-07,13.78,13.86,13.73,13.74,44300,7.78
2005-04-06,13.71,13.85,13.71,13.84,28100,7.84
2005-04-05,13.82,13.82,13.71,13.71,30600,7.77
2005-04-04,13.95,13.97,13.78,13.80,39300,7.82
2005-04-01,13.98,14.00,13.81,13.89,36500,7.87
2005-03-31,13.82,13.95,13.70,13.85,48500,7.84
2005-03-30,13.72,13.79,13.65,13.77,25900,7.80
2005-03-29,13.70,13.80,13.64,13.80,31500,7.82
2005-03-28,13.65,13.65,13.48,13.60,42500,7.70
2005-03-24,13.43,13.69,13.35,13.61,72300,7.71
2005-03-23,13.60,13.60,13.15,13.41,120800,7.60
2005-03-22,13.85,13.85,13.52,13.60,50900,7.70
2005-03-21,13.90,13.90,13.76,13.77,68900,7.80
2005-03-18,13.96,13.96,13.81,13.90,33200,7.87
2005-03-17,13.90,13.97,13.86,13.96,28800,7.91
2005-03-16,14.03,14.03,13.85,13.86,58900,7.85
2005-03-15,13.92,14.09,13.92,13.99,64000,7.92
2005-03-14,14.15,14.18,13.92,14.00,56000,7.93
2005-03-11,14.13,14.27,14.12,14.16,81800,8.02
2005-03-10,14.32,14.40,14.25,14.29,51600,8.05
2005-03-09,14.50,14.50,14.22,14.22,53300,8.01
2005-03-08,14.46,14.54,14.46,14.49,32800,8.16
2005-03-07,14.46,14.51,14.41,14.50,58400,8.17
2005-03-04,14.40,14.45,14.40,14.45,25300,8.14
2005-03-03,14.42,14.43,14.37,14.41,32200,8.12
2005-03-02,14.49,14.50,14.39,14.39,64300,8.11
2005-03-01,14.45,14.51,14.40,14.45,50700,8.14
2005-02-28,14.50,14.59,14.40,14.45,43900,8.14
2005-02-25,14.35,14.47,14.35,14.47,35800,8.15
2005-02-24,14.35,14.40,14.34,14.37,30000,8.09
2005-02-23,14.40,14.41,14.25,14.28,81600,8.04
2005-02-22,14.35,14.37,14.19,14.19,87800,7.99
2005-02-18,14.51,14.51,14.41,14.42,45300,8.12
2005-02-17,14.52,14.55,14.41,14.55,43400,8.20
2005-02-16,14.54,14.57,14.48,14.52,21200,8.18
2005-02-15,14.52,14.60,14.51,14.52,23200,8.18
2005-02-14,14.58,14.62,14.53,14.60,33400,8.22
2005-02-11,14.54,14.62,14.51,14.58,48100,8.21
2005-02-10,14.62,14.65,14.56,14.65,60700,8.21
2005-02-09,14.59,14.62,14.54,14.61,45200,8.18
2005-02-08,14.60,14.61,14.52,14.52,38000,8.13
2005-02-07,14.52,14.59,14.49,14.54,40900,8.14
2005-02-04,14.47,14.54,14.39,14.49,60300,8.12
2005-02-03,14.37,14.40,14.32,14.39,34000,8.06
2005-02-02,14.29,14.39,14.29,14.36,65000,8.04
2005-02-01,14.32,14.35,14.29,14.34,51400,8.03
2005-01-31,14.27,14.28,14.22,14.26,43000,7.99
2005-01-28,14.32,14.32,14.24,14.27,31800,7.99
2005-01-27,14.25,14.26,14.16,14.22,57900,7.97
2005-01-26,14.12,14.17,14.10,14.17,77600,7.94
2005-01-25,14.15,14.20,14.10,14.19,64400,7.95
2005-01-24,14.06,14.15,14.05,14.13,62200,7.91
2005-01-21,14.01,14.07,14.00,14.06,32300,7.88
2005-01-20,14.00,14.06,13.94,14.05,65900,7.87
2005-01-19,14.12,14.12,14.00,14.02,90600,7.85
2005-01-18,14.14,14.15,14.03,14.05,55400,7.87
2005-01-14,14.06,14.15,14.03,14.04,64600,7.86
2005-01-13,14.18,14.18,14.06,14.15,66300,7.93
2005-01-12,14.25,14.30,14.08,14.11,71100,7.90
2005-01-11,14.18,14.34,14.18,14.29,50000,7.96
2005-01-10,14.34,14.60,14.21,14.26,83900,7.94
2005-01-07,14.43,14.47,14.33,14.43,22000,8.04
2005-01-06,14.30,14.34,14.27,14.34,22400,7.99
2005-01-05,14.34,14.48,14.22,14.22,70400,7.92
2005-01-04,14.21,14.33,14.16,14.28,49400,7.95
2005-01-03,14.03,14.34,14.02,14.14,36400,7.87
2004-12-31,14.05,14.10,14.00,14.08,52800,7.84
2004-12-30,14.06,14.08,13.97,14.03,45700,7.81
2004-12-29,13.98,13.99,13.94,13.97,28900,7.78
2004-12-28,13.97,13.98,13.87,13.91,48400,7.75
2004-12-27,14.09,14.09,13.97,13.97,46100,7.78
2004-12-23,13.99,14.01,13.90,14.01,52900,7.80
2004-12-22,13.91,14.00,13.91,13.96,41700,7.77
2004-12-21,13.96,14.07,13.89,14.00,82400,7.80
2004-12-20,13.96,14.00,13.90,13.95,62700,7.77
2004-12-17,14.01,14.01,13.92,13.94,60100,7.76
2004-12-16,14.12,14.12,13.93,13.96,64900,7.77
2004-12-15,14.14,14.14,14.06,14.10,34500,7.85
2004-12-14,14.05,14.09,14.01,14.06,67900,7.83
2004-12-13,14.11,14.13,13.98,14.04,115400,7.82
2004-12-10,14.15,14.22,14.15,14.20,52900,7.86
2004-12-09,14.17,14.18,14.12,14.12,41000,7.82
2004-12-08,14.15,14.17,14.10,14.11,52100,7.81
2004-12-07,14.13,14.15,14.06,14.12,26000,7.82
2004-12-06,14.02,14.12,14.02,14.08,40000,7.80
2004-12-03,13.99,14.13,13.99,14.09,47500,7.80
2004-12-02,14.02,14.02,13.94,13.94,79400,7.72
2004-12-01,14.10,14.10,14.02,14.02,28600,7.76
2004-11-30,14.10,14.15,14.00,14.03,76600,7.77
2004-11-29,14.21,14.21,14.09,14.12,63100,7.82
2004-11-26,14.21,14.21,14.14,14.21,32900,7.87
2004-11-24,14.15,14.18,14.13,14.14,68900,7.83
2004-11-23,14.14,14.17,14.09,14.15,31500,7.84
2004-11-22,14.11,14.17,14.10,14.16,51400,7.84
2004-11-19,14.30,14.30,14.11,14.14,77000,7.83
2004-11-18,14.22,14.27,14.21,14.25,35000,7.89
2004-11-17,14.19,14.32,14.15,14.24,83300,7.89
2004-11-16,14.21,14.23,14.18,14.19,44200,7.86
2004-11-15,14.22,14.24,14.16,14.24,49100,7.89
2004-11-12,14.12,14.22,14.09,14.20,30500,7.86
2004-11-11,14.06,14.18,14.06,14.12,30200,7.82
2004-11-10,14.10,14.18,14.07,14.11,44600,7.81
2004-11-09,13.97,14.22,13.97,14.20,57900,7.82
2004-11-08,14.31,14.34,14.02,14.07,56600,7.75
2004-11-05,14.55,14.60,14.25,14.35,129200,7.90
2004-11-04,14.64,14.65,14.61,14.62,17400,8.05
2004-11-03,14.61,14.67,14.56,14.58,57500,8.03
2004-11-02,14.56,14.68,14.55,14.65,62500,8.07
2004-11-01,14.57,14.61,14.52,14.61,52900,8.04
2004-10-29,14.51,14.57,14.49,14.57,48200,8.02
2004-10-28,14.46,14.52,14.43,14.49,34600,7.98
2004-10-27,14.50,14.54,14.46,14.46,28100,7.96
2004-10-26,14.53,14.55,14.49,14.49,30000,7.98
2004-10-25,14.52,14.53,14.45,14.49,36800,7.98
2004-10-22,14.46,14.50,14.44,14.50,23600,7.98
2004-10-21,14.50,14.52,14.45,14.45,66800,7.96
2004-10-20,14.47,14.56,14.47,14.51,64200,7.99
2004-10-19,14.41,14.50,14.41,14.50,20800,7.98
2004-10-18,14.42,14.47,14.40,14.42,31900,7.94
2004-10-15,14.45,14.46,14.37,14.46,37900,7.96
2004-10-14,14.36,14.46,14.36,14.42,24200,7.94
2004-10-13,14.39,14.45,14.35,14.40,51300,7.93
2004-10-12,14.40,14.48,14.39,14.47,73300,7.92
2004-10-11,14.47,14.48,14.40,14.43,47500,7.90
2004-10-08,14.38,14.49,14.38,14.45,50400,7.91
2004-10-07,14.40,14.45,14.36,14.37,58500,7.87
2004-10-06,14.34,14.41,14.34,14.41,30000,7.89
2004-10-05,14.40,14.41,14.35,14.38,25900,7.87
2004-10-04,14.30,14.37,14.19,14.35,76300,7.86
2004-10-01,14.41,14.43,14.32,14.33,63200,7.85
2004-09-30,14.49,14.49,14.35,14.41,31000,7.89
2004-09-29,14.50,14.51,14.40,14.49,34300,7.93
2004-09-28,14.54,14.58,14.50,14.52,27800,7.95
2004-09-27,14.48,14.56,14.47,14.54,29400,7.96
2004-09-24,14.52,14.62,14.48,14.49,45900,7.93
2004-09-23,14.61,14.65,14.54,14.60,42700,7.99
2004-09-22,14.57,14.63,14.56,14.62,30400,8.00
2004-09-21,14.59,14.59,14.54,14.55,20700,7.97
2004-09-20,14.68,14.68,14.59,14.61,19700,8.00
2004-09-17,14.62,14.68,14.58,14.67,94900,8.03
2004-09-16,14.51,14.62,14.51,14.57,32400,7.98
2004-09-15,14.58,14.60,14.52,14.56,31500,7.97
2004-09-14,14.55,14.58,14.50,14.58,35100,7.98
2004-09-13,14.52,14.63,14.51,14.60,58400,7.99
2004-09-10,14.59,14.67,14.58,14.63,90300,7.96
2004-09-09,14.53,14.61,14.37,14.61,112500,7.95
2004-09-08,14.49,14.59,14.41,14.51,46900,7.90
2004-09-07,14.32,14.50,14.32,14.50,50700,7.89
2004-09-03,14.50,14.50,14.30,14.37,48600,7.82
2004-09-02,14.55,14.55,14.34,14.40,65500,7.84
2004-09-01,14.55,14.66,14.47,14.55,61000,7.92
2004-08-31,14.49,14.51,14.46,14.50,24900,7.89
2004-08-30,14.39,14.50,14.37,14.44,33800,7.86
2004-08-27,14.36,14.44,14.32,14.44,29800,7.86
2004-08-26,14.28,14.31,14.26,14.28,20500,7.77
2004-08-25,14.30,14.36,14.28,14.31,44800,7.79
2004-08-24,14.29,14.35,14.29,14.30,25400,7.78
2004-08-23,14.22,14.34,14.22,14.26,35000,7.76
2004-08-20,14.22,14.41,14.22,14.28,29800,7.77
2004-08-19,14.17,14.28,14.16,14.27,47900,7.77
2004-08-18,14.11,14.22,14.11,14.22,34100,7.74
2004-08-17,14.10,14.16,14.08,14.16,40200,7.71
2004-08-16,14.15,14.15,14.07,14.10,28700,7.68
2004-08-13,14.06,14.19,14.02,14.19,37600,7.72
2004-08-12,14.04,14.07,13.97,14.06,36800,7.65
2004-08-11,13.97,14.07,13.95,14.02,30800,7.63
2004-08-10,14.04,14.14,14.04,14.08,37800,7.62
2004-08-09,14.09,14.13,14.03,14.08,34700,7.62
2004-08-06,14.01,14.14,14.01,14.11,48500,7.64
2004-08-05,13.99,14.03,13.93,13.98,36000,7.57
2004-08-04,13.93,13.97,13.90,13.97,17600,7.56
2004-08-03,13.91,13.94,13.86,13.90,31400,7.52
2004-08-02,13.81,13.90,13.81,13.85,50800,7.50
2004-07-30,13.77,13.80,13.73,13.79,31800,7.46
2004-07-29,13.70,13.76,13.62,13.75,39100,7.44
2004-07-28,13.67,13.68,13.62,13.67,24300,7.40
2004-07-27,13.70,13.70,13.59,13.62,38200,7.37
2004-07-26,13.62,13.71,13.60,13.70,48700,7.41
2004-07-23,13.65,13.70,13.61,13.62,37900,7.37
2004-07-22,13.63,13.74,13.62,13.64,47800,7.38
2004-07-21,13.86,13.86,13.65,13.67,54400,7.40
2004-07-20,13.79,13.87,13.76,13.76,43900,7.45
2004-07-19,13.88,13.90,13.81,13.88,30900,7.51
2004-07-16,13.77,13.89,13.77,13.87,25800,7.51
2004-07-15,13.76,13.84,13.76,13.80,43600,7.47
2004-07-14,13.78,13.89,13.73,13.83,31300,7.49
2004-07-13,13.71,13.80,13.70,13.79,21700,7.46
2004-07-12,13.81,13.88,13.76,13.83,25800,7.44
2004-07-09,13.75,13.85,13.75,13.81,41200,7.43
2004-07-08,13.77,13.84,13.75,13.78,41800,7.41
2004-07-07,13.78,13.83,13.74,13.74,17300,7.39
2004-07-06,13.66,13.78,13.66,13.74,30700,7.39
2004-07-02,13.50,13.75,13.50,13.67,50600,7.35
2004-07-01,13.43,13.56,13.39,13.50,62600,7.26
2004-06-30,13.34,13.41,13.24,13.41,45100,7.21
2004-06-29,13.21,13.35,13.21,13.29,35200,7.15
2004-06-28,13.40,13.40,13.25,13.31,49200,7.16
2004-06-25,13.31,13.35,13.24,13.30,31000,7.16
2004-06-24,13.16,13.34,13.16,13.34,75400,7.18
2004-06-23,13.10,13.22,13.10,13.20,68500,7.10
2004-06-22,13.16,13.20,13.10,13.13,53600,7.06
2004-06-21,13.13,13.20,13.06,13.20,49600,7.10
2004-06-18,13.06,13.15,13.06,13.09,54000,7.04
2004-06-17,13.12,13.17,13.05,13.08,99200,7.04
2004-06-16,13.20,13.27,13.14,13.15,43600,7.07
2004-06-15,13.17,13.34,13.17,13.20,42100,7.10
2004-06-14,13.25,13.32,13.21,13.22,64900,7.11
2004-06-10,13.45,13.46,13.39,13.42,46600,7.18
2004-06-09,13.50,13.53,13.43,13.46,38500,7.20
2004-06-08,13.50,13.51,13.42,13.45,40500,7.19
2004-06-07,13.45,13.50,13.41,13.42,28500,7.18
2004-06-04,13.39,13.52,13.38,13.50,38900,7.22
2004-06-03,13.36,13.50,13.35,13.42,51400,7.18
2004-06-02,13.40,13.53,13.28,13.39,69500,7.16
2004-06-01,13.53,13.53,13.39,13.45,40600,7.19
2004-05-28,13.58,13.58,13.45,13.45,45200,7.19
2004-05-27,13.42,13.55,13.42,13.50,41700,7.22
2004-05-26,13.32,13.41,13.26,13.38,41900,7.15
2004-05-25,13.26,13.34,13.19,13.26,30800,7.09
2004-05-24,13.20,13.35,13.20,13.21,48700,7.06
2004-05-21,13.13,13.23,13.10,13.22,46900,7.07
2004-05-20,13.12,13.23,13.10,13.13,39800,7.02
2004-05-19,13.08,13.10,12.99,13.10,50400,7.00
2004-05-18,13.07,13.15,13.03,13.06,31200,6.98
2004-05-17,13.08,13.20,13.06,13.13,42200,7.02
2004-05-14,12.97,13.24,12.90,13.12,52100,7.02
2004-05-13,13.00,13.06,12.89,12.89,37400,6.89
2004-05-12,13.05,13.20,13.02,13.10,48500,7.00
2004-05-11,12.81,13.24,12.81,13.24,96100,7.04
2004-05-10,12.77,12.97,12.75,12.97,129900,6.89
2004-05-07,13.00,13.11,12.90,12.95,122400,6.88
2004-05-06,13.40,13.45,13.23,13.23,74900,7.03
2004-05-05,13.56,13.59,13.40,13.45,91600,7.15
2004-05-04,13.40,13.56,13.40,13.53,63700,7.19
2004-05-03,13.53,13.56,13.45,13.46,83300,7.15
2004-04-30,13.52,13.53,13.45,13.47,53500,7.16
2004-04-29,13.51,13.61,13.48,13.49,56900,7.17
2004-04-28,13.59,13.71,13.53,13.60,59000,7.23
2004-04-27,13.70,13.75,13.48,13.59,77000,7.22
2004-04-26,13.85,13.90,13.71,13.74,57000,7.30
2004-04-23,13.98,13.98,13.87,13.91,36600,7.39
2004-04-22,13.92,14.00,13.89,13.95,36600,7.41
2004-04-21,14.00,14.00,13.90,13.96,89300,7.42
2004-04-20,14.06,14.10,13.92,13.96,63700,7.42
2004-04-19,14.15,14.29,14.06,14.07,58000,7.48
2004-04-16,14.06,14.25,14.05,14.21,47300,7.55
2004-04-15,14.12,14.12,13.91,14.03,93000,7.46
2004-04-14,14.17,14.18,13.94,14.10,90000,7.49
2004-04-13,14.19,14.25,13.91,14.10,154100,7.49
2004-04-12,14.30,14.33,14.21,14.26,68700,7.53
2004-04-08,14.36,14.46,14.27,14.30,61200,7.56
2004-04-07,14.23,14.44,14.23,14.35,83900,7.58
2004-04-06,14.50,14.52,14.20,14.33,95800,7.57
2004-04-05,14.60,14.65,14.36,14.60,216200,7.71
2004-04-02,14.90,14.90,14.82,14.84,107600,7.84
2004-04-01,15.07,15.07,14.95,15.02,49700,7.94
2004-03-31,15.03,15.04,14.95,15.00,38600,7.93
2004-03-30,14.99,14.99,14.93,14.97,51000,7.91
2004-03-29,15.12,15.13,14.94,14.97,80600,7.91
2004-03-26,15.27,15.29,15.04,15.11,62000,7.98
2004-03-25,15.33,15.33,15.23,15.27,25700,8.07
2004-03-24,15.45,15.48,15.28,15.34,65500,8.11
2004-03-23,15.46,15.50,15.36,15.36,36500,8.12
2004-03-22,15.33,15.39,15.24,15.39,39400,8.13
2004-03-19,15.25,15.30,15.23,15.30,25900,8.08
2004-03-18,15.26,15.34,15.25,15.28,48300,8.07
2004-03-17,15.47,15.51,15.36,15.36,36100,8.12
2004-03-16,15.45,15.55,15.40,15.46,35400,8.17
2004-03-15,15.47,15.47,15.37,15.45,19900,8.16
2004-03-12,15.39,15.43,15.36,15.42,20900,8.15
2004-03-11,15.37,15.44,15.32,15.38,22100,8.13
2004-03-10,15.45,15.50,15.31,15.50,45900,8.15
2004-03-09,15.39,15.55,15.36,15.39,30200,8.09
2004-03-08,15.39,15.39,15.26,15.33,38300,8.06
2004-03-05,15.25,15.40,15.25,15.40,41300,8.09
2004-03-04,15.30,15.31,15.16,15.21,44100,7.99
2004-03-03,15.33,15.38,15.27,15.30,25900,8.04
2004-03-02,15.38,15.38,15.27,15.29,36800,8.04
2004-03-01,15.37,15.38,15.29,15.29,23700,8.04
2004-02-27,15.37,15.37,15.32,15.34,19600,8.06
2004-02-26,15.15,15.30,15.15,15.30,28400,8.04
2004-02-25,15.09,15.13,15.07,15.09,28200,7.93
2004-02-24,15.10,15.10,15.00,15.07,41700,7.92
2004-02-23,15.04,15.12,15.03,15.10,37100,7.94
2004-02-20,15.08,15.08,14.93,15.02,56500,7.89
2004-02-19,15.18,15.18,15.04,15.05,18700,7.91
2004-02-18,15.23,15.24,15.14,15.14,33700,7.96
2004-02-17,15.29,15.29,15.14,15.22,61700,8.00
2004-02-13,15.28,15.31,15.21,15.29,18000,8.04
2004-02-12,15.31,15.32,15.26,15.26,28000,8.02
2004-02-11,15.25,15.31,15.14,15.28,60500,8.03
2004-02-10,15.24,15.25,15.21,15.25,49800,7.97
2004-02-09,15.30,15.35,15.22,15.23,35800,7.96
2004-02-06,15.08,15.39,15.08,15.28,87100,7.99
2004-02-05,15.21,15.21,15.06,15.10,32200,7.89
2004-02-04,15.20,15.27,15.12,15.16,69900,7.93
2004-02-03,15.21,15.25,15.15,15.16,29600,7.93
2004-02-02,15.02,15.22,15.02,15.19,37700,7.94
2004-01-30,15.08,15.09,15.00,15.06,38700,7.87
2004-01-29,15.16,15.30,15.01,15.03,43000,7.86
2004-01-28,15.27,15.36,15.21,15.21,49700,7.95
2004-01-27,15.29,15.29,15.13,15.24,72500,7.97
2004-01-26,15.33,15.40,15.21,15.25,60900,7.97
2004-01-23,15.34,15.34,15.30,15.31,45900,8.00
2004-01-22,15.40,15.40,15.31,15.34,43200,8.02
2004-01-21,15.36,15.43,15.33,15.40,81600,8.05
2004-01-20,15.32,15.39,15.32,15.32,88900,8.01
2004-01-16,15.20,15.33,15.14,15.31,60400,8.00
2004-01-15,15.19,15.19,15.10,15.19,56000,7.94
2004-01-14,15.18,15.20,15.09,15.18,60400,7.94
2004-01-13,15.03,15.15,15.00,15.10,71900,7.89
2004-01-12,14.90,15.08,14.90,15.04,98200,7.82
2004-01-09,14.83,14.87,14.78,14.81,39200,7.70
2004-01-08,14.70,14.77,14.67,14.75,27200,7.67
2004-01-07,14.61,14.70,14.61,14.69,41300,7.64
2004-01-06,14.57,14.59,14.54,14.55,59600,7.57
2004-01-05,14.48,14.59,14.47,14.56,71600,7.57
2004-01-02,14.54,14.58,14.48,14.48,29000,7.53
2003-12-31,14.47,14.56,14.47,14.54,33500,7.56
2003-12-30,14.37,14.47,14.37,14.46,97400,7.52
2003-12-29,14.39,14.43,14.37,14.42,55800,7.50
2003-12-26,14.34,14.41,14.34,14.39,11200,7.48
2003-12-24,14.32,14.41,14.31,14.40,38800,7.49
2003-12-23,14.42,14.42,14.37,14.37,66400,7.47
2003-12-22,14.45,14.50,14.42,14.42,38700,7.50
2003-12-19,14.55,14.55,14.45,14.45,32800,7.51
2003-12-18,14.48,14.55,14.45,14.48,41800,7.53
2003-12-17,14.48,14.49,14.45,14.49,28900,7.53
2003-12-16,14.46,14.48,14.44,14.47,31800,7.52
2003-12-15,14.44,14.46,14.40,14.44,48800,7.51
2003-12-12,14.45,14.49,14.43,14.47,67700,7.52
2003-12-11,14.58,14.58,14.45,14.48,49600,7.53
2003-12-10,14.53,14.61,14.49,14.59,45200,7.54
2003-12-09,14.54,14.57,14.49,14.49,33300,7.49
2003-12-08,14.47,14.53,14.46,14.50,24300,7.50
2003-12-05,14.45,14.50,14.43,14.47,37900,7.48
2003-12-04,14.48,14.50,14.39,14.39,46400,7.44
2003-12-03,14.41,14.48,14.41,14.46,38600,7.48
2003-12-02,14.41,14.47,14.41,14.45,40900,7.47
2003-12-01,14.47,14.48,14.39,14.40,42600,7.45
2003-11-28,14.42,14.43,14.37,14.43,16400,7.46
2003-11-26,14.45,14.46,14.38,14.39,28300,7.44
2003-11-25,14.42,14.45,14.37,14.44,37600,7.47
2003-11-24,14.40,14.43,14.35,14.42,38200,7.46
2003-11-21,14.38,14.44,14.35,14.38,29700,7.44
2003-11-20,14.42,14.45,14.38,14.40,23700,7.45
2003-11-19,14.33,14.46,14.33,14.37,56500,7.43
2003-11-18,14.44,14.45,14.33,14.37,44800,7.43
2003-11-17,14.37,14.44,14.32,14.41,41800,7.45
2003-11-14,14.45,14.45,14.34,14.44,28000,7.47
2003-11-13,14.44,14.44,14.37,14.37,12500,7.43
2003-11-12,14.42,14.44,14.35,14.41,31300,7.45
2003-11-11,14.40,14.47,14.36,14.46,49700,7.43
2003-11-10,14.28,14.35,14.28,14.35,42100,7.38
2003-11-07,14.19,14.32,14.18,14.32,67200,7.36
2003-11-06,14.32,14.34,14.28,14.32,26500,7.36
2003-11-05,14.28,14.36,14.25,14.31,49600,7.36
2003-11-04,14.25,14.33,14.25,14.33,16800,7.37
2003-11-03,14.29,14.31,14.21,14.24,45800,7.32
2003-10-31,14.29,14.31,14.22,14.25,20800,7.33
2003-10-30,14.25,14.29,14.17,14.28,29800,7.34
2003-10-29,14.35,14.35,14.26,14.26,25700,7.33
2003-10-28,14.25,14.32,14.24,14.25,23700,7.33
2003-10-27,14.22,14.36,14.22,14.33,28000,7.37
2003-10-24,14.19,14.26,14.18,14.26,32900,7.33
2003-10-23,14.21,14.26,14.19,14.22,19700,7.31
2003-10-22,14.15,14.27,14.15,14.20,27600,7.30
2003-10-21,14.17,14.18,14.09,14.16,18500,7.28
2003-10-20,14.25,14.29,14.10,14.18,40900,7.29
2003-10-17,14.18,14.22,14.16,14.21,36900,7.31
2003-10-16,14.35,14.35,14.28,14.28,20200,7.34
2003-10-15,14.25,14.31,14.23,14.27,15100,7.34
2003-10-14,14.28,14.33,14.25,14.28,26700,7.34
2003-10-13,14.26,14.36,14.26,14.32,22200,7.36
2003-10-10,14.24,14.30,14.22,14.23,37400,7.32
2003-10-09,14.48,14.48,14.30,14.34,41600,7.33
2003-10-08,14.45,14.50,14.40,14.46,30300,7.39
2003-10-07,14.50,14.54,14.45,14.45,34200,7.39
2003-10-06,14.45,14.54,14.40,14.50,23000,7.41
2003-10-03,14.39,14.46,14.30,14.44,52300,7.38
2003-10-02,14.38,14.45,14.36,14.38,21800,7.35
2003-10-01,14.50,14.57,14.41,14.45,30600,7.39
2003-09-30,14.45,14.53,14.40,14.46,50000,7.39
2003-09-29,14.38,14.47,14.35,14.41,27500,7.37
2003-09-26,14.34,14.40,14.34,14.38,24400,7.35
2003-09-25,14.31,14.35,14.30,14.32,25500,7.32
2003-09-24,14.26,14.33,14.22,14.33,24400,7.33
2003-09-23,14.32,14.36,14.24,14.25,30500,7.29
2003-09-22,14.25,14.45,14.25,14.34,59800,7.33
2003-09-19,14.24,14.35,14.24,14.33,25500,7.33
2003-09-18,14.29,14.36,14.21,14.24,42900,7.28
2003-09-17,14.34,14.40,14.25,14.28,40100,7.30
2003-09-16,14.37,14.40,14.31,14.40,26800,7.36
2003-09-15,14.29,14.40,14.29,14.37,23400,7.35
2003-09-12,14.25,14.35,14.24,14.29,30200,7.31
2003-09-11,14.27,14.29,14.17,14.27,30400,7.30
2003-09-10,14.14,14.37,14.13,14.32,67200,7.28
2003-09-09,14.08,14.20,14.08,14.13,68000,7.18
2003-09-08,14.15,14.17,14.07,14.14,37400,7.19
2003-09-05,14.12,14.15,14.11,14.15,22700,7.19
2003-09-04,14.04,14.12,14.01,14.12,64800,7.18
2003-09-03,14.09,14.13,14.02,14.05,53400,7.14
2003-09-02,14.13,14.13,14.05,14.11,42100,7.17
2003-08-29,14.06,14.15,14.05,14.15,47000,7.19
2003-08-28,14.02,14.11,14.01,14.10,41200,7.17
2003-08-27,14.12,14.13,14.00,14.00,71600,7.12
2003-08-26,14.12,14.18,14.05,14.06,24100,7.15
2003-08-25,14.10,14.14,14.07,14.10,21900,7.17
2003-08-22,14.06,14.16,14.04,14.10,34900,7.17
2003-08-21,14.07,14.11,14.02,14.03,40800,7.13
2003-08-20,13.98,14.20,13.97,14.06,39600,7.15
2003-08-19,14.04,14.19,13.97,13.97,47500,7.10
2003-08-18,14.01,14.13,13.96,14.13,29700,7.18
2003-08-15,13.94,14.03,13.87,14.02,45500,7.13
2003-08-14,14.07,14.10,13.88,13.95,122400,7.09
2003-08-13,14.26,14.26,14.12,14.15,31700,7.19
2003-08-12,14.35,14.40,14.27,14.30,31300,7.23
2003-08-11,14.35,14.45,14.21,14.37,33100,7.26
2003-08-08,14.30,14.40,14.30,14.40,37000,7.28
2003-08-07,14.12,14.40,14.12,14.40,27600,7.28
2003-08-06,14.06,14.20,14.06,14.12,43200,7.14
2003-08-05,14.01,14.20,13.97,14.04,48200,7.10
2003-08-04,13.98,14.08,13.93,13.95,56500,7.05
2003-08-01,13.94,14.09,13.90,14.05,42800,7.10
2003-07-31,14.29,14.31,13.80,13.97,88800,7.06
2003-07-30,14.24,14.29,14.10,14.22,57800,7.19
2003-07-29,14.22,14.24,14.11,14.15,60600,7.15
2003-07-28,14.35,14.36,14.21,14.25,64200,7.20
2003-07-25,14.46,14.58,14.32,14.39,53900,7.27
2003-07-24,14.47,14.60,14.42,14.55,39600,7.36
2003-07-23,14.28,14.47,14.28,14.47,75200,7.31
2003-07-22,14.30,14.45,14.30,14.45,32800,7.30
2003-07-21,14.46,14.48,14.30,14.36,65200,7.26
2003-07-18,14.36,14.47,14.27,14.47,34500,7.31
2003-07-17,14.78,14.78,14.30,14.32,77900,7.24
2003-07-16,14.89,14.90,14.66,14.68,82600,7.42
2003-07-15,15.06,15.07,14.89,14.89,40100,7.53
2003-07-14,15.03,15.10,15.00,15.08,24700,7.62
2003-07-11,15.07,15.16,15.03,15.03,32300,7.60
2003-07-10,15.13,15.21,15.10,15.11,43700,7.60
2003-07-09,15.13,15.19,15.10,15.15,32900,7.62
2003-07-08,15.11,15.19,15.11,15.19,34600,7.64
2003-07-07,15.20,15.30,15.10,15.13,31500,7.61
2003-07-03,15.17,15.34,15.17,15.23,35300,7.66
2003-07-02,15.16,15.25,15.14,15.25,26200,7.67
2003-07-01,15.13,15.20,15.10,15.15,33500,7.62
2003-06-30,15.02,15.15,15.02,15.10,19400,7.59
2003-06-27,15.04,15.13,14.99,15.07,48600,7.58
2003-06-26,15.04,15.09,15.02,15.07,46100,7.58
2003-06-25,14.97,15.15,14.97,15.06,22900,7.57
2003-06-24,15.02,15.07,15.01,15.01,22800,7.55
2003-06-23,14.93,15.02,14.86,15.02,42500,7.55
2003-06-20,15.08,15.08,14.85,14.94,133200,7.51
2003-06-19,15.39,15.39,15.10,15.23,58400,7.66
2003-06-18,15.59,15.59,15.35,15.44,44500,7.76
2003-06-17,15.50,15.60,15.45,15.53,38200,7.81
2003-06-16,15.40,15.72,15.37,15.58,89700,7.83
2003-06-13,15.45,15.51,15.40,15.40,23200,7.74
2003-06-12,15.43,15.56,15.40,15.44,28600,7.76
2003-06-11,15.38,15.44,15.34,15.43,25600,7.76
2003-06-10,15.47,15.52,15.46,15.46,17200,7.73
2003-06-09,15.47,15.55,15.45,15.51,30100,7.76
2003-06-06,15.48,15.55,15.47,15.48,45200,7.74
2003-06-05,15.41,15.47,15.41,15.47,67600,7.74
2003-06-04,15.39,15.42,15.30,15.41,31200,7.71
2003-06-03,15.27,15.33,15.27,15.33,33900,7.67
2003-06-02,15.29,15.31,15.27,15.28,27100,7.64
2003-05-30,15.27,15.30,15.22,15.30,39900,7.65
2003-05-29,15.08,15.28,15.07,15.26,51500,7.63
2003-05-28,15.01,15.10,15.01,15.07,33800,7.54
2003-05-27,15.00,15.07,15.00,15.02,70100,7.51
2003-05-23,14.91,15.00,14.91,15.00,38400,7.50
2003-05-22,14.88,14.98,14.88,14.98,34400,7.49
2003-05-21,14.92,14.95,14.90,14.93,21000,7.47
2003-05-20,14.91,14.92,14.90,14.92,34900,7.46
2003-05-19,14.84,14.90,14.84,14.90,36000,7.45
2003-05-16,14.77,14.88,14.76,14.85,46900,7.43
2003-05-15,14.87,14.87,14.79,14.84,36400,7.42
2003-05-14,14.89,14.94,14.87,14.94,17200,7.47
2003-05-13,14.84,14.94,14.84,14.94,21800,7.47
2003-05-12,14.87,14.94,14.86,14.92,39000,7.42
2003-05-09,14.84,14.93,14.82,14.90,36300,7.41
2003-05-08,14.82,14.92,14.82,14.91,29400,7.42
2003-05-07,14.87,14.87,14.79,14.83,58000,7.38
2003-05-06,14.79,14.84,14.79,14.83,26500,7.38
2003-05-05,14.79,14.84,14.75,14.81,33800,7.37
2003-05-02,14.80,14.84,14.73,14.84,27900,7.38
2003-05-01,14.77,14.86,14.70,14.81,32000,7.37
2003-04-30,14.73,14.76,14.70,14.73,44300,7.33
2003-04-29,14.57,14.73,14.57,14.72,31000,7.32
2003-04-28,14.65,14.66,14.57,14.63,31300,7.28
2003-04-25,14.65,14.66,14.63,14.66,16700,7.29
2003-04-24,14.60,14.67,14.60,14.63,14300,7.28
2003-04-23,14.52,14.60,14.48,14.59,23400,7.26
2003-04-22,14.49,14.58,14.49,14.53,38000,7.23
2003-04-21,14.53,14.55,14.51,14.55,12100,7.24
2003-04-17,14.45,14.55,14.45,14.53,12300,7.23
2003-04-16,14.37,14.55,14.36,14.51,31100,7.22
2003-04-15,14.49,14.49,14.38,14.44,20000,7.18
2003-04-14,14.43,14.49,14.41,14.41,16900,7.17
2003-04-11,14.48,14.49,14.38,14.43,32400,7.18
2003-04-10,14.53,14.55,14.49,14.54,30800,7.19
2003-04-09,14.44,14.60,14.44,14.53,45000,7.19
2003-04-08,14.60,14.60,14.42,14.54,23300,7.19
2003-04-07,14.66,14.66,14.40,14.50,35000,7.17
2003-04-04,14.51,14.61,14.50,14.61,12400,7.23
2003-04-03,14.52,14.69,14.52,14.55,19500,7.20
2003-04-02,14.60,14.60,14.49,14.53,29100,7.19
2003-04-01,14.55,14.69,14.51,14.60,63000,7.22
2003-03-31,14.62,14.63,14.48,14.48,33300,7.16
2003-03-28,14.59,14.64,14.54,14.61,32200,7.23
2003-03-27,14.62,14.65,14.56,14.58,17000,7.21
2003-03-26,14.52,14.54,14.45,14.52,79500,7.18
2003-03-25,14.50,14.53,14.42,14.50,52400,7.17
2003-03-24,14.24,14.40,14.24,14.40,32800,7.12
2003-03-21,14.29,14.30,14.20,14.20,51600,7.02
2003-03-20,14.43,14.43,14.29,14.30,28900,7.07
2003-03-19,14.35,14.36,14.34,14.35,32600,7.10
2003-03-18,14.35,14.35,14.25,14.30,37900,7.07
2003-03-17,14.35,14.38,14.23,14.25,80300,7.05
2003-03-14,14.56,14.57,14.33,14.33,65300,7.09
2003-03-13,14.65,14.65,14.52,14.52,73900,7.18
2003-03-12,14.66,14.66,14.58,14.65,27500,7.25
2003-03-11,14.56,14.70,14.56,14.70,28600,7.23
2003-03-10,14.62,14.69,14.52,14.66,30400,7.21
2003-03-07,14.54,14.67,14.49,14.52,42000,7.14
2003-03-06,14.59,14.59,14.51,14.51,18100,7.14
2003-03-05,14.55,14.60,14.47,14.57,47400,7.17
2003-03-04,14.57,14.57,14.50,14.55,40400,7.16
2003-03-03,14.39,14.47,14.37,14.47,29400,7.12
2003-02-28,14.46,14.47,14.32,14.37,68000,7.07
2003-02-27,14.43,14.47,14.32,14.45,23600,7.11
2003-02-26,14.33,14.47,14.33,14.37,37600,7.07
2003-02-25,14.39,14.40,14.31,14.40,38500,7.08
2003-02-24,14.39,14.40,14.29,14.37,44500,7.07
2003-02-21,14.29,14.39,14.28,14.37,65700,7.07
2003-02-20,14.27,14.27,14.22,14.27,26500,7.02
2003-02-19,14.28,14.29,14.22,14.24,39700,7.01
2003-02-18,14.17,14.27,14.16,14.26,46900,7.02
2003-02-14,14.26,14.32,14.20,14.24,39600,7.01
2003-02-13,14.38,14.38,14.28,14.32,38700,7.04
2003-02-12,14.27,14.37,14.26,14.37,46600,7.07
2003-02-11,14.37,14.39,14.33,14.37,63400,7.03
2003-02-10,14.33,14.38,14.33,14.37,50300,7.03
2003-02-07,14.30,14.38,14.30,14.36,43900,7.02
2003-02-06,14.34,14.39,14.32,14.38,114900,7.03
2003-02-05,14.40,14.40,14.34,14.36,27500,7.02
2003-02-04,14.29,14.39,14.29,14.36,28100,7.02
2003-02-03,14.33,14.34,14.26,14.31,65400,7.00
2003-01-31,14.23,14.32,14.23,14.32,44400,7.00
2003-01-30,14.32,14.33,14.23,14.25,47200,6.97
2003-01-29,14.33,14.36,14.28,14.31,50600,7.00
2003-01-28,14.28,14.34,14.22,14.26,36900,6.98
2003-01-27,14.28,14.28,14.22,14.27,21700,6.98
2003-01-24,14.20,14.28,14.18,14.28,34100,6.99
2003-01-23,14.28,14.28,14.19,14.20,39600,6.95
2003-01-22,14.12,14.24,14.12,14.21,56500,6.95
2003-01-21,14.17,14.18,14.12,14.14,70000,6.92
2003-01-17,14.17,14.18,14.12,14.14,37100,6.92
2003-01-16,14.13,14.18,14.10,14.17,15700,6.93
2003-01-15,14.12,14.13,14.07,14.13,26700,6.91
2003-01-14,14.03,14.13,14.03,14.08,52000,6.89
2003-01-13,14.14,14.14,14.03,14.10,65100,6.90
2003-01-10,14.25,14.25,14.12,14.16,57000,6.89
2003-01-09,14.35,14.35,14.16,14.20,90600,6.91
2003-01-08,14.40,14.46,14.33,14.40,43200,7.00
2003-01-07,14.50,14.53,14.44,14.49,43300,7.05
2003-01-06,14.56,14.56,14.47,14.49,38100,7.05
2003-01-03,14.42,14.53,14.41,14.47,32700,7.04
2003-01-02,14.48,14.56,14.43,14.43,28800,7.02
2002-12-31,14.50,14.59,14.50,14.54,57600,7.07
2002-12-30,14.37,14.50,14.27,14.49,108200,7.05
2002-12-27,14.28,14.33,14.26,14.28,24700,6.95
2002-12-26,14.20,14.25,14.17,14.25,23500,6.93
2002-12-24,14.19,14.19,14.12,14.19,20300,6.90
2002-12-23,14.13,14.17,14.05,14.15,32800,6.88
2002-12-20,14.05,14.17,14.05,14.09,50600,6.85
2002-12-19,14.09,14.17,14.05,14.10,57500,6.86
2002-12-18,14.15,14.17,14.06,14.17,51000,6.89
2002-12-17,14.07,14.16,14.07,14.13,46000,6.87
2002-12-16,14.12,14.15,14.05,14.14,37800,6.88
2002-12-13,14.35,14.42,14.12,14.19,31800,6.90
2002-12-12,14.32,14.41,14.22,14.25,42300,6.93
2002-12-11,14.35,14.65,14.33,14.34,72500,6.97
2002-12-10,14.53,14.70,14.35,14.58,102700,7.00
2002-12-09,14.58,14.60,14.40,14.50,32300,6.96
2002-12-06,14.54,14.60,14.45,14.48,23000,6.95
2002-12-05,14.47,14.56,14.45,14.52,47000,6.97
2002-12-04,14.57,14.57,14.45,14.53,35500,6.98
2002-12-03,14.36,14.57,14.33,14.50,39100,6.96
2002-12-02,14.31,14.44,14.30,14.36,21300,6.90
2002-11-29,14.28,14.35,14.19,14.35,26300,6.89
2002-11-27,14.25,14.25,14.17,14.21,35700,6.82
2002-11-26,14.13,14.24,14.13,14.24,25400,6.84
2002-11-25,14.11,14.14,13.98,14.13,60400,6.78
2002-11-22,14.11,14.14,14.00,14.08,55400,6.76
2002-11-21,14.11,14.23,14.11,14.16,87500,6.80
2002-11-20,14.27,14.27,14.19,14.20,35600,6.82
2002-11-19,14.18,14.27,14.10,14.27,32600,6.85
2002-11-18,14.24,14.32,14.10,14.12,53800,6.78
2002-11-15,14.36,14.47,14.23,14.23,34700,6.83
2002-11-14,14.42,14.48,14.36,14.37,42200,6.90
2002-11-13,14.70,14.70,14.47,14.52,50100,6.97
2002-11-12,14.70,14.72,14.59,14.71,35500,7.02
2002-11-11,14.70,14.71,14.59,14.70,35100,7.02
2002-11-08,14.63,14.70,14.58,14.68,17200,7.01
2002-11-07,14.35,14.57,14.35,14.57,42600,6.96
2002-11-06,14.31,14.40,14.22,14.32,32100,6.84
2002-11-05,14.39,14.43,14.31,14.41,37400,6.88
2002-11-04,14.41,14.48,14.31,14.31,34000,6.83
2002-11-01,14.40,14.43,14.35,14.40,57800,6.88
2002-10-31,14.37,14.42,14.35,14.40,46600,6.88
2002-10-30,14.34,14.38,14.30,14.37,40400,6.86
2002-10-29,14.28,14.34,14.21,14.33,37300,6.84
2002-10-28,14.23,14.30,14.16,14.21,28200,6.79
2002-10-25,14.19,14.25,14.16,14.25,32100,6.80
2002-10-24,14.07,14.17,14.00,14.17,84000,6.77
2002-10-23,13.91,14.07,13.91,14.06,48300,6.71
2002-10-22,14.02,14.12,13.97,13.98,53800,6.68
2002-10-21,14.30,14.33,14.02,14.05,70500,6.71
2002-10-18,14.26,14.46,14.25,14.30,86900,6.83
2002-10-17,14.49,14.49,14.26,14.31,110600,6.83
2002-10-16,14.65,14.65,14.35,14.59,73200,6.97
2002-10-15,14.87,14.87,14.67,14.70,63500,7.02
2002-10-14,14.98,14.99,14.89,14.93,44600,7.13
2002-10-11,15.16,15.16,14.87,14.95,50600,7.14
2002-10-10,15.25,15.25,15.06,15.06,32900,7.19
2002-10-09,15.30,15.30,15.21,15.26,41500,7.25
2002-10-08,15.32,15.32,15.21,15.27,50300,7.25
2002-10-07,15.29,15.29,15.19,15.29,50300,7.26
2002-10-04,15.25,15.25,15.12,15.16,39800,7.20
2002-10-03,15.10,15.24,15.09,15.24,37900,7.24
2002-10-02,15.27,15.30,15.07,15.16,60600,7.20
2002-10-01,15.33,15.33,15.20,15.27,36600,7.25
2002-09-30,15.27,15.32,15.23,15.23,39000,7.23
2002-09-27,15.08,15.20,15.01,15.20,37300,7.22
2002-09-26,15.10,15.18,15.00,15.08,52700,7.16
2002-09-25,15.07,15.13,14.98,15.09,61800,7.17
2002-09-24,15.07,15.09,14.96,15.06,64200,7.15
2002-09-23,15.06,15.11,14.98,15.06,70800,7.15
2002-09-20,15.18,15.18,14.98,15.07,50500,7.16
2002-09-19,15.17,15.19,15.10,15.16,32800,7.20
2002-09-18,15.13,15.17,15.07,15.17,17100,7.21
2002-09-17,15.15,15.16,15.06,15.13,37800,7.19
2002-09-16,15.09,15.12,15.01,15.09,24400,7.17
2002-09-13,15.04,15.10,15.01,15.05,27100,7.15
2002-09-12,15.12,15.12,14.98,15.09,33000,7.17
2002-09-11,15.20,15.20,15.06,15.06,25800,7.15
2002-09-10,15.27,15.29,15.13,15.27,78900,7.21
2002-09-09,15.21,15.23,15.13,15.20,41100,7.18
2002-09-06,15.17,15.22,15.06,15.20,24700,7.18
2002-09-05,15.22,15.23,15.14,15.18,36300,7.17
2002-09-04,15.22,15.22,15.11,15.20,43000,7.18
2002-09-03,15.11,15.20,15.07,15.14,28400,7.15
2002-08-30,15.12,15.20,15.09,15.09,44300,7.13
2002-08-29,15.07,15.18,15.02,15.09,35100,7.13
2002-08-28,14.85,14.97,14.85,14.97,44300,7.07
2002-08-27,14.96,14.96,14.77,14.83,44700,7.01
2002-08-26,14.90,14.96,14.82,14.91,66200,7.04
2002-08-23,15.00,15.00,14.86,14.88,21900,7.03
2002-08-22,14.99,14.99,14.85,14.99,31200,7.08
2002-08-21,15.09,15.09,14.90,14.91,56100,7.04
2002-08-20,15.03,15.17,14.98,15.01,27800,7.09
2002-08-19,15.04,15.05,14.96,15.03,45600,7.10
2002-08-16,15.14,15.20,14.91,14.98,54100,7.08
2002-08-15,15.11,15.20,15.05,15.06,26100,7.12
2002-08-14,15.10,15.21,15.06,15.19,33500,7.18
2002-08-13,15.15,15.15,15.00,15.06,67800,7.12
2002-08-12,15.20,15.20,15.08,15.18,24900,7.13
2002-08-09,15.20,15.20,15.07,15.16,35400,7.12
2002-08-08,15.19,15.19,15.07,15.10,36400,7.10
2002-08-07,15.00,15.19,15.00,15.19,48300,7.14
2002-08-06,14.99,15.04,14.97,14.99,80000,7.04
2002-08-05,14.97,15.05,14.81,14.97,52100,7.04
2002-08-02,14.93,14.96,14.84,14.89,44300,7.00
2002-08-01,14.85,14.94,14.82,14.90,36800,7.00
2002-07-31,14.73,14.86,14.70,14.78,51700,6.95
2002-07-30,14.68,14.79,14.68,14.72,36400,6.92
2002-07-29,14.75,14.77,14.66,14.71,36400,6.91
2002-07-26,14.60,14.72,14.55,14.70,30000,6.91
2002-07-25,14.59,14.68,14.56,14.59,46900,6.86
2002-07-24,14.80,14.80,14.56,14.58,55100,6.85
2002-07-23,14.94,14.95,14.58,14.75,68300,6.93
2002-07-22,14.91,14.92,14.81,14.89,23100,7.00
2002-07-19,14.87,14.87,14.72,14.84,58700,6.97
2002-07-18,14.75,14.84,14.75,14.78,54500,6.95
2002-07-17,14.91,14.91,14.75,14.75,58000,6.93
2002-07-16,14.79,14.91,14.78,14.81,63200,6.96
2002-07-15,14.80,14.94,14.77,14.80,55500,6.96
2002-07-12,14.75,14.94,14.75,14.78,72400,6.95
2002-07-11,14.76,14.88,14.67,14.80,79400,6.96
2002-07-10,14.87,14.94,14.81,14.85,61200,6.94
2002-07-09,14.85,14.93,14.80,14.93,74900,6.98
2002-07-08,14.91,15.09,14.91,14.91,72000,6.97
2002-07-05,14.95,15.07,14.92,15.01,24200,7.02
2002-07-03,14.93,15.02,14.85,14.95,63100,6.99
2002-07-02,14.75,14.85,14.70,14.80,45800,6.92
2002-07-01,14.75,14.76,14.65,14.68,36900,6.86
2002-06-28,14.75,14.79,14.66,14.71,43900,6.88
2002-06-27,14.69,14.74,14.64,14.70,66300,6.87
2002-06-26,14.56,14.69,14.56,14.68,54300,6.86
2002-06-25,14.57,14.59,14.48,14.55,65200,6.80
2002-06-24,14.56,14.58,14.52,14.55,33500,6.80
2002-06-21,14.51,14.54,14.48,14.54,56300,6.80
2002-06-20,14.55,14.57,14.47,14.54,64400,6.80
2002-06-19,14.54,14.61,14.50,14.54,19400,6.80
2002-06-18,14.54,14.54,14.43,14.51,21700,6.78
2002-06-17,14.54,14.58,14.47,14.47,35100,6.76
2002-06-14,14.64,14.64,14.48,14.54,64100,6.80
2002-06-13,14.69,14.69,14.54,14.61,35400,6.83
2002-06-12,14.61,14.64,14.54,14.64,28700,6.84
2002-06-11,14.67,14.72,14.60,14.68,38400,6.82
2002-06-10,14.61,14.66,14.57,14.63,43600,6.80
2002-06-07,14.59,14.62,14.52,14.55,70200,6.76
2002-06-06,14.60,14.66,14.59,14.59,43000,6.78
2002-06-05,14.66,14.66,14.57,14.60,34100,6.79
2002-06-04,14.65,14.66,14.53,14.56,50800,6.77
2002-06-03,14.64,14.67,14.52,14.55,35900,6.76
2002-05-31,14.62,14.72,14.58,14.58,52500,6.78
2002-05-30,14.67,14.71,14.53,14.53,41300,6.75
2002-05-29,14.58,14.68,14.54,14.62,43200,6.80
2002-05-28,14.55,14.56,14.49,14.53,17100,6.75
2002-05-24,14.45,14.55,14.45,14.50,24600,6.74
2002-05-23,14.55,14.56,14.46,14.46,18800,6.72
2002-05-22,14.44,14.59,14.36,14.52,41500,6.75
2002-05-21,14.41,14.44,14.34,14.43,47500,6.71
2002-05-20,14.59,14.59,14.37,14.42,40300,6.70
2002-05-17,14.54,14.55,14.46,14.55,21000,6.76
2002-05-16,14.47,14.58,14.47,14.50,45300,6.74
2002-05-15,14.46,14.46,14.28,14.44,68200,6.71
2002-05-14,14.46,14.54,14.35,14.46,55800,6.72
2002-05-13,14.47,14.51,14.43,14.51,26600,6.74
2002-05-10,14.50,14.51,14.43,14.48,27500,6.69
2002-05-09,14.60,14.60,14.43,14.48,26200,6.69
2002-05-08,14.60,14.60,14.50,14.56,29900,6.73
2002-05-07,14.43,14.67,14.43,14.66,41900,6.78
2002-05-06,14.49,14.49,14.43,14.44,28400,6.67
2002-05-03,14.43,14.47,14.38,14.42,19100,6.67
2002-05-02,14.45,14.45,14.35,14.41,44700,6.66
2002-05-01,14.49,14.50,14.42,14.48,24500,6.69
2002-04-30,14.47,14.47,14.39,14.42,42500,6.67
2002-04-29,14.23,14.45,14.23,14.45,54700,6.68
2002-04-26,14.19,14.24,14.12,14.23,28900,6.58
2002-04-25,14.11,14.18,14.09,14.13,38300,6.53
2002-04-24,14.20,14.20,14.10,14.15,74200,6.54
2002-04-23,14.18,14.25,14.15,14.16,102900,6.55
2002-04-22,14.14,14.24,14.02,14.24,42600,6.58
2002-04-19,14.11,14.13,14.03,14.05,45600,6.49
2002-04-18,14.12,14.13,14.05,14.05,98200,6.49
2002-04-17,14.12,14.16,14.06,14.07,87900,6.50
2002-04-16,14.16,14.24,14.10,14.10,49200,6.52
2002-04-15,14.32,14.33,14.18,14.19,31300,6.56
2002-04-12,14.31,14.31,14.21,14.28,33500,6.60
2002-04-11,14.30,14.31,14.21,14.24,30100,6.58
2002-04-10,14.31,14.39,14.27,14.32,43900,6.58
2002-04-09,14.26,14.32,14.18,14.30,68400,6.57
2002-04-08,14.33,14.37,14.28,14.29,37000,6.57
2002-04-05,14.27,14.33,14.27,14.29,25000,6.57
2002-04-04,14.30,14.30,14.21,14.28,35000,6.56
2002-04-03,14.21,14.36,14.20,14.30,83200,6.57
2002-04-02,14.24,14.30,14.16,14.21,38800,6.53
2002-04-01,14.12,14.23,14.06,14.20,56800,6.53
2002-03-28,14.14,14.14,14.04,14.11,35100,6.49
2002-03-27,14.14,14.14,14.04,14.07,55000,6.47
2002-03-26,13.95,14.08,13.91,14.08,25400,6.47
2002-03-25,14.02,14.04,13.88,13.92,49100,6.40
2002-03-22,13.80,14.00,13.77,14.00,54300,6.43
2002-03-21,13.98,14.04,13.80,13.80,26700,6.34
2002-03-20,13.92,13.99,13.77,13.94,43600,6.41
2002-03-19,13.98,14.00,13.92,13.93,53000,6.40
2002-03-18,14.09,14.19,14.00,14.00,58600,6.43
2002-03-15,14.12,14.14,14.07,14.12,47200,6.49
2002-03-14,14.39,14.39,14.18,14.20,42900,6.53
2002-03-13,14.39,14.39,14.26,14.31,33900,6.58
2002-03-12,14.39,14.40,14.32,14.39,41200,6.58
2002-03-11,14.16,14.36,14.16,14.31,59900,6.54
2002-03-08,14.60,14.67,14.26,14.42,59800,6.59
2002-03-07,14.60,14.70,14.60,14.69,54900,6.71
2002-03-06,14.71,14.72,14.63,14.67,39700,6.71
2002-03-05,14.72,14.78,14.66,14.66,38500,6.70
2002-03-04,14.74,14.80,14.66,14.80,43000,6.76
2002-03-01,14.78,14.79,14.65,14.72,48900,6.73
2002-02-28,14.77,14.78,14.70,14.71,29000,6.72
2002-02-27,14.71,14.78,14.69,14.70,100100,6.72
2002-02-26,14.77,14.78,14.65,14.71,37100,6.72
2002-02-25,14.72,14.79,14.72,14.72,37100,6.73
2002-02-22,14.73,14.73,14.66,14.67,32900,6.71
2002-02-21,14.66,14.66,14.58,14.63,20400,6.69
2002-02-20,14.67,14.74,14.59,14.67,35000,6.71
2002-02-19,14.78,14.78,14.67,14.67,45300,6.71
2002-02-15,14.78,14.79,14.70,14.70,31800,6.72
2002-02-14,14.66,14.78,14.62,14.78,78900,6.76
2002-02-13,14.64,14.76,14.51,14.76,98100,6.75
2002-02-12,14.67,14.73,14.62,14.73,34200,6.70
2002-02-11,14.74,14.74,14.58,14.60,58200,6.64
2002-02-08,14.69,14.73,14.68,14.73,19100,6.70
2002-02-07,14.67,14.73,14.64,14.70,36700,6.68
2002-02-06,14.70,14.70,14.68,14.68,20500,6.67
2002-02-05,14.68,14.77,14.64,14.70,45200,6.68
2002-02-04,14.65,14.78,14.64,14.74,59200,6.70
2002-02-01,14.67,14.72,14.61,14.65,32000,6.66
2002-01-31,14.56,14.64,14.52,14.64,41400,6.66
2002-01-30,14.45,14.58,14.45,14.57,87800,6.62
2002-01-29,14.50,14.52,14.43,14.52,42200,6.60
2002-01-28,14.33,14.47,14.33,14.46,29600,6.57
2002-01-25,14.42,14.46,14.32,14.32,38300,6.51
2002-01-24,14.45,14.50,14.41,14.43,47300,6.56
2002-01-23,14.41,14.47,14.39,14.41,41900,6.55
2002-01-22,14.45,14.47,14.33,14.43,51600,6.56
2002-01-18,14.35,14.44,14.31,14.40,64800,6.55
2002-01-17,14.31,14.34,14.24,14.34,50600,6.52
2002-01-16,14.34,14.35,14.29,14.35,57500,6.52
2002-01-15,14.39,14.40,14.29,14.33,35700,6.52
2002-01-14,14.39,14.40,14.21,14.36,60900,6.53
2002-01-11,14.38,14.38,14.23,14.38,61300,6.54
2002-01-10,14.24,14.35,14.20,14.35,37100,6.49
2002-01-09,14.18,14.33,14.18,14.28,47500,6.46
2002-01-08,14.21,14.26,14.13,14.26,22700,6.45
2002-01-07,14.10,14.21,14.06,14.21,16300,6.43
2002-01-04,14.05,14.10,14.01,14.07,21900,6.36
2002-01-03,13.95,14.04,13.91,14.04,46800,6.35
2002-01-02,13.92,14.02,13.92,13.94,17500,6.30
2001-12-31,13.88,13.99,13.82,13.99,60100,6.33
2001-12-28,13.92,13.92,13.80,13.89,88100,6.28
2001-12-27,13.74,13.95,13.74,13.86,77900,6.27
2001-12-26,13.71,13.93,13.71,13.78,82700,6.23
2001-12-24,13.80,13.84,13.77,13.81,24100,6.24
2001-12-21,13.75,13.90,13.63,13.75,90600,6.22
2001-12-20,13.84,13.84,13.71,13.75,28500,6.22
2001-12-19,13.75,13.89,13.75,13.77,32900,6.23
2001-12-18,13.86,13.87,13.73,13.80,54400,6.24
2001-12-17,13.84,13.88,13.62,13.76,71200,6.22
2001-12-14,13.84,13.87,13.79,13.84,59100,6.26
2001-12-13,14.04,14.10,13.84,13.89,56300,6.28
2001-12-12,14.06,14.25,14.01,14.16,37300,6.40
2001-12-11,14.10,14.14,14.00,14.09,51600,6.31
2001-12-10,14.20,14.21,14.00,14.01,56400,6.28
2001-12-07,14.36,14.37,14.14,14.14,62800,6.34
2001-12-06,14.37,14.37,14.24,14.25,32200,6.39
2001-12-05,14.62,14.62,14.23,14.36,79400,6.44
2001-12-04,14.47,14.69,14.47,14.64,46500,6.56
2001-12-03,14.47,14.52,14.41,14.44,43500,6.47
2001-11-30,14.48,14.48,14.38,14.46,64500,6.48
2001-11-29,14.46,14.47,14.34,14.47,98400,6.48
2001-11-28,14.33,14.47,14.32,14.38,73300,6.44
2001-11-27,14.37,14.47,14.32,14.43,50700,6.47
2001-11-26,14.45,14.45,14.34,14.38,41500,6.44
2001-11-23,14.47,14.48,14.36,14.40,18500,6.45
2001-11-21,14.49,14.49,14.35,14.40,37200,6.45
2001-11-20,14.40,14.48,14.31,14.48,86300,6.49
2001-11-19,14.52,14.56,14.40,14.42,32000,6.46
2001-11-16,14.61,14.61,14.46,14.51,40700,6.50
2001-11-15,14.77,14.77,14.57,14.61,51900,6.55
2001-11-14,14.73,14.90,14.73,14.78,49600,6.62
2001-11-13,14.85,14.86,14.70,14.74,31000,6.61
2001-11-12,14.84,14.90,14.84,14.90,28200,6.64
2001-11-09,14.87,14.90,14.81,14.88,30100,6.63
2001-11-08,14.91,14.92,14.73,14.84,41900,6.62
2001-11-07,14.90,14.92,14.85,14.91,18600,6.65
2001-11-06,14.83,14.87,14.76,14.87,42300,6.63
2001-11-05,14.78,14.82,14.73,14.81,31700,6.60
2001-11-02,14.72,14.78,14.66,14.68,48500,6.54
2001-11-01,14.69,14.73,14.63,14.72,39800,6.56
2001-10-31,14.58,14.67,14.55,14.61,32600,6.51
2001-10-30,14.50,14.58,14.44,14.58,79200,6.50
2001-10-29,14.68,14.70,14.46,14.52,55800,6.47
2001-10-26,14.64,14.65,14.56,14.65,20600,6.53
2001-10-25,14.50,14.60,14.47,14.60,21500,6.51
2001-10-24,14.59,14.59,14.48,14.48,17900,6.46
2001-10-23,14.49,14.59,14.41,14.53,48600,6.48
2001-10-22,14.47,14.58,14.47,14.51,32300,6.47
2001-10-19,14.50,14.59,14.48,14.50,35300,6.46
2001-10-18,14.43,14.49,14.40,14.49,19700,6.46
2001-10-17,14.35,14.42,14.32,14.42,20200,6.43
2001-10-16,14.40,14.40,14.32,14.40,37100,6.42
2001-10-15,14.48,14.48,14.31,14.40,52900,6.42
2001-10-12,14.57,14.60,14.40,14.46,34000,6.45
2001-10-11,14.69,14.69,14.51,14.59,43700,6.50
2001-10-10,14.66,14.74,14.61,14.68,43100,6.51
2001-10-09,14.90,14.90,14.66,14.70,40300,6.52
2001-10-08,14.93,14.93,14.83,14.92,11600,6.62
2001-10-05,14.93,14.93,14.79,14.86,20600,6.59
2001-10-04,14.86,14.93,14.79,14.88,22600,6.60
2001-10-03,14.79,14.85,14.67,14.85,42500,6.59
2001-10-02,14.62,14.84,14.62,14.79,106300,6.56
2001-10-01,14.69,14.70,14.58,14.66,56300,6.50
2001-09-28,14.49,14.64,14.49,14.62,59300,6.48
2001-09-27,14.32,14.48,14.30,14.47,20300,6.42
2001-09-26,14.21,14.32,14.21,14.27,32400,6.33
2001-09-25,13.91,14.34,13.91,14.21,60200,6.30
2001-09-24,13.63,14.00,13.63,13.97,54100,6.20
2001-09-21,13.80,13.80,13.43,13.75,88900,6.10
2001-09-20,14.05,14.12,13.76,13.76,114000,6.10
2001-09-19,14.50,14.50,13.70,14.00,82900,6.21
2001-09-18,14.68,14.76,14.56,14.59,75600,6.47
2001-09-17,14.90,14.93,14.70,14.74,71500,6.54
2001-09-10,14.87,14.91,14.82,14.89,29700,6.60
2001-09-07,14.90,14.90,14.80,14.86,43000,6.59
2001-09-06,14.90,14.90,14.79,14.89,24900,6.60
2001-09-05,14.70,14.92,14.70,14.85,50500,6.59
2001-09-04,14.93,14.93,14.73,14.76,56400,6.55
2001-08-31,14.94,14.95,14.87,14.88,51200,6.60
2001-08-30,14.88,14.94,14.80,14.87,35700,6.59
2001-08-29,14.76,14.84,14.72,14.84,38600,6.58
2001-08-28,14.70,14.81,14.70,14.73,47400,6.53
2001-08-27,14.80,14.80,14.63,14.73,48700,6.53
2001-08-24,14.80,14.83,14.74,14.76,19100,6.55
2001-08-23,14.72,14.80,14.72,14.75,20900,6.54
2001-08-22,14.87,14.87,14.71,14.72,38000,6.53
2001-08-21,14.88,14.89,14.78,14.78,31600,6.55
2001-08-20,14.78,14.88,14.78,14.81,36500,6.57
2001-08-17,14.85,14.85,14.71,14.78,18500,6.55
2001-08-16,14.90,14.90,14.76,14.85,47500,6.59
2001-08-15,14.86,14.94,14.81,14.88,41900,6.60
2001-08-14,14.86,14.87,14.76,14.84,38800,6.58
2001-08-13,14.86,14.87,14.72,14.86,32400,6.59
2001-08-10,14.82,14.90,14.80,14.87,18800,6.56
2001-08-09,14.79,14.89,14.75,14.76,20700,6.51
2001-08-08,14.74,14.77,14.70,14.76,29300,6.51
2001-08-07,14.71,14.74,14.64,14.71,15100,6.49
2001-08-06,14.67,14.74,14.62,14.63,18800,6.46
2001-08-03,14.62,14.68,14.56,14.59,25600,6.44
2001-08-02,14.61,14.64,14.51,14.62,54700,6.45
2001-08-01,14.68,14.72,14.61,14.67,36800,6.47
2001-07-31,14.65,14.66,14.50,14.60,33400,6.44
2001-07-30,14.52,14.74,14.52,14.61,70700,6.45
2001-07-27,14.53,14.62,14.46,14.59,26000,6.44
2001-07-26,14.52,14.53,14.41,14.49,35500,6.39
2001-07-25,14.49,14.55,14.37,14.47,53300,6.38
2001-07-24,14.44,14.49,14.29,14.41,55800,6.36
2001-07-23,14.40,14.46,14.37,14.37,31300,6.34
2001-07-20,14.51,14.51,14.38,14.38,26900,6.35
2001-07-19,14.42,14.50,14.37,14.43,41500,6.37
2001-07-18,14.42,14.49,14.37,14.40,38900,6.35
2001-07-17,14.38,14.45,14.35,14.42,80900,6.36
2001-07-16,14.44,14.49,14.38,14.38,44900,6.35
2001-07-13,14.55,14.55,14.35,14.38,79500,6.35
2001-07-12,14.69,14.70,14.48,14.50,65700,6.40
2001-07-11,14.74,14.78,14.66,14.68,47500,6.48
2001-07-10,14.69,14.76,14.65,14.76,32900,6.48
2001-07-09,14.61,14.69,14.56,14.63,28100,6.42
2001-07-06,14.50,14.63,14.50,14.57,40400,6.40
2001-07-05,14.53,14.54,14.43,14.48,52900,6.36
2001-07-03,14.50,14.55,14.46,14.53,25000,6.38
2001-07-02,14.53,14.53,14.47,14.53,30500,6.38
2001-06-29,14.50,14.51,14.46,14.51,17600,6.37
2001-06-28,14.46,14.50,14.40,14.46,46200,6.35
2001-06-27,14.40,14.52,14.40,14.40,35700,6.32
2001-06-26,14.45,14.50,14.40,14.43,28700,6.33
2001-06-25,14.54,14.55,14.37,14.37,35200,6.31
2001-06-22,14.50,14.52,14.39,14.48,25400,6.36
2001-06-21,14.49,14.54,14.42,14.50,53500,6.37
2001-06-20,14.35,14.45,14.35,14.45,41800,6.34
2001-06-19,14.29,14.40,14.27,14.29,35400,6.27
2001-06-18,14.25,14.37,14.24,14.37,25100,6.31
2001-06-15,14.24,14.26,14.18,14.23,26300,6.25
2001-06-14,14.30,14.36,14.17,14.21,49700,6.24
2001-06-13,14.41,14.41,14.24,14.26,36300,6.26
2001-06-12,14.45,14.48,14.37,14.37,24800,6.28
2001-06-11,14.40,14.45,14.35,14.38,28400,6.28
2001-06-08,14.49,14.49,14.34,14.36,20500,6.27
2001-06-07,14.42,14.49,14.40,14.49,14200,6.33
2001-06-06,14.46,14.49,14.40,14.40,29400,6.29
2001-06-05,14.38,14.46,14.28,14.40,44200,6.29
2001-06-04,14.30,14.44,14.29,14.29,34100,6.24
2001-06-01,14.34,14.43,14.26,14.26,32000,6.23
2001-05-31,14.25,14.35,14.15,14.18,24400,6.19
2001-05-30,14.21,14.31,14.14,14.15,57700,6.18
2001-05-29,14.15,14.20,14.06,14.20,45200,6.20
2001-05-25,14.17,14.17,14.07,14.12,15000,6.17
2001-05-24,14.10,14.20,14.07,14.07,43200,6.14
2001-05-23,14.20,14.20,14.04,14.06,29300,6.14
2001-05-22,14.12,14.20,14.09,14.19,19200,6.20
2001-05-21,14.19,14.19,14.10,14.12,21100,6.17
2001-05-18,14.18,14.27,14.12,14.12,24800,6.17
2001-05-17,14.15,14.20,14.12,14.20,29900,6.20
2001-05-16,14.16,14.22,14.11,14.11,26000,6.16
2001-05-15,14.30,14.30,14.15,14.20,43100,6.20
2001-05-14,14.24,14.29,14.23,14.27,17300,6.23
2001-05-11,14.19,14.31,14.15,14.29,45500,6.24
2001-05-10,14.29,14.31,14.20,14.25,44000,6.19
2001-05-09,14.34,14.36,14.19,14.22,43100,6.18
2001-05-08,14.34,14.35,14.28,14.33,15300,6.23
2001-05-07,14.24,14.34,14.24,14.33,37200,6.23
2001-05-04,14.25,14.30,14.25,14.30,21500,6.21
2001-05-03,14.27,14.27,14.20,14.20,11800,6.17
2001-05-02,14.34,14.34,14.19,14.27,29700,6.20
2001-05-01,14.27,14.28,14.19,14.28,18300,6.20
2001-04-30,14.33,14.36,14.20,14.20,45700,6.17
2001-04-27,14.36,14.43,14.29,14.29,27800,6.21
2001-04-26,14.41,14.44,14.35,14.36,72900,6.24
2001-04-25,14.41,14.41,14.32,14.38,37600,6.25
2001-04-24,14.34,14.40,14.30,14.40,18200,6.26
2001-04-23,14.30,14.34,14.22,14.25,37200,6.19
2001-04-20,14.26,14.30,14.19,14.26,24300,6.20
2001-04-19,14.30,14.30,14.18,14.22,32700,6.18
2001-04-18,14.18,14.25,14.15,14.19,27700,6.17
2001-04-17,14.16,14.18,14.12,14.18,10500,6.16
2001-04-16,14.02,14.14,13.98,14.14,39000,6.14
2001-04-12,14.12,14.16,14.06,14.09,12000,6.12
2001-04-11,14.06,14.12,13.99,14.12,18000,6.13
2001-04-10,14.02,14.11,13.89,14.00,59400,6.08
2001-04-09,14.20,14.22,14.09,14.10,26000,6.09
2001-04-06,14.15,14.26,14.15,14.20,41100,6.14
2001-04-05,14.15,14.22,14.10,14.15,34400,6.12
2001-04-04,14.15,14.22,14.05,14.22,23100,6.15
2001-04-03,14.14,14.15,14.01,14.14,27200,6.11
2001-04-02,14.04,14.14,14.03,14.08,27500,6.09
2001-03-30,13.96,14.04,13.92,14.03,32500,6.06
2001-03-29,13.92,13.92,13.86,13.90,48300,6.01
2001-03-28,13.92,13.92,13.75,13.86,57100,5.99
2001-03-27,13.94,13.98,13.81,13.92,52100,6.02
2001-03-26,14.13,14.14,13.92,13.97,29400,6.04
2001-03-23,14.15,14.15,14.05,14.12,19200,6.10
2001-03-22,14.46,14.47,14.09,14.22,32100,6.15
2001-03-21,14.46,14.51,14.40,14.40,33600,6.22
2001-03-20,14.34,14.53,14.34,14.46,66500,6.25
2001-03-19,14.40,14.45,14.27,14.43,52500,6.24
2001-03-16,14.26,14.44,14.26,14.35,48900,6.20
2001-03-15,14.28,14.33,14.21,14.26,10800,6.16
2001-03-14,14.30,14.30,14.17,14.26,28600,6.16
2001-03-13,14.30,14.34,14.20,14.34,78400,6.20
2001-03-12,14.52,14.59,14.38,14.48,30400,6.23
2001-03-09,14.56,14.58,14.48,14.53,32600,6.25
2001-03-08,14.54,14.64,14.54,14.57,37800,6.27
2001-03-07,14.60,14.63,14.52,14.60,41800,6.28
2001-03-06,14.45,14.60,14.45,14.60,69000,6.28
2001-03-05,14.44,14.51,14.43,14.46,28700,6.22
2001-03-02,14.45,14.50,14.44,14.50,70600,6.24
2001-03-01,14.50,14.50,14.42,14.46,20900,6.22
2001-02-28,14.49,14.50,14.44,14.50,22800,6.24
2001-02-27,14.44,14.50,14.42,14.49,26800,6.23
2001-02-26,14.35,14.43,14.31,14.43,31300,6.21
2001-02-23,14.20,14.34,14.20,14.34,35700,6.17
2001-02-22,14.21,14.30,14.21,14.25,19200,6.13
2001-02-21,14.30,14.34,14.23,14.23,27700,6.12
2001-02-20,14.15,14.32,14.15,14.30,50900,6.15
2001-02-16,14.20,14.29,14.18,14.21,25200,6.11
2001-02-15,14.29,14.35,14.26,14.30,22500,6.15
2001-02-14,14.35,14.40,14.31,14.36,70500,6.18
2001-02-13,14.38,14.39,14.32,14.35,45300,6.17
2001-02-12,14.42,14.50,14.39,14.45,37700,6.18
2001-02-09,14.37,14.50,14.37,14.46,44200,6.19
2001-02-08,14.60,14.64,14.40,14.40,73200,6.16
2001-02-07,14.70,14.70,14.61,14.62,18600,6.26
2001-02-06,14.78,14.82,14.67,14.74,28800,6.31
2001-02-05,14.80,14.83,14.76,14.76,17600,6.32
2001-02-02,14.90,14.91,14.80,14.81,25900,6.34
2001-02-01,14.90,14.93,14.78,14.93,54300,6.39
2001-01-31,14.78,14.92,14.75,14.85,76800,6.35
2001-01-30,14.55,14.75,14.55,14.75,54400,6.31
2001-01-29,14.38,14.63,14.38,14.60,51500,6.25
2001-01-26,14.44,14.56,14.44,14.44,33000,6.18
2001-01-25,14.38,14.50,14.38,14.44,135800,6.18
2001-01-24,14.31,14.38,14.25,14.31,31500,6.12
2001-01-23,14.50,14.56,14.31,14.44,42500,6.18
2001-01-22,14.62,14.69,14.50,14.56,41600,6.23
2001-01-19,14.69,14.81,14.56,14.56,57800,6.23
2001-01-18,14.56,14.69,14.56,14.69,68100,6.28
2001-01-17,14.44,14.62,14.44,14.62,67500,6.26
2001-01-16,14.38,14.50,14.19,14.44,66700,6.18
2001-01-12,14.44,14.50,14.31,14.38,40200,6.15
2001-01-11,14.56,14.69,14.50,14.50,44100,6.20
2001-01-10,14.56,14.69,14.50,14.56,54400,6.23
2001-01-09,14.56,14.62,14.50,14.62,94000,6.23
2001-01-08,14.31,14.62,14.31,14.62,73700,6.23
2001-01-05,14.19,14.38,14.19,14.31,38300,6.09
2001-01-04,14.12,14.31,14.12,14.19,50600,6.04
2001-01-03,14.00,14.31,14.00,14.25,74800,6.07
2001-01-02,13.62,14.00,13.56,13.94,127200,5.93
2000-12-29,13.75,13.88,13.38,13.62,209800,5.80
2000-12-28,13.88,14.12,13.75,13.75,121800,5.85
2000-12-27,13.94,14.50,13.75,14.00,126900,5.96
2000-12-26,13.75,13.88,13.69,13.88,51900,5.91
2000-12-22,13.44,13.75,13.31,13.75,145100,5.85
2000-12-21,13.56,13.56,13.38,13.50,135700,5.75
2000-12-20,13.44,13.56,13.38,13.56,91700,5.77
2000-12-19,13.50,13.50,13.31,13.50,85100,5.75
2000-12-18,13.38,13.62,13.38,13.38,137700,5.69
2000-12-15,13.31,13.50,13.31,13.44,123600,5.72
2000-12-14,13.19,13.31,13.12,13.31,120700,5.67
2000-12-13,13.00,13.25,13.00,13.25,85800,5.64
2000-12-12,13.12,13.19,13.00,13.12,88600,5.56
2000-12-11,13.06,13.12,13.00,13.12,77600,5.56
2000-12-08,13.12,13.12,13.00,13.03,84000,5.52
2000-12-07,13.06,13.12,13.06,13.06,47200,5.53
2000-12-06,13.12,13.12,13.06,13.06,75800,5.53
2000-12-05,13.06,13.12,13.00,13.06,87300,5.53
2000-12-04,13.12,13.19,13.06,13.12,78700,5.56
2000-12-01,13.06,13.19,13.00,13.12,48600,5.56
2000-11-30,13.12,13.19,13.00,13.06,86900,5.53
2000-11-29,13.06,13.12,13.00,13.06,67100,5.53
2000-11-28,13.06,13.12,13.00,13.06,56200,5.53
2000-11-27,13.06,13.12,13.00,13.00,62400,5.50
2000-11-24,13.06,13.12,13.06,13.06,10400,5.53
2000-11-22,12.94,13.06,12.94,13.06,46400,5.53
2000-11-21,12.94,13.06,12.88,12.88,66300,5.45
2000-11-20,13.00,13.06,13.00,13.00,39500,5.50
2000-11-17,13.06,13.16,13.00,13.06,57000,5.53
2000-11-16,13.12,13.19,13.06,13.06,43500,5.53
2000-11-15,13.19,13.19,13.06,13.12,57100,5.56
2000-11-14,13.12,13.19,13.06,13.19,89800,5.58
2000-11-13,13.31,13.38,13.12,13.12,68200,5.56
2000-11-10,13.44,13.50,13.38,13.38,26900,5.63
2000-11-09,13.50,13.56,13.44,13.50,19000,5.68
2000-11-08,13.62,13.69,13.50,13.62,52100,5.74
2000-11-07,13.62,13.69,13.50,13.56,36400,5.71
2000-11-06,13.50,13.62,13.50,13.56,36600,5.71
2000-11-03,13.56,13.62,13.50,13.50,35300,5.68
2000-11-02,13.50,13.62,13.44,13.50,75800,5.68
2000-11-01,13.38,13.50,13.38,13.41,19000,5.64
2000-10-31,13.25,13.38,13.12,13.25,61900,5.58
2000-10-30,13.12,13.25,13.06,13.19,43600,5.55
2000-10-27,13.00,13.25,13.00,13.12,66700,5.53
2000-10-26,13.19,13.19,13.00,13.00,46600,5.47
2000-10-25,13.19,13.31,13.06,13.12,49200,5.53
2000-10-24,13.06,13.25,13.00,13.25,43700,5.58
2000-10-23,13.00,13.12,12.94,13.09,38900,5.51
2000-10-20,12.88,13.00,12.88,13.00,22900,5.47
2000-10-19,13.00,13.00,12.88,12.94,43100,5.45
2000-10-18,12.75,12.94,12.69,12.88,65600,5.42
2000-10-17,13.12,13.12,12.75,12.81,75600,5.39
2000-10-16,13.12,13.19,13.06,13.12,27900,5.53
2000-10-13,13.12,13.19,13.06,13.19,43000,5.55
2000-10-12,13.19,13.25,13.12,13.12,57700,5.53
2000-10-11,13.00,13.19,12.94,13.12,54500,5.53
2000-10-10,13.31,13.31,13.06,13.06,55500,5.47
2000-10-09,13.31,13.38,13.19,13.19,31900,5.52
2000-10-06,13.56,13.56,13.31,13.31,86500,5.57
2000-10-05,13.50,13.56,13.50,13.50,29700,5.65
2000-10-04,13.56,13.56,13.50,13.50,84700,5.65
2000-10-03,13.56,13.69,13.56,13.56,32800,5.68
2000-10-02,13.56,13.69,13.56,13.56,30300,5.68
2000-09-29,13.62,13.69,13.62,13.62,27600,5.70
2000-09-28,13.56,13.75,13.56,13.62,63700,5.70
2000-09-27,13.75,13.75,13.56,13.56,18800,5.68
2000-09-26,13.69,13.75,13.62,13.69,52700,5.73
2000-09-25,13.62,13.69,13.56,13.56,15300,5.68
2000-09-22,13.62,13.69,13.56,13.62,42100,5.70
2000-09-21,13.56,13.69,13.56,13.62,49300,5.70
2000-09-20,13.69,13.75,13.56,13.56,50500,5.68
2000-09-19,13.56,13.69,13.56,13.62,32600,5.70
2000-09-18,13.62,13.69,13.56,13.56,54900,5.68
2000-09-15,13.69,13.75,13.56,13.62,40000,5.70
2000-09-14,13.88,13.94,13.75,13.75,32500,5.76
2000-09-13,14.06,14.12,13.88,13.88,32700,5.81
2000-09-12,14.00,14.25,14.00,14.25,58800,5.93
2000-09-11,14.00,14.00,13.94,14.00,34100,5.83
2000-09-08,13.88,14.00,13.75,14.00,50800,5.83
2000-09-07,13.88,13.94,13.75,13.94,31400,5.80
2000-09-06,13.69,13.88,13.62,13.88,33300,5.78
2000-09-05,13.62,13.75,13.56,13.69,55700,5.70
2000-09-01,13.56,13.69,13.56,13.62,63100,5.67
2000-08-31,13.62,13.62,13.56,13.56,20200,5.65
2000-08-30,13.62,13.62,13.50,13.62,52300,5.67
2000-08-29,13.56,13.62,13.56,13.56,15100,5.65
2000-08-28,13.62,13.62,13.56,13.56,23300,5.65
2000-08-25,13.56,13.69,13.50,13.62,38100,5.67
2000-08-24,13.56,13.69,13.56,13.69,37000,5.70
2000-08-23,13.50,13.62,13.50,13.62,45300,5.67
2000-08-22,13.50,13.56,13.50,13.56,34500,5.65
2000-08-21,13.44,13.62,13.44,13.56,59400,5.65
2000-08-18,13.38,13.56,13.38,13.50,56200,5.62
2000-08-17,13.38,13.50,13.38,13.44,53300,5.60
2000-08-16,13.38,13.50,13.38,13.44,45000,5.60
2000-08-15,13.38,13.50,13.38,13.50,34700,5.62
2000-08-14,13.44,13.50,13.25,13.44,40900,5.60
2000-08-11,13.31,13.44,13.25,13.38,42500,5.57
2000-08-10,13.44,13.56,13.44,13.44,61500,5.57
2000-08-09,13.44,13.50,13.44,13.50,39100,5.59
2000-08-08,13.38,13.50,13.38,13.50,38500,5.59
2000-08-07,13.25,13.44,13.25,13.38,36400,5.54
2000-08-04,13.25,13.38,13.19,13.31,26200,5.51
2000-08-03,13.25,13.31,13.19,13.25,19000,5.49
2000-08-02,13.25,13.25,13.12,13.12,31000,5.44
2000-08-01,13.19,13.25,13.12,13.19,82400,5.46
2000-07-31,13.25,13.38,13.12,13.19,103700,5.46
2000-07-28,13.25,13.31,13.19,13.25,59500,5.49
2000-07-27,13.31,13.31,13.12,13.25,44500,5.49
2000-07-26,13.12,13.31,13.12,13.31,44800,5.51
2000-07-25,13.06,13.25,13.06,13.25,39900,5.49
2000-07-24,13.31,13.31,13.00,13.12,22300,5.44
2000-07-21,13.25,13.31,13.25,13.31,19800,5.51
2000-07-20,13.38,13.38,13.19,13.31,35600,5.51
2000-07-19,13.31,13.38,13.25,13.38,33500,5.54
2000-07-18,13.25,13.38,13.25,13.38,21800,5.54
2000-07-17,13.44,13.50,13.31,13.38,23800,5.54
2000-07-14,13.31,13.50,13.25,13.38,81000,5.54
2000-07-13,13.38,13.44,13.25,13.31,54300,5.51
2000-07-12,13.38,13.38,13.25,13.31,20500,5.51
2000-07-11,13.44,13.44,13.31,13.38,26000,5.51
2000-07-10,13.31,13.50,13.25,13.38,35100,5.51
2000-07-07,13.19,13.44,13.19,13.31,40200,5.48
2000-07-06,13.19,13.19,13.06,13.19,24100,5.43
2000-07-05,13.12,13.19,13.06,13.19,30800,5.43
2000-07-03,13.12,13.12,13.06,13.12,20200,5.41
2000-06-30,13.00,13.12,13.00,13.12,55800,5.41
2000-06-29,12.81,13.00,12.81,13.00,46600,5.35
2000-06-28,12.88,12.94,12.81,12.81,51100,5.28
2000-06-27,12.88,12.94,12.75,12.94,60000,5.33
2000-06-26,12.75,12.88,12.75,12.75,29600,5.25
2000-06-23,12.88,12.88,12.75,12.81,22800,5.28
2000-06-22,12.94,13.00,12.88,12.94,41500,5.33
2000-06-21,12.94,13.00,12.88,12.88,26600,5.30
2000-06-20,12.94,13.00,12.88,12.94,27000,5.33
2000-06-19,12.94,13.00,12.88,12.94,43500,5.33
2000-06-16,12.88,13.00,12.88,12.94,54100,5.33
2000-06-15,12.75,12.88,12.75,12.88,38400,5.30
2000-06-14,12.69,12.81,12.62,12.81,85400,5.28
2000-06-13,12.62,12.75,12.56,12.62,77300,5.20
2000-06-12,12.62,12.75,12.62,12.75,56100,5.22
2000-06-09,12.62,12.81,12.62,12.62,59500,5.17
2000-06-08,13.00,13.06,12.62,12.62,119100,5.17
2000-06-07,13.12,13.25,13.00,13.06,49900,5.35
2000-06-06,13.12,13.25,13.06,13.19,43000,5.40
2000-06-05,13.19,13.31,13.12,13.19,46400,5.40
2000-06-02,13.06,13.25,13.06,13.25,45700,5.43
2000-06-01,12.88,13.06,12.81,13.06,98500,5.35
2000-05-31,12.81,12.94,12.75,12.88,40700,5.27
2000-05-30,12.75,12.81,12.75,12.75,29100,5.22
2000-05-26,12.88,12.94,12.69,12.75,36000,5.22
2000-05-25,12.81,12.88,12.75,12.75,34100,5.22
2000-05-24,12.88,12.88,12.75,12.88,12000,5.27
2000-05-23,12.88,12.94,12.81,12.88,30500,5.27
2000-05-22,12.75,13.00,12.69,12.94,54700,5.30
2000-05-19,12.69,12.69,12.62,12.69,57900,5.20
2000-05-18,12.69,12.75,12.62,12.75,30300,5.22
2000-05-17,12.75,12.81,12.62,12.62,36400,5.17
2000-05-16,12.69,12.81,12.62,12.81,62300,5.25
2000-05-15,12.62,12.81,12.62,12.75,79500,5.22
2000-05-12,12.62,12.69,12.62,12.62,29000,5.17
2000-05-11,12.69,12.81,12.62,12.75,46700,5.22
2000-05-10,12.88,12.94,12.69,12.81,85800,5.21
2000-05-09,13.00,13.00,12.88,12.88,16500,5.24
2000-05-08,12.94,13.06,12.88,12.94,58000,5.27
2000-05-05,13.06,13.12,12.94,12.94,27000,5.27
2000-05-04,13.19,13.25,13.06,13.06,30200,5.32
2000-05-03,13.12,13.25,13.12,13.19,41800,5.37
2000-05-02,13.38,13.44,13.19,13.19,57100,5.37
2000-05-01,13.38,13.62,13.31,13.38,67200,5.44
2000-04-28,13.38,13.38,13.25,13.38,36100,5.44
2000-04-27,13.38,13.38,13.25,13.25,20400,5.39
2000-04-26,13.31,13.38,13.25,13.25,33700,5.39
2000-04-25,13.25,13.31,13.19,13.31,21300,5.42
2000-04-24,13.25,13.31,13.19,13.31,32500,5.42
2000-04-20,13.25,13.31,13.12,13.31,71300,5.42
2000-04-19,13.00,13.12,13.00,13.06,48200,5.32
2000-04-18,13.06,13.12,13.00,13.06,39800,5.32
2000-04-17,13.19,13.38,13.12,13.25,27900,5.39
2000-04-14,13.50,13.50,13.19,13.19,30000,5.37
2000-04-13,13.56,13.56,13.50,13.56,7800,5.52
2000-04-12,13.50,13.62,13.50,13.62,61100,5.54
2000-04-11,13.50,13.69,13.50,13.69,48600,5.54
2000-04-10,13.50,13.62,13.50,13.50,73100,5.46
2000-04-07,13.62,13.69,13.56,13.62,29600,5.51
2000-04-06,13.69,13.69,13.50,13.62,53500,5.51
2000-04-05,13.62,13.69,13.56,13.62,50400,5.51
2000-04-04,13.38,13.62,13.31,13.56,51400,5.49
2000-04-03,13.50,13.56,13.31,13.31,47700,5.39
2000-03-31,13.31,13.50,13.25,13.44,64000,5.44
2000-03-30,13.12,13.25,13.12,13.19,69700,5.34
2000-03-29,13.06,13.12,13.00,13.12,59500,5.31
2000-03-28,12.75,13.00,12.75,13.00,142400,5.26
2000-03-27,12.75,12.88,12.75,12.81,57400,5.18
2000-03-24,12.75,12.88,12.69,12.75,55200,5.16
2000-03-23,12.81,12.81,12.69,12.81,105200,5.18
2000-03-22,12.69,12.94,12.69,12.88,61200,5.21
2000-03-21,12.62,12.75,12.62,12.69,36800,5.13
2000-03-20,12.62,12.75,12.56,12.62,51200,5.11
2000-03-17,12.50,12.69,12.44,12.69,67400,5.13
2000-03-16,12.44,12.62,12.38,12.62,53500,5.11
2000-03-15,12.50,12.56,12.44,12.56,42600,5.08
2000-03-14,12.38,12.50,12.25,12.50,50400,5.06
2000-03-13,12.31,12.50,12.31,12.50,44200,5.06
2000-03-10,12.50,12.62,12.31,12.56,66000,5.05
2000-03-09,12.62,12.69,12.56,12.56,44200,5.05
2000-03-08,12.56,12.69,12.56,12.62,32000,5.08
2000-03-07,12.75,12.94,12.56,12.62,50000,5.08
2000-03-06,12.94,13.00,12.75,12.81,98100,5.15
2000-03-03,12.94,13.00,12.94,13.00,24900,5.23
2000-03-02,13.00,13.12,12.94,13.06,44900,5.25
2000-03-01,13.12,13.12,13.06,13.06,25400,5.25
2000-02-29,13.25,13.25,13.06,13.06,53700,5.25
2000-02-28,13.25,13.31,13.19,13.19,77700,5.30
2000-02-25,13.19,13.44,13.19,13.31,94200,5.35
2000-02-24,13.19,13.31,13.12,13.25,109400,5.33
2000-02-23,13.19,13.31,13.06,13.25,74600,5.33
2000-02-22,13.12,13.31,13.06,13.19,89100,5.30
2000-02-18,13.25,13.38,13.12,13.19,93700,5.30
2000-02-17,13.38,13.50,13.31,13.31,37700,5.35
2000-02-16,13.38,13.44,13.38,13.38,27100,5.38
2000-02-15,13.69,13.69,13.31,13.44,70700,5.40
2000-02-14,13.62,13.75,13.62,13.69,30500,5.50
2000-02-11,13.81,13.81,13.56,13.75,37400,5.53
2000-02-10,13.88,13.94,13.75,13.94,25300,5.57
2000-02-09,13.75,14.00,13.75,13.88,57000,5.55
2000-02-08,13.81,13.88,13.75,13.88,60700,5.55
2000-02-07,14.00,14.00,13.88,13.94,23100,5.57
2000-02-04,13.94,14.19,13.94,14.12,33800,5.65
2000-02-03,13.88,14.12,13.88,14.06,43500,5.62
2000-02-02,13.88,13.94,13.75,13.94,39900,5.57
2000-02-01,13.56,13.91,13.56,13.88,61100,5.55
2000-01-31,13.56,13.69,13.50,13.62,50600,5.45
2000-01-28,13.69,13.69,13.50,13.62,29400,5.45
2000-01-27,13.56,13.94,13.50,13.75,25400,5.50
2000-01-26,13.25,13.50,13.25,13.50,78600,5.40
2000-01-25,13.31,13.38,13.19,13.38,77200,5.35
2000-01-24,13.19,13.44,13.19,13.38,55800,5.35
2000-01-21,13.31,13.38,13.19,13.19,39900,5.27
2000-01-20,13.12,13.25,13.12,13.25,33200,5.30
2000-01-19,13.31,13.44,13.12,13.12,52300,5.25
2000-01-18,13.38,13.44,13.31,13.31,33600,5.32
2000-01-14,13.38,13.50,13.38,13.38,34000,5.35
2000-01-13,13.56,13.56,13.38,13.44,69100,5.37
2000-01-12,13.62,13.75,13.56,13.62,51500,5.45
2000-01-11,13.81,13.94,13.75,13.75,23100,5.47
2000-01-10,13.75,13.94,13.75,13.94,21600,5.54
2000-01-07,13.69,13.88,13.69,13.75,20000,5.47
2000-01-06,13.75,13.88,13.75,13.75,35000,5.47
2000-01-05,13.88,13.88,13.75,13.75,36400,5.47
2000-01-04,13.75,13.88,13.69,13.75,37300,5.47
2000-01-03,13.75,13.81,13.69,13.75,22600,5.47
1999-12-31,13.81,14.06,13.75,13.75,76600,5.47
1999-12-30,14.06,14.06,13.62,13.88,74900,5.52
1999-12-29,14.31,14.31,13.94,14.06,206500,5.59
1999-12-28,13.81,14.31,13.81,14.31,131300,5.69
1999-12-27,13.75,13.81,13.56,13.81,92600,5.49
1999-12-23,13.62,13.88,13.56,13.81,133500,5.49
1999-12-22,13.62,13.81,13.44,13.75,197500,5.47
1999-12-21,13.81,14.06,13.75,13.75,105300,5.47
1999-12-20,13.75,14.12,13.56,13.81,161000,5.49
1999-12-17,13.38,13.81,13.19,13.81,281700,5.49
1999-12-16,13.44,13.50,13.12,13.25,197900,5.27
1999-12-15,13.31,13.62,13.19,13.56,172800,5.39
1999-12-14,13.50,13.56,13.12,13.31,146800,5.29
1999-12-13,13.50,13.62,13.38,13.50,159700,5.37
1999-12-10,13.56,13.81,13.56,13.56,120200,5.36
1999-12-09,13.62,13.69,13.50,13.50,49400,5.33
1999-12-08,13.88,13.88,13.62,13.62,67500,5.38
1999-12-07,13.88,13.94,13.69,13.81,97900,5.46
1999-12-06,14.00,14.06,13.88,14.00,78800,5.53
1999-12-03,13.81,14.12,13.69,14.12,116500,5.58
1999-12-02,13.44,13.81,13.44,13.69,162200,5.41
1999-12-01,13.44,13.56,13.31,13.50,157000,5.33
1999-11-30,13.38,13.56,13.25,13.50,122100,5.33
1999-11-29,13.25,13.50,13.25,13.38,54100,5.29
1999-11-26,13.50,13.62,13.44,13.44,41800,5.31
1999-11-24,13.62,13.62,13.38,13.62,84100,5.38
1999-11-23,13.69,13.75,13.50,13.50,106100,5.33
1999-11-22,13.94,13.94,13.69,13.69,143100,5.41
1999-11-19,14.12,14.12,13.88,13.94,47100,5.51
1999-11-18,14.31,14.38,13.94,14.12,64600,5.58
1999-11-17,14.56,14.56,14.31,14.38,38700,5.68
1999-11-16,14.44,14.69,14.38,14.56,69300,5.75
1999-11-15,14.56,14.56,14.50,14.50,46800,5.73
1999-11-12,14.38,14.50,14.31,14.44,53300,5.71
1999-11-11,14.44,14.62,14.38,14.44,33500,5.71
1999-11-10,14.75,14.75,14.50,14.50,36200,5.73
1999-11-09,14.75,14.88,14.75,14.88,45000,5.85
1999-11-08,14.88,14.88,14.81,14.88,26300,5.85
1999-11-05,14.81,14.94,14.81,14.94,44200,5.87
1999-11-04,14.81,14.88,14.75,14.75,27500,5.80
1999-11-03,14.75,14.88,14.75,14.81,54700,5.82
1999-11-02,14.62,14.81,14.62,14.75,74500,5.80
1999-11-01,14.50,14.75,14.44,14.62,61800,5.75
1999-10-29,14.12,14.50,14.12,14.50,89900,5.70
1999-10-28,13.88,14.06,13.88,14.00,64000,5.50
1999-10-27,13.75,13.94,13.75,13.94,44400,5.48
1999-10-26,13.94,14.00,13.75,13.75,119400,5.40
1999-10-25,13.94,13.94,13.81,13.94,32200,5.48
1999-10-22,13.94,14.00,13.94,13.94,51500,5.48
1999-10-21,13.62,14.00,13.62,13.94,92200,5.48
1999-10-20,13.50,13.62,13.50,13.62,43800,5.36
1999-10-19,13.62,13.75,13.50,13.50,61000,5.31
1999-10-18,13.75,13.75,13.50,13.62,67300,5.36
1999-10-15,13.88,13.94,13.75,13.88,79400,5.45
1999-10-14,14.00,14.00,13.88,14.00,42600,5.50
1999-10-13,14.38,14.38,14.00,14.06,68300,5.53
1999-10-12,14.56,14.62,14.50,14.50,38900,5.67
1999-10-11,14.69,14.69,14.56,14.56,45100,5.69
1999-10-08,14.69,14.75,14.69,14.75,67200,5.77
1999-10-07,14.75,14.81,14.69,14.81,41800,5.79
1999-10-06,14.75,14.88,14.69,14.81,37500,5.79
1999-10-05,14.81,14.88,14.75,14.75,19700,5.77
1999-10-04,14.88,14.94,14.75,14.88,53400,5.82
1999-10-01,14.88,14.88,14.75,14.81,40400,5.79
1999-09-30,14.62,14.88,14.56,14.81,63400,5.79
1999-09-29,14.56,14.69,14.50,14.56,56800,5.69
1999-09-28,14.44,14.62,14.44,14.50,34700,5.67
1999-09-27,14.50,14.56,14.44,14.50,32500,5.67
1999-09-24,14.38,14.50,14.38,14.50,53800,5.67
1999-09-23,14.38,14.50,14.38,14.44,58600,5.64
1999-09-22,14.38,14.44,14.31,14.38,73700,5.62
1999-09-21,14.44,14.50,14.38,14.50,131100,5.67
1999-09-20,14.44,14.56,14.44,14.50,51100,5.67
1999-09-17,14.44,14.50,14.44,14.50,26500,5.67
1999-09-16,14.62,14.62,14.44,14.44,24300,5.64
1999-09-15,14.69,14.75,14.56,14.62,73000,5.72
1999-09-14,14.88,14.94,14.69,14.75,29500,5.77
1999-09-13,15.00,15.12,14.88,14.94,42900,5.84
1999-09-10,15.12,15.19,15.06,15.19,57900,5.91
1999-09-09,15.06,15.12,15.00,15.12,16200,5.88
1999-09-08,15.00,15.06,15.00,15.06,21800,5.86
1999-09-07,15.06,15.12,15.00,15.06,38800,5.86
1999-09-03,15.19,15.25,15.06,15.12,25700,5.88
1999-09-02,15.12,15.19,15.06,15.06,33400,5.86
1999-09-01,15.06,15.12,15.00,15.12,33400,5.88
1999-08-31,14.94,15.06,14.88,15.06,59200,5.86
1999-08-30,15.00,15.00,14.88,14.94,46800,5.81
1999-08-27,15.12,15.12,14.94,14.94,73300,5.81
1999-08-26,15.00,15.12,14.94,15.03,66600,5.85
1999-08-25,15.00,15.12,15.00,15.06,39100,5.86
1999-08-24,15.06,15.12,15.00,15.00,36200,5.83
1999-08-23,15.06,15.12,15.00,15.06,32100,5.86
1999-08-20,15.06,15.12,15.00,15.06,34200,5.86
1999-08-19,15.19,15.19,15.06,15.19,31900,5.91
1999-08-18,15.06,15.19,15.06,15.19,16000,5.91
1999-08-17,15.00,15.19,15.00,15.19,40000,5.91
1999-08-16,15.06,15.19,14.94,14.94,33200,5.81
1999-08-13,15.19,15.31,15.12,15.12,27500,5.88
1999-08-12,15.12,15.31,15.12,15.12,36100,5.88
1999-08-11,15.19,15.31,15.12,15.12,48600,5.88
1999-08-10,15.44,15.44,15.31,15.31,27700,5.92
1999-08-09,15.50,15.62,15.31,15.44,36000,5.97
1999-08-06,15.56,15.62,15.50,15.50,14800,6.00
1999-08-05,15.56,15.62,15.50,15.62,15500,6.05
1999-08-04,15.62,15.69,15.50,15.50,28900,6.00
1999-08-03,15.69,15.81,15.62,15.69,27200,6.07
1999-08-02,15.69,15.81,15.62,15.69,23100,6.07
1999-07-30,15.69,15.69,15.62,15.62,38000,6.05
1999-07-29,15.62,15.69,15.62,15.62,25100,6.05
1999-07-28,15.81,15.81,15.69,15.81,32600,6.12
1999-07-27,15.88,15.88,15.75,15.81,62200,6.12
1999-07-26,15.69,15.88,15.69,15.81,27800,6.12
1999-07-23,15.81,15.81,15.62,15.75,13100,6.09
1999-07-22,15.75,15.81,15.75,15.81,14600,6.12
1999-07-21,15.69,15.81,15.69,15.75,20700,6.09
1999-07-20,15.75,15.81,15.69,15.75,22500,6.09
1999-07-19,15.81,15.88,15.75,15.75,37300,6.09
1999-07-16,15.81,15.94,15.81,15.81,27600,6.12
1999-07-15,15.88,15.88,15.75,15.81,26700,6.12
1999-07-14,15.94,15.94,15.75,15.81,49400,6.12
1999-07-13,15.94,16.00,15.88,15.94,40700,6.17
1999-07-12,16.00,16.06,16.00,16.06,25400,6.18
1999-07-09,15.94,16.06,15.81,16.06,54600,6.18
1999-07-08,15.94,16.00,15.94,15.94,25700,6.14
1999-07-07,16.06,16.06,15.94,16.00,32500,6.16
1999-07-06,16.00,16.06,15.94,15.94,32500,6.14
1999-07-02,16.00,16.00,15.88,16.00,30800,6.16
1999-07-01,15.81,16.00,15.81,15.94,37900,6.14
1999-06-30,15.75,15.75,15.62,15.75,36800,6.06
1999-06-29,15.56,15.69,15.56,15.69,44300,6.04
1999-06-28,15.69,15.69,15.56,15.56,29100,5.99
1999-06-25,15.62,15.69,15.56,15.56,15800,5.99
1999-06-24,15.50,15.62,15.50,15.56,61900,5.99
1999-06-23,15.56,15.69,15.56,15.56,66000,5.99
1999-06-22,15.62,15.69,15.50,15.62,65600,6.02
1999-06-21,15.69,15.69,15.62,15.62,17200,6.02
1999-06-18,15.75,15.75,15.69,15.75,24100,6.06
1999-06-17,15.69,15.81,15.62,15.69,63100,6.04
1999-06-16,15.50,15.69,15.50,15.69,43500,6.04
1999-06-15,15.50,15.56,15.44,15.50,54700,5.97
1999-06-14,15.69,15.69,15.50,15.50,35600,5.97
1999-06-11,15.81,15.94,15.69,15.75,34100,6.06
1999-06-10,16.00,16.12,16.00,16.00,96800,6.13
1999-06-09,16.06,16.19,16.00,16.12,60100,6.18
1999-06-08,16.00,16.12,16.00,16.12,39000,6.18
1999-06-07,16.06,16.06,15.94,16.06,37000,6.15
1999-06-04,16.00,16.12,15.94,16.06,24900,6.15
1999-06-03,16.12,16.25,15.94,16.00,62700,6.13
1999-06-02,16.06,16.25,16.06,16.19,36700,6.20
1999-06-01,16.06,16.12,15.94,16.12,77900,6.18
1999-05-28,16.06,16.06,16.00,16.06,25500,6.15
1999-05-27,15.94,16.06,15.94,16.06,66800,6.15
1999-05-26,15.81,16.00,15.69,16.00,63700,6.13
1999-05-25,15.75,15.81,15.62,15.81,65500,6.06
1999-05-24,15.69,15.81,15.69,15.81,54900,6.06
1999-05-21,15.81,15.88,15.69,15.69,37600,6.01
1999-05-20,15.75,15.88,15.75,15.81,30100,6.06
1999-05-19,15.81,15.88,15.75,15.81,34000,6.06
1999-05-18,15.88,15.94,15.75,15.75,44000,6.03
1999-05-17,16.00,16.00,15.88,15.94,40500,6.11
1999-05-14,16.00,16.06,15.88,15.88,50900,6.08
1999-05-13,16.06,16.12,16.00,16.00,52600,6.13
1999-05-12,16.06,16.12,15.94,16.00,33200,6.13
1999-05-11,16.06,16.19,15.94,16.12,50400,6.15
1999-05-10,15.94,16.12,15.94,16.06,37700,6.12
1999-05-07,15.88,16.00,15.88,16.00,35000,6.10
1999-05-06,15.81,16.00,15.81,16.00,30100,6.10
1999-05-05,16.12,16.12,15.88,15.94,58900,6.08
1999-05-04,16.06,16.19,16.00,16.12,38300,6.15
1999-05-03,16.06,16.06,15.94,16.06,35900,6.12
1999-04-30,16.06,16.06,16.00,16.00,33700,6.10
1999-04-29,16.06,16.12,16.00,16.06,25800,6.12
1999-04-28,16.12,16.19,16.06,16.06,42200,6.12
1999-04-27,16.19,16.19,16.06,16.06,17700,6.12
1999-04-26,16.06,16.19,16.00,16.12,27700,6.15
1999-04-23,16.38,16.38,16.00,16.12,33700,6.15
1999-04-22,16.06,16.19,16.06,16.06,27500,6.12
1999-04-21,16.00,16.19,16.00,16.19,40500,6.17
1999-04-20,16.00,16.06,15.88,16.06,13400,6.12
1999-04-19,16.00,16.06,15.94,15.94,18400,6.08
1999-04-16,16.00,16.12,15.94,16.00,28300,6.10
1999-04-15,16.00,16.06,15.94,16.00,43200,6.10
1999-04-14,16.19,16.25,16.06,16.06,38100,6.12
1999-04-13,16.38,16.38,16.12,16.19,33600,6.17
1999-04-12,16.25,16.38,16.25,16.38,52700,6.21
1999-04-09,16.25,16.38,16.25,16.31,20000,6.19
1999-04-08,16.38,16.44,16.19,16.25,44500,6.16
1999-04-07,16.31,16.44,16.25,16.44,30300,6.24
1999-04-06,16.38,16.38,16.25,16.38,16500,6.21
1999-04-05,16.38,16.44,16.25,16.38,38900,6.21
1999-04-01,16.38,16.44,16.25,16.31,38600,6.19
1999-03-31,16.31,16.31,16.25,16.31,35500,6.19
1999-03-30,16.31,16.44,16.25,16.25,19300,6.16
1999-03-29,16.44,16.44,16.25,16.38,25400,6.21
1999-03-26,16.38,16.44,16.31,16.44,26000,6.24
1999-03-25,16.25,16.38,16.25,16.38,22800,6.21
1999-03-24,16.44,16.44,16.31,16.31,14700,6.19
1999-03-23,16.44,16.44,16.31,16.38,40400,6.21
1999-03-22,16.44,16.50,16.38,16.50,10700,6.26
1999-03-19,16.50,16.50,16.44,16.44,12700,6.24
1999-03-18,16.62,16.62,16.50,16.50,15100,6.26
1999-03-17,16.56,16.62,16.50,16.50,17700,6.26
1999-03-16,16.56,16.62,16.50,16.62,19100,6.31
1999-03-15,16.56,16.62,16.50,16.50,10100,6.26
1999-03-12,16.69,16.75,16.62,16.62,12000,6.31
1999-03-11,16.69,16.81,16.62,16.69,29800,6.33
1999-03-10,16.75,16.88,16.62,16.75,21300,6.33
1999-03-09,16.62,16.75,16.56,16.69,31300,6.30
1999-03-08,16.62,16.81,16.56,16.62,56300,6.28
1999-03-05,16.69,16.81,16.56,16.62,32600,6.28
1999-03-04,16.50,16.69,16.50,16.69,17500,6.30
1999-03-03,16.50,16.62,16.50,16.62,9900,6.28
1999-03-02,16.56,16.69,16.50,16.50,29000,6.23
1999-03-01,16.69,16.75,16.56,16.62,32700,6.28
1999-02-26,16.56,16.69,16.56,16.56,19100,6.25
1999-02-25,16.62,16.69,16.56,16.62,27400,6.28
1999-02-24,16.81,16.81,16.69,16.75,42100,6.33
1999-02-23,16.75,16.81,16.62,16.75,33700,6.33
1999-02-22,16.75,16.81,16.69,16.69,35600,6.30
1999-02-19,16.62,16.75,16.62,16.69,12400,6.30
1999-02-18,16.69,16.81,16.62,16.62,76100,6.28
1999-02-17,16.69,16.81,16.62,16.75,29500,6.33
1999-02-16,16.69,16.75,16.56,16.75,22300,6.33
1999-02-12,16.62,16.69,16.56,16.69,27800,6.30
1999-02-11,16.75,16.75,16.62,16.75,27800,6.33
1999-02-10,16.69,16.75,16.62,16.69,41500,6.30
1999-02-09,16.75,16.81,16.75,16.81,15000,6.32
1999-02-08,16.56,16.75,16.56,16.75,36400,6.30
1999-02-05,16.62,16.75,16.56,16.62,63000,6.25
1999-02-04,16.69,16.75,16.56,16.69,72300,6.27
1999-02-03,16.50,16.69,16.44,16.69,37600,6.27
1999-02-02,16.44,16.50,16.38,16.50,34100,6.20
1999-02-01,16.31,16.50,16.25,16.38,81200,6.15
1999-01-29,16.25,16.38,16.19,16.31,37800,6.13
1999-01-28,16.19,16.31,16.12,16.31,25400,6.13
1999-01-27,16.12,16.25,16.12,16.12,30100,6.06
1999-01-26,16.25,16.31,15.94,16.12,70400,6.06
1999-01-25,16.38,16.44,16.12,16.25,39800,6.11
1999-01-22,16.56,16.56,16.38,16.50,28500,6.20
1999-01-21,16.50,16.50,16.44,16.50,11300,6.20
1999-01-20,16.62,16.62,16.50,16.50,20800,6.20
1999-01-19,16.62,16.69,16.56,16.56,27500,6.23
1999-01-15,16.56,16.75,16.44,16.62,31100,6.25
1999-01-14,16.56,16.69,16.56,16.62,19500,6.25
1999-01-13,16.69,16.81,16.56,16.62,21700,6.25
1999-01-12,16.81,16.94,16.69,16.81,36000,6.29
1999-01-11,16.69,16.81,16.62,16.75,26400,6.27
1999-01-08,16.81,16.88,16.69,16.75,21100,6.27
1999-01-07,16.81,16.88,16.75,16.88,40700,6.31
1999-01-06,16.81,16.94,16.75,16.81,23000,6.29
1999-01-05,16.88,16.94,16.81,16.81,28100,6.29
1999-01-04,16.69,16.94,16.69,16.81,39900,6.29
1998-12-31,16.62,16.75,16.50,16.75,24900,6.27
1998-12-30,16.69,16.69,16.50,16.56,31900,6.20
1998-12-29,16.62,16.69,16.50,16.69,26500,6.24
1998-12-28,16.56,16.75,16.56,16.62,32200,6.22
1998-12-24,16.69,16.69,16.56,16.62,35000,6.22
1998-12-23,16.62,16.62,16.56,16.62,38200,6.22
1998-12-22,16.50,16.62,16.50,16.56,27900,6.20
1998-12-21,16.56,16.69,16.50,16.50,43200,6.17
1998-12-18,16.69,16.69,16.56,16.56,31500,6.20
1998-12-17,16.69,16.69,16.56,16.69,31900,6.24
1998-12-16,16.69,16.75,16.62,16.69,12100,6.24
1998-12-15,16.75,16.81,16.62,16.69,50100,6.24
1998-12-14,16.75,16.81,16.62,16.69,31000,6.24
1998-12-11,16.75,16.81,16.69,16.81,39800,6.29
1998-12-10,16.81,16.88,16.75,16.88,51400,6.28
1998-12-09,17.00,17.00,16.75,16.75,33100,6.24
1998-12-08,17.00,17.00,16.88,16.94,27800,6.31
1998-12-07,17.00,17.06,16.94,17.00,26100,6.33
1998-12-04,16.88,17.06,16.81,17.00,28000,6.33
1998-12-03,16.94,17.00,16.81,16.88,22000,6.28
1998-12-02,16.88,17.00,16.88,17.00,34100,6.33
1998-12-01,16.88,17.00,16.81,16.94,34500,6.31
1998-11-30,16.88,16.88,16.75,16.88,20800,6.28
1998-11-27,16.81,16.81,16.75,16.75,7900,6.24
1998-11-25,16.81,16.88,16.75,16.81,34100,6.26
1998-11-24,16.75,16.88,16.75,16.75,25900,6.24
1998-11-23,16.88,16.88,16.75,16.88,21100,6.28
1998-11-20,16.75,16.81,16.69,16.81,39100,6.26
1998-11-19,16.81,16.81,16.69,16.81,44000,6.26
1998-11-18,16.75,16.88,16.69,16.81,24200,6.26
1998-11-17,16.81,16.88,16.69,16.75,63200,6.24
1998-11-16,16.88,16.94,16.69,16.88,44200,6.28
1998-11-13,16.94,16.94,16.81,16.88,16300,6.28
1998-11-12,16.81,17.00,16.81,17.00,46700,6.33
1998-11-11,16.88,16.94,16.81,16.94,23000,6.31
1998-11-10,16.88,16.94,16.81,16.81,42200,6.26
1998-11-09,16.81,16.94,16.75,16.94,22500,6.28
1998-11-06,16.75,16.94,16.75,16.81,23000,6.23
1998-11-05,16.81,16.88,16.69,16.81,67400,6.23
1998-11-04,16.81,16.88,16.75,16.88,61900,6.26
1998-11-03,16.81,16.94,16.69,16.69,51100,6.19
1998-11-02,16.88,16.94,16.69,16.75,39400,6.21
1998-10-30,16.94,17.00,16.88,16.88,46600,6.26
1998-10-29,17.06,17.06,16.88,16.94,40900,6.28
1998-10-28,17.06,17.12,16.94,17.06,40200,6.32
1998-10-27,17.00,17.06,16.94,17.06,51800,6.32
1998-10-26,16.88,17.31,16.69,17.06,153500,6.32
1998-10-23,17.00,17.00,16.75,16.81,51800,6.23
1998-10-22,16.81,16.94,16.69,16.94,90800,6.28
1998-10-21,16.75,16.88,16.69,16.69,15200,6.19
1998-10-20,16.50,16.81,16.44,16.81,37100,6.23
1998-10-19,16.81,16.88,16.56,16.69,45200,6.19
1998-10-16,17.12,17.12,16.50,16.88,40800,6.26
1998-10-15,16.31,17.50,16.31,17.50,58000,6.49
1998-10-14,16.25,16.38,16.25,16.38,35000,6.07
1998-10-13,16.44,16.50,16.25,16.31,25000,6.05
1998-10-12,16.50,16.62,16.44,16.50,35500,6.09
1998-10-09,16.19,16.56,16.19,16.44,55800,6.06
1998-10-08,16.50,16.56,16.25,16.25,27900,5.99
1998-10-07,16.81,16.81,16.56,16.56,62600,6.11
1998-10-06,16.94,17.00,16.75,16.88,34800,6.23
1998-10-05,17.12,17.19,16.94,17.00,50200,6.27
1998-10-02,17.00,17.06,16.94,17.06,33800,6.29
1998-10-01,16.75,16.94,16.75,16.75,33000,6.18
1998-09-30,16.62,16.75,16.56,16.75,38000,6.18
1998-09-29,16.50,16.62,16.50,16.62,26100,6.13
1998-09-28,16.38,16.50,16.38,16.50,25500,6.09
1998-09-25,16.25,16.38,16.25,16.38,29700,6.04
1998-09-24,16.19,16.31,16.12,16.25,44200,5.99
1998-09-23,16.06,16.19,16.06,16.19,55900,5.97
1998-09-22,16.00,16.12,16.00,16.00,28900,5.90
1998-09-21,16.12,16.19,16.00,16.06,29700,5.93
1998-09-18,16.12,16.19,16.06,16.06,85300,5.93
1998-09-17,16.25,16.25,16.19,16.19,46700,5.97
1998-09-16,16.25,16.31,16.19,16.25,20000,5.99
1998-09-15,16.25,16.31,16.19,16.25,37800,5.99
1998-09-14,16.31,16.31,16.12,16.19,48100,5.97
1998-09-11,16.19,16.25,16.19,16.25,48400,5.99
1998-09-10,16.25,16.38,16.25,16.31,21600,5.99
1998-09-09,16.25,16.31,16.25,16.25,24800,5.97
1998-09-08,16.19,16.25,16.19,16.25,41100,5.97
1998-09-04,16.19,16.25,16.12,16.25,23600,5.97
1998-09-03,16.19,16.19,16.06,16.19,37400,5.94
1998-09-02,16.12,16.19,16.06,16.12,54900,5.92
1998-09-01,16.12,16.12,16.00,16.12,39000,5.92
1998-08-31,16.12,16.19,16.06,16.06,15100,5.90
1998-08-28,16.25,16.25,16.12,16.19,36900,5.94
1998-08-27,16.25,16.25,16.19,16.25,19100,5.97
1998-08-26,16.06,16.25,15.94,16.25,60600,5.97
1998-08-25,15.94,16.06,15.94,16.06,58100,5.90
1998-08-24,15.88,16.00,15.88,16.00,41100,5.87
1998-08-21,15.88,15.94,15.88,15.88,14400,5.83
1998-08-20,15.81,15.94,15.81,15.94,38100,5.85
1998-08-19,15.81,15.88,15.75,15.88,20300,5.83
1998-08-18,15.75,15.81,15.75,15.81,27200,5.81
1998-08-17,15.75,15.81,15.75,15.81,36000,5.81
1998-08-14,15.75,15.81,15.69,15.69,32200,5.76
1998-08-13,15.88,15.94,15.69,15.69,28100,5.76
1998-08-12,15.94,15.94,15.81,15.81,42500,5.81
1998-08-11,15.94,16.00,15.88,15.94,38000,5.82
1998-08-10,15.88,16.00,15.88,15.88,23900,5.80
1998-08-07,16.00,16.00,15.88,15.88,31200,5.80
1998-08-06,16.00,16.06,15.88,16.00,75900,5.85
1998-08-05,16.06,16.12,16.00,16.00,31000,5.85
1998-08-04,16.12,16.12,16.06,16.06,19100,5.87
1998-08-03,16.12,16.12,16.06,16.12,17100,5.89
1998-07-31,16.06,16.12,16.06,16.12,17400,5.89
1998-07-30,16.06,16.12,16.06,16.06,22100,5.87
1998-07-29,16.06,16.12,16.06,16.06,32600,5.87
1998-07-28,16.12,16.12,16.06,16.12,34000,5.89
1998-07-27,16.06,16.12,16.06,16.06,20500,5.87
1998-07-24,16.19,16.19,16.12,16.19,12000,5.91
1998-07-23,16.12,16.19,16.12,16.12,22600,5.89
1998-07-22,16.19,16.19,16.12,16.19,13900,5.91
1998-07-21,16.25,16.25,16.12,16.12,28500,5.89
1998-07-20,16.12,16.25,16.12,16.25,34000,5.94
1998-07-17,16.12,16.25,16.12,16.25,21700,5.94
1998-07-16,16.19,16.25,16.12,16.19,48900,5.91
1998-07-15,16.19,16.19,16.12,16.19,22500,5.91
1998-07-14,16.00,16.19,16.00,16.19,21300,5.91
1998-07-13,16.06,16.12,16.00,16.12,15300,5.89
1998-07-10,16.25,16.25,16.12,16.19,45500,5.89
1998-07-09,16.25,16.25,16.12,16.25,37100,5.91
1998-07-08,16.06,16.25,16.06,16.25,101900,5.91
1998-07-07,16.00,16.12,15.94,16.12,140900,5.86
1998-07-06,16.00,16.00,15.88,16.00,48300,5.82
1998-07-02,16.00,16.00,15.88,15.88,36100,5.77
1998-07-01,15.94,15.94,15.81,15.94,47000,5.79
1998-06-30,16.00,16.00,15.88,15.88,41600,5.77
1998-06-29,16.00,16.00,15.94,16.00,20000,5.82
1998-06-26,15.88,16.00,15.88,16.00,44100,5.82
1998-06-25,16.00,16.00,15.31,15.94,35100,5.79
1998-06-24,15.88,16.00,15.88,15.94,57900,5.79
1998-06-23,15.94,15.94,15.88,15.94,37100,5.79
1998-06-22,16.00,16.00,15.94,15.94,20700,5.79
1998-06-19,15.94,15.94,15.88,15.94,20100,5.79
1998-06-18,15.88,15.94,15.88,15.94,48100,5.79
1998-06-17,15.88,16.00,15.88,15.94,66300,5.79
1998-06-16,15.88,16.00,15.88,16.00,35200,5.82
1998-06-15,15.75,15.94,15.69,15.88,84000,5.77
1998-06-12,15.69,15.81,15.69,15.69,23100,5.70
1998-06-11,15.75,15.88,15.75,15.75,24400,5.73
1998-06-10,15.81,15.94,15.81,15.88,34400,5.74
1998-06-09,15.88,15.88,15.75,15.88,38900,5.74
1998-06-08,15.81,15.88,15.75,15.81,31700,5.72
1998-06-05,15.69,15.88,15.69,15.88,41300,5.74
1998-06-04,15.56,15.75,15.56,15.75,56100,5.70
1998-06-03,15.56,15.69,15.50,15.69,45000,5.68
1998-06-02,15.56,15.56,15.50,15.56,29200,5.63
1998-06-01,15.50,15.56,15.44,15.56,48900,5.63
1998-05-29,15.50,15.56,15.44,15.44,36100,5.59
1998-05-28,15.44,15.50,15.38,15.50,66100,5.61
1998-05-27,15.44,15.50,15.38,15.38,36100,5.56
1998-05-26,15.38,15.44,15.31,15.44,39400,5.59
1998-05-22,15.31,15.38,15.25,15.31,25200,5.54
1998-05-21,15.44,15.44,15.31,15.38,60700,5.56
1998-05-20,15.56,15.56,15.38,15.38,70700,5.56
1998-05-19,15.56,15.56,15.44,15.53,24800,5.62
1998-05-18,15.44,15.50,15.38,15.44,41200,5.59
1998-05-15,15.44,15.50,15.31,15.31,27100,5.54
1998-05-14,15.50,15.56,15.44,15.44,22600,5.59
1998-05-13,15.56,15.69,15.50,15.56,32100,5.63
1998-05-12,15.62,15.75,15.62,15.69,34800,5.65
1998-05-11,15.62,15.75,15.62,15.62,52100,5.63
1998-05-08,15.69,15.75,15.56,15.62,46200,5.63
1998-05-07,15.56,15.69,15.56,15.69,12500,5.65
1998-05-06,15.69,15.69,15.56,15.69,33900,5.65
1998-05-05,15.56,15.69,15.50,15.56,27100,5.60
1998-05-04,15.62,15.62,15.44,15.44,26300,5.56
1998-05-01,15.38,15.62,15.38,15.62,45600,5.63
1998-04-30,15.38,15.50,15.38,15.38,41900,5.54
1998-04-29,15.19,15.31,15.12,15.31,98100,5.51
1998-04-28,15.19,15.31,15.12,15.19,63000,5.47
1998-04-27,15.25,15.38,15.19,15.19,67100,5.47
1998-04-24,15.44,15.50,15.38,15.44,21400,5.56
1998-04-23,15.44,15.50,15.38,15.44,99500,5.56
1998-04-22,15.62,15.62,15.44,15.44,74800,5.56
1998-04-21,15.62,15.69,15.56,15.56,53100,5.60
1998-04-20,15.81,15.88,15.62,15.69,50800,5.65
1998-04-17,15.69,15.81,15.62,15.75,24500,5.67
1998-04-16,15.69,15.75,15.69,15.69,27400,5.65
1998-04-15,15.75,15.75,15.69,15.69,27600,5.65
1998-04-14,15.62,15.75,15.62,15.62,46600,5.63
1998-04-13,15.69,15.75,15.62,15.75,52100,5.67
1998-04-09,15.81,15.88,15.75,15.75,38900,5.64
1998-04-08,15.75,15.81,15.75,15.81,48000,5.66
1998-04-07,15.88,15.94,15.75,15.81,66600,5.66
1998-04-06,15.81,15.88,15.81,15.88,48600,5.69
1998-04-03,15.75,15.88,15.75,15.88,53800,5.69
1998-04-02,15.69,15.81,15.62,15.75,166900,5.64
1998-04-01,15.75,15.81,15.75,15.81,49200,5.66
1998-03-31,15.75,15.75,15.69,15.69,33900,5.62
1998-03-30,15.75,15.81,15.69,15.69,56100,5.62
1998-03-27,16.00,16.00,15.75,15.88,22100,5.69
1998-03-26,15.94,16.00,15.88,16.00,16700,5.73
1998-03-25,16.00,16.00,15.88,15.88,39300,5.69
1998-03-24,16.06,16.06,15.94,16.06,37700,5.75
1998-03-23,16.00,16.12,15.94,16.12,62800,5.78
1998-03-20,16.00,16.00,15.88,15.94,42500,5.71
1998-03-19,15.94,16.00,15.88,15.88,78600,5.69
1998-03-18,15.94,16.00,15.94,15.94,34900,5.71
1998-03-17,16.00,16.06,15.94,15.94,64600,5.71
1998-03-16,15.94,16.06,15.94,15.94,15200,5.71
1998-03-13,16.06,16.06,15.94,15.94,62600,5.71
1998-03-12,16.12,16.12,16.00,16.00,45600,5.73
1998-03-11,16.19,16.25,16.06,16.06,74400,5.75
1998-03-10,16.25,16.38,16.25,16.25,37200,5.79
1998-03-09,16.19,16.31,16.19,16.25,56600,5.79
1998-03-06,16.25,16.31,16.19,16.25,52500,5.79
1998-03-05,16.25,16.31,16.25,16.31,38300,5.82
1998-03-04,16.31,16.38,16.25,16.25,44600,5.79
1998-03-03,16.38,16.38,16.25,16.38,44400,5.84
1998-03-02,16.38,16.44,16.31,16.31,24200,5.82
1998-02-27,16.38,16.44,16.31,16.38,41900,5.84
1998-02-26,16.44,16.50,16.38,16.44,72300,5.86
1998-02-25,16.38,16.50,16.38,16.44,22700,5.86
1998-02-24,16.25,16.44,16.25,16.44,85300,5.86
1998-02-23,16.25,16.31,16.25,16.31,23200,5.82
1998-02-20,16.19,16.31,16.19,16.31,53000,5.82
1998-02-19,16.19,16.25,16.19,16.25,73500,5.79
1998-02-18,16.19,16.25,16.12,16.25,67000,5.79
1998-02-17,16.19,16.19,16.12,16.12,32600,5.75
1998-02-13,16.12,16.19,16.12,16.12,29400,5.75
1998-02-12,16.12,16.19,16.12,16.12,51300,5.75
1998-02-11,16.19,16.25,16.12,16.19,83000,5.77
1998-02-10,16.25,16.31,16.19,16.25,60900,5.77
1998-02-09,16.25,16.25,16.19,16.25,61600,5.77
1998-02-06,16.31,16.38,16.19,16.19,51300,5.74
1998-02-05,16.31,16.31,16.25,16.25,26500,5.77
1998-02-04,16.31,16.38,16.25,16.31,111800,5.79
1998-02-03,16.25,16.31,16.25,16.25,30900,5.77
1998-02-02,16.25,16.38,16.25,16.31,31000,5.79
1998-01-30,16.25,16.38,16.19,16.31,91700,5.79
1998-01-29,16.06,16.19,16.06,16.19,37200,5.74
1998-01-28,16.12,16.12,16.06,16.12,59100,5.72
1998-01-27,16.12,16.12,16.06,16.12,19100,5.72
1998-01-26,16.06,16.12,16.06,16.06,83800,5.70
1998-01-23,16.12,16.19,16.06,16.06,54200,5.70
1998-01-22,16.12,16.19,16.12,16.19,63900,5.74
1998-01-21,16.19,16.19,16.12,16.12,27700,5.72
1998-01-20,16.12,16.25,16.12,16.12,52000,5.72
1998-01-16,16.12,16.19,16.06,16.06,66500,5.70
1998-01-15,16.19,16.19,16.06,16.19,81600,5.74
1998-01-14,16.12,16.25,16.12,16.19,42600,5.74
1998-01-13,16.25,16.25,16.12,16.12,26400,5.72
1998-01-12,16.38,16.38,16.19,16.31,109600,5.76
1998-01-09,16.25,16.38,16.25,16.38,42400,5.78
1998-01-08,16.31,16.38,16.25,16.25,30400,5.74
1998-01-07,16.31,16.38,16.25,16.31,28700,5.76
1998-01-06,16.06,16.25,16.06,16.25,39600,5.74
1998-01-05,16.06,16.31,16.06,16.12,52700,5.69
1998-01-02,16.12,16.12,16.06,16.12,47200,5.69
1997-12-31,15.88,16.00,15.88,16.00,13400,5.65
1997-12-30,16.00,16.00,15.88,15.94,49100,5.63
1997-12-29,15.94,16.00,15.81,15.94,90200,5.63
1997-12-26,15.88,15.94,15.81,15.88,17300,5.61
1997-12-24,15.88,15.94,15.81,15.94,18800,5.63
1997-12-23,15.75,15.88,15.75,15.81,20600,5.58
1997-12-22,15.75,15.88,15.75,15.81,39400,5.58
1997-12-19,15.69,15.81,15.69,15.69,34900,5.54
1997-12-18,15.69,15.75,15.69,15.75,39100,5.56
1997-12-17,15.75,15.75,15.69,15.69,40300,5.54
1997-12-16,15.81,15.88,15.69,15.69,51500,5.54
1997-12-15,15.88,15.88,15.75,15.81,31800,5.58
1997-12-12,15.75,15.81,15.69,15.81,24500,5.58
1997-12-11,15.50,15.75,15.50,15.69,26100,5.54
1997-12-10,15.75,15.75,15.62,15.69,23900,5.49
1997-12-09,15.75,15.81,15.62,15.62,37200,5.47
1997-12-08,15.94,15.94,15.75,15.88,25700,5.56
1997-12-05,15.81,15.88,15.75,15.88,35400,5.56
1997-12-04,15.81,15.88,15.69,15.75,32500,5.51
1997-12-03,15.81,15.88,15.69,15.75,29900,5.51
1997-12-02,15.88,15.88,15.69,15.69,26800,5.49
1997-12-01,15.69,15.88,15.69,15.81,39600,5.54
1997-11-28,15.75,15.75,15.69,15.75,3800,5.51
1997-11-26,15.75,15.81,15.62,15.75,44600,5.51
1997-11-25,15.69,15.81,15.62,15.69,78400,5.49
1997-11-24,15.56,15.69,15.56,15.69,57400,5.49
1997-11-21,15.69,15.69,15.50,15.62,47900,5.47
1997-11-20,15.50,15.69,15.50,15.50,42600,5.43
1997-11-19,15.50,15.62,15.50,15.50,57200,5.43
1997-11-18,15.44,15.50,15.44,15.50,61700,5.43
1997-11-17,15.50,15.50,15.44,15.50,32600,5.43
1997-11-14,15.50,15.50,15.44,15.50,46000,5.43
1997-11-13,15.50,15.56,15.44,15.44,63300,5.40
1997-11-12,15.56,15.56,15.44,15.50,20700,5.43
1997-11-11,15.50,15.62,15.50,15.62,30200,5.44
1997-11-10,15.50,15.56,15.44,15.50,48100,5.40
1997-11-07,15.56,15.56,15.50,15.53,44300,5.41
1997-11-06,15.62,15.62,15.56,15.56,26600,5.42
1997-11-05,15.62,15.69,15.50,15.62,37300,5.44
1997-11-04,15.62,15.69,15.50,15.50,54600,5.40
1997-11-03,15.62,15.62,15.50,15.62,30600,5.44
1997-10-31,15.62,15.69,15.50,15.50,55600,5.40
1997-10-30,15.50,15.62,15.50,15.62,68800,5.44
1997-10-29,15.56,15.56,15.44,15.50,18900,5.40
1997-10-28,15.38,15.56,15.31,15.50,47100,5.40
1997-10-27,15.38,15.56,15.38,15.56,32500,5.42
1997-10-24,15.50,15.62,15.44,15.44,40200,5.38
1997-10-23,15.62,15.62,15.50,15.50,36500,5.40
1997-10-22,15.56,15.62,15.56,15.62,27500,5.44
1997-10-21,15.62,15.62,15.50,15.56,24000,5.42
1997-10-20,15.56,15.62,15.56,15.56,19700,5.42
1997-10-17,15.69,15.69,15.56,15.62,31400,5.44
1997-10-16,15.62,15.75,15.62,15.69,39700,5.46
1997-10-15,15.62,15.75,15.62,15.69,33000,5.46
1997-10-14,15.56,15.69,15.56,15.62,38500,5.44
1997-10-13,15.62,15.62,15.50,15.62,28800,5.44
1997-10-10,15.56,15.69,15.56,15.62,28600,5.44
1997-10-09,15.69,15.75,15.62,15.75,32700,5.46
1997-10-08,15.75,15.81,15.69,15.81,64200,5.48
1997-10-07,15.62,15.81,15.62,15.75,111400,5.46
1997-10-06,15.56,15.75,15.56,15.62,36300,5.42
1997-10-03,15.62,15.75,15.62,15.69,39500,5.44
1997-10-02,15.62,15.69,15.56,15.56,54000,5.39
1997-10-01,15.44,15.62,15.44,15.56,58700,5.39
1997-09-30,15.44,15.50,15.38,15.44,78200,5.35
1997-09-29,15.38,15.44,15.38,15.38,79700,5.33
1997-09-26,15.31,15.44,15.31,15.38,59500,5.33
1997-09-25,15.38,15.44,15.38,15.38,63800,5.33
1997-09-24,15.38,15.44,15.38,15.44,69000,5.35
1997-09-23,15.38,15.44,15.31,15.44,67300,5.35
1997-09-22,15.38,15.44,15.31,15.44,69200,5.35
1997-09-19,15.38,15.44,15.31,15.38,62500,5.33
1997-09-18,15.38,15.44,15.38,15.38,66900,5.33
1997-09-17,15.31,15.44,15.31,15.44,25400,5.35
1997-09-16,15.31,15.44,15.25,15.44,81400,5.35
1997-09-15,15.31,15.31,15.25,15.31,34700,5.31
1997-09-12,15.25,15.31,15.19,15.25,19500,5.29
1997-09-11,15.25,15.25,15.19,15.25,41700,5.29
1997-09-10,15.25,15.38,15.25,15.31,59200,5.28
1997-09-09,15.38,15.38,15.25,15.38,37700,5.30
1997-09-08,15.25,15.38,15.25,15.38,51500,5.30
1997-09-05,15.38,15.38,15.12,15.38,69600,5.30
1997-09-04,15.25,15.31,15.25,15.25,17100,5.26
1997-09-03,15.25,15.38,15.25,15.25,32200,5.26
1997-09-02,15.19,15.31,15.12,15.25,56200,5.26
1997-08-29,15.19,15.19,15.12,15.19,29200,5.24
1997-08-28,15.12,15.25,15.12,15.19,45200,5.24
1997-08-27,15.12,15.19,15.06,15.19,42200,5.24
1997-08-26,15.00,15.12,15.00,15.06,112800,5.19
1997-08-25,15.19,15.19,15.00,15.00,84200,5.17
1997-08-22,15.19,15.19,15.06,15.12,71000,5.22
1997-08-21,15.25,15.38,15.25,15.25,45600,5.26
1997-08-20,15.25,15.38,15.25,15.25,36700,5.26
1997-08-19,15.25,15.38,15.25,15.38,81300,5.30
1997-08-18,15.44,15.44,15.19,15.31,60500,5.28
1997-08-15,15.38,15.44,15.31,15.44,29400,5.32
1997-08-14,15.38,15.50,15.38,15.44,42200,5.32
1997-08-13,15.50,15.50,15.31,15.44,79600,5.32
1997-08-12,15.38,15.50,15.38,15.50,59000,5.32
1997-08-11,15.38,15.50,15.38,15.38,45200,5.27
1997-08-08,15.44,15.44,15.25,15.31,57100,5.25
1997-08-07,15.38,15.56,15.38,15.50,51500,5.32
1997-08-06,15.31,15.50,15.31,15.44,81700,5.30
1997-08-05,15.38,15.38,15.31,15.31,50800,5.25
1997-08-04,15.25,15.38,15.12,15.31,65100,5.25
1997-08-01,15.38,15.38,15.12,15.25,43600,5.23
1997-07-31,15.38,15.44,15.31,15.38,60600,5.27
1997-07-30,15.38,15.38,15.25,15.31,85800,5.25
1997-07-29,15.25,15.38,15.25,15.38,81000,5.27
1997-07-28,15.25,15.31,15.19,15.19,51200,5.21
1997-07-25,15.12,15.25,15.12,15.25,48100,5.23
1997-07-24,15.12,15.19,15.06,15.12,43600,5.19
1997-07-23,15.12,15.19,15.12,15.12,33700,5.19
1997-07-22,15.06,15.19,15.06,15.19,54200,5.21
1997-07-21,15.12,15.12,15.06,15.06,37400,5.17
1997-07-18,15.19,15.25,15.06,15.12,72300,5.19
1997-07-17,15.19,15.25,15.19,15.25,36400,5.23
1997-07-16,15.00,15.25,15.00,15.25,126500,5.23
1997-07-15,15.00,15.06,14.94,15.00,86000,5.15
1997-07-14,14.94,15.00,14.94,15.00,63700,5.15
1997-07-11,15.00,15.00,14.88,14.94,109300,5.12
1997-07-10,15.00,15.12,15.00,15.00,68800,5.12
1997-07-09,15.00,15.12,15.00,15.06,54600,5.14
1997-07-08,15.06,15.12,15.06,15.12,62900,5.16
1997-07-07,15.06,15.12,15.00,15.06,91400,5.14
1997-07-03,15.06,15.12,15.06,15.06,83700,5.14
1997-07-02,15.06,15.06,15.00,15.06,54700,5.14
1997-07-01,15.00,15.00,14.94,15.00,39600,5.12
1997-06-30,15.00,15.00,14.94,15.00,37100,5.12
1997-06-27,14.88,15.00,14.88,14.94,76400,5.10
1997-06-26,14.94,15.00,14.88,14.94,48800,5.10
1997-06-25,14.88,15.00,14.88,14.94,27600,5.10
1997-06-24,14.88,15.00,14.88,14.88,51300,5.08
1997-06-23,15.00,15.00,14.88,15.00,30500,5.12
1997-06-20,14.88,15.00,14.88,14.88,50300,5.08
1997-06-19,14.88,15.00,14.88,15.00,57300,5.12
1997-06-18,15.00,15.00,14.88,14.88,68500,5.08
1997-06-17,14.88,15.00,14.88,14.88,30500,5.08
1997-06-16,14.88,15.00,14.88,14.94,25700,5.10
1997-06-13,15.00,15.00,14.88,14.88,49600,5.08
1997-06-12,14.88,15.00,14.88,15.00,33600,5.12
1997-06-11,14.88,15.00,14.88,15.00,66100,5.12
1997-06-10,15.00,15.06,14.88,14.88,36300,5.05
1997-06-09,15.00,15.00,14.88,14.88,67800,5.05
1997-06-06,14.88,15.00,14.75,15.00,76200,5.09
1997-06-05,14.88,14.88,14.75,14.88,35400,5.05
1997-06-04,14.75,14.88,14.69,14.81,93100,5.03
1997-06-03,14.75,14.75,14.12,14.75,70900,5.01
1997-06-02,14.75,14.75,14.62,14.69,77400,4.99
1997-05-30,14.62,14.75,14.62,14.62,66700,4.97
1997-05-29,14.62,14.75,14.62,14.62,72600,4.97
1997-05-28,14.50,14.62,14.50,14.62,61200,4.97
1997-05-27,14.50,14.62,14.50,14.62,48600,4.97
1997-05-23,14.50,14.62,14.50,14.50,34000,4.92
1997-05-22,14.62,14.62,14.50,14.62,30600,4.97
1997-05-21,14.62,14.62,14.50,14.62,37800,4.97
1997-05-20,14.62,14.62,14.50,14.56,41200,4.94
1997-05-19,14.50,14.62,14.50,14.62,52900,4.97
1997-05-16,14.50,14.62,14.50,14.50,48800,4.92
1997-05-15,14.50,14.62,14.50,14.62,37700,4.97
1997-05-14,14.50,14.62,14.50,14.50,40000,4.92
1997-05-13,14.62,14.62,14.50,14.50,101700,4.92
1997-05-12,14.62,14.75,14.62,14.62,33800,4.94
1997-05-09,14.62,14.75,14.62,14.75,65800,4.98
1997-05-08,14.62,14.75,14.62,14.75,61100,4.98
1997-05-07,14.62,14.75,14.62,14.75,82100,4.98
1997-05-06,14.62,14.75,14.62,14.69,44700,4.96
1997-05-05,14.62,14.75,14.62,14.75,67200,4.98
1997-05-02,14.62,14.75,14.62,14.75,23200,4.98
1997-05-01,14.50,14.62,14.50,14.62,59500,4.94
1997-04-30,14.62,14.62,14.50,14.62,61600,4.94
1997-04-29,14.50,14.62,14.50,14.62,98900,4.94
1997-04-28,14.38,14.50,14.38,14.38,35600,4.85
1997-04-25,14.38,14.50,14.38,14.50,20400,4.90
1997-04-24,14.50,14.50,14.38,14.38,36200,4.85
1997-04-23,14.50,14.50,14.38,14.50,69700,4.90
1997-04-22,14.38,14.50,14.38,14.50,61600,4.90
1997-04-21,14.38,14.50,14.25,14.50,92900,4.90
1997-04-18,14.25,14.38,14.25,14.25,54100,4.81
1997-04-17,14.12,14.38,14.12,14.31,66700,4.83
1997-04-16,14.12,14.25,14.12,14.25,65100,4.81
1997-04-15,14.25,14.25,14.12,14.25,104200,4.81
1997-04-14,14.12,14.25,14.12,14.12,92200,4.77
1997-04-11,14.25,14.38,14.12,14.12,93200,4.77
1997-04-10,14.50,14.50,14.38,14.50,60600,4.87
1997-04-09,14.38,14.50,14.38,14.50,29800,4.87
1997-04-08,14.38,14.50,14.38,14.38,47800,4.83
1997-04-07,14.38,14.50,14.38,14.38,80600,4.83
1997-04-04,14.38,14.50,14.38,14.38,30000,4.83
1997-04-03,14.38,14.50,14.38,14.50,77700,4.87
1997-04-02,14.50,14.50,14.38,14.50,41600,4.87
1997-04-01,14.38,14.50,14.38,14.38,20900,4.83
1997-03-31,14.38,14.50,14.38,14.38,54700,4.83
1997-03-27,14.38,14.50,14.38,14.50,128400,4.87
1997-03-26,14.38,14.50,14.38,14.38,61500,4.83
1997-03-25,14.38,14.50,14.38,14.38,56600,4.83
1997-03-24,14.38,14.50,14.38,14.50,44800,4.87
1997-03-21,14.25,14.50,14.25,14.38,28100,4.83
1997-03-20,14.38,14.38,14.25,14.38,38900,4.83
1997-03-19,14.38,14.50,14.38,14.44,94000,4.85
1997-03-18,14.50,14.62,14.38,14.38,46700,4.83
1997-03-17,14.50,14.62,14.38,14.38,41800,4.83
1997-03-14,14.50,14.75,14.50,14.56,98700,4.89
1997-03-13,14.75,14.75,14.50,14.62,92300,4.91
1997-03-12,14.75,14.75,14.62,14.75,81500,4.95
1997-03-11,14.88,14.88,14.75,14.75,90700,4.93
1997-03-10,14.75,14.88,14.62,14.75,72100,4.93
1997-03-07,14.75,14.88,14.75,14.81,60600,4.95
1997-03-06,14.75,14.88,14.75,14.88,55100,4.97
1997-03-05,14.75,14.88,14.62,14.88,66600,4.97
1997-03-04,14.75,14.88,14.62,14.62,121800,4.89
1997-03-03,14.75,14.88,14.75,14.75,45600,4.93
1997-02-28,15.00,15.00,14.75,14.75,59600,4.93
1997-02-27,14.75,15.00,14.75,14.88,138100,4.97
1997-02-26,14.75,14.88,14.75,14.75,39100,4.93
1997-02-25,14.75,14.88,14.75,14.88,75000,4.97
1997-02-24,14.75,14.88,14.75,14.75,53200,4.93
1997-02-21,14.75,14.88,14.75,14.88,75200,4.97
1997-02-20,14.75,14.88,14.75,14.88,52500,4.97
1997-02-19,14.75,14.88,14.75,14.88,90900,4.97
1997-02-18,14.75,14.88,14.75,14.88,70600,4.97
1997-02-14,14.75,14.88,14.62,14.75,89300,4.93
1997-02-13,14.62,14.75,14.62,14.62,209600,4.89
1997-02-12,14.75,14.75,14.62,14.75,107100,4.93
1997-02-11,14.75,15.00,14.75,14.88,98800,4.94
1997-02-10,14.75,14.88,14.75,14.75,54700,4.90
1997-02-07,14.75,14.88,14.75,14.88,62600,4.94
1997-02-06,14.75,14.88,14.62,14.75,72200,4.90
1997-02-05,14.75,14.88,14.75,14.75,85600,4.90
1997-02-04,14.88,14.88,14.75,14.88,72600,4.94
1997-02-03,14.75,14.88,14.75,14.88,138800,4.94
1997-01-31,14.88,14.88,14.75,14.75,108000,4.90
1997-01-30,14.88,14.88,14.75,14.75,79300,4.90
1997-01-29,14.88,14.88,14.75,14.75,85900,4.90
1997-01-28,14.88,14.88,14.75,14.88,172400,4.94
1997-01-27,14.75,14.88,14.62,14.88,35700,4.94
1997-01-24,14.75,14.88,14.62,14.62,63300,4.86
1997-01-23,14.75,14.88,14.75,14.75,66100,4.90
1997-01-22,14.75,15.12,14.62,14.88,126100,4.94
1997-01-21,14.75,14.88,14.75,14.81,91700,4.92
1997-01-20,14.62,14.88,14.62,14.75,100600,4.90
1997-01-17,14.75,14.88,14.62,14.75,60300,4.90
1997-01-16,14.75,14.88,14.75,14.75,106700,4.90
1997-01-15,14.75,14.88,14.62,14.75,126700,4.90
1997-01-14,14.75,14.88,14.62,14.75,111900,4.90
1997-01-13,14.75,14.88,14.62,14.75,82200,4.90
1997-01-10,14.75,14.88,14.62,14.88,85100,4.92
1997-01-09,14.75,14.75,14.62,14.75,111800,4.88
1997-01-08,14.75,14.75,14.62,14.75,81900,4.88
1997-01-07,14.50,14.75,14.50,14.62,104700,4.84
1997-01-06,14.62,14.62,14.50,14.62,85600,4.84
1997-01-03,14.50,14.62,14.50,14.62,18700,4.84
1997-01-02,14.75,14.75,14.50,14.50,115600,4.79
1996-12-31,14.75,14.75,14.62,14.62,114600,4.84
1996-12-30,14.75,14.75,14.62,14.62,42300,4.84
1996-12-27,14.50,14.75,14.50,14.62,120800,4.84
1996-12-26,14.50,14.62,14.38,14.50,104000,4.79
1996-12-24,14.38,14.50,14.38,14.50,56600,4.79
1996-12-23,14.50,14.50,14.38,14.38,41500,4.75
1996-12-20,14.38,14.50,14.38,14.50,74400,4.79
1996-12-19,14.25,14.38,14.12,14.38,182000,4.75
1996-12-18,14.00,14.12,14.00,14.12,113400,4.67
1996-12-17,14.00,14.12,13.88,14.12,123300,4.67
1996-12-16,13.75,14.00,13.75,13.88,135300,4.59
1996-12-13,13.75,14.00,13.75,14.00,84500,4.63
1996-12-12,13.75,14.00,13.75,13.75,120500,4.55
1996-12-11,14.00,14.00,13.75,13.88,159700,4.59
1996-12-10,14.00,14.12,14.00,14.06,76000,4.62
1996-12-09,14.00,14.25,14.00,14.12,71200,4.64
1996-12-06,14.12,14.12,14.00,14.00,118300,4.60
1996-12-05,14.38,14.38,14.12,14.12,125500,4.64
1996-12-04,14.38,14.38,14.25,14.25,67400,4.68
1996-12-03,14.50,14.50,14.25,14.50,75500,4.77
1996-12-02,14.50,14.50,14.38,14.38,43200,4.73
1996-11-29,14.50,14.50,14.38,14.38,34000,4.73
1996-11-27,14.50,14.50,14.38,14.38,64700,4.73
1996-11-26,14.38,14.50,14.38,14.38,26100,4.73
1996-11-25,14.25,14.50,14.25,14.50,71100,4.77
1996-11-22,14.38,14.38,14.25,14.38,64700,4.73
1996-11-21,14.38,14.50,14.25,14.25,53500,4.68
1996-11-20,14.50,14.50,14.38,14.38,65300,4.73
1996-11-19,14.38,14.50,14.38,14.38,43500,4.73
1996-11-18,14.38,14.50,14.38,14.50,37900,4.77
1996-11-15,14.38,14.50,14.38,14.38,42200,4.73
1996-11-14,14.25,14.50,14.25,14.44,119800,4.75
1996-11-13,14.38,14.38,14.25,14.38,124300,4.73
1996-11-12,14.38,14.38,14.25,14.38,56400,4.70
1996-11-11,14.38,14.38,14.25,14.25,41700,4.66
1996-11-08,14.38,14.38,14.25,14.25,88700,4.66
1996-11-07,14.25,14.38,14.25,14.38,55400,4.70
1996-11-06,14.25,14.38,14.25,14.31,54600,4.68
1996-11-05,14.25,14.38,14.12,14.31,99100,4.68
1996-11-04,14.25,14.25,14.12,14.25,28400,4.66
1996-11-01,14.25,14.25,14.12,14.25,30600,4.66
1996-10-31,14.25,14.25,14.12,14.12,49500,4.62
1996-10-30,14.12,14.25,14.12,14.12,108500,4.62
1996-10-29,14.12,14.25,14.12,14.12,149300,4.62
1996-10-28,14.00,14.12,14.00,14.00,41800,4.58
1996-10-25,14.00,14.12,14.00,14.12,19500,4.62
1996-10-24,14.12,14.12,14.00,14.00,27800,4.58
1996-10-23,14.12,14.12,14.00,14.00,94500,4.58
1996-10-22,14.00,14.12,14.00,14.12,95900,4.62
1996-10-21,14.12,14.25,14.12,14.12,50700,4.62
1996-10-18,14.00,14.25,14.00,14.12,25900,4.62
1996-10-17,14.12,14.25,14.00,14.12,23100,4.62
1996-10-16,14.00,14.12,14.00,14.12,85600,4.62
1996-10-15,14.12,14.25,14.12,14.12,101000,4.62
1996-10-14,14.38,14.38,14.12,14.25,174600,4.66
1996-10-11,14.25,14.38,14.25,14.38,78400,4.70
1996-10-10,14.50,14.50,14.25,14.25,114500,4.66
1996-10-09,14.38,14.50,14.38,14.50,26300,4.72
1996-10-08,14.50,14.50,14.38,14.50,42200,4.72
1996-10-07,14.38,14.50,14.38,14.44,44500,4.70
1996-10-04,14.25,14.38,14.25,14.38,64600,4.68
1996-10-03,14.25,14.38,14.25,14.25,31000,4.63
1996-10-02,14.25,14.38,14.25,14.25,50000,4.63
1996-10-01,14.12,14.38,14.12,14.25,52000,4.63
1996-09-30,14.25,14.25,14.12,14.19,85000,4.61
1996-09-27,14.25,14.25,14.12,14.25,64700,4.63
1996-09-26,14.12,14.25,14.12,14.12,42900,4.59
1996-09-25,14.12,14.12,14.00,14.00,54800,4.55
1996-09-24,14.12,14.12,14.00,14.00,49100,4.55
1996-09-23,13.88,14.12,13.88,14.12,48600,4.59
1996-09-20,14.00,14.12,14.00,14.00,32100,4.55
1996-09-19,14.00,14.12,14.00,14.12,38800,4.59
1996-09-18,14.00,14.12,14.00,14.12,43500,4.59
1996-09-17,14.00,14.12,14.00,14.00,50000,4.55
1996-09-16,14.12,14.12,14.00,14.12,68800,4.59
1996-09-13,14.00,14.12,13.88,14.00,43400,4.55
1996-09-12,14.00,14.00,13.88,13.88,26100,4.51
1996-09-11,13.88,14.00,13.88,14.00,17500,4.55
1996-09-10,14.00,14.12,13.88,14.12,22600,4.57
1996-09-09,14.00,14.12,13.88,14.00,21600,4.53
1996-09-06,13.88,14.00,13.88,13.88,34800,4.49
1996-09-05,14.00,14.12,13.88,14.00,24900,4.53
1996-09-04,14.00,14.12,14.00,14.00,36200,4.53
1996-09-03,14.00,14.12,14.00,14.12,44800,4.57
1996-08-30,14.25,14.25,14.12,14.12,27900,4.57
1996-08-29,14.25,14.38,14.12,14.12,92200,4.57
1996-08-28,14.25,14.38,14.25,14.25,36300,4.61
1996-08-27,14.38,14.38,14.25,14.25,54700,4.61
1996-08-26,14.25,14.38,14.25,14.25,44700,4.61
1996-08-23,14.25,14.38,14.25,14.38,48200,4.65
1996-08-22,14.25,14.38,14.25,14.38,74900,4.65
1996-08-21,14.25,14.38,14.25,14.25,64300,4.61
1996-08-20,14.25,14.38,14.12,14.38,154600,4.65
1996-08-19,14.00,14.25,14.00,14.12,15500,4.57
1996-08-16,14.12,14.25,14.00,14.12,64100,4.57
1996-08-15,14.12,14.25,14.00,14.12,45000,4.57
1996-08-14,14.12,14.25,14.00,14.12,33800,4.57
1996-08-13,14.12,14.12,14.00,14.12,42300,4.57
1996-08-12,14.25,14.25,14.12,14.12,42200,4.54
1996-08-09,14.12,14.25,14.00,14.12,148300,4.54
1996-08-08,14.00,14.12,14.00,14.12,40900,4.54
1996-08-07,14.00,14.12,14.00,14.00,62100,4.50
1996-08-06,13.88,14.00,13.88,13.88,92800,4.46
1996-08-05,13.88,14.00,13.88,13.88,24300,4.46
1996-08-02,14.00,14.00,13.88,14.00,86600,4.50
1996-08-01,14.00,14.00,13.88,14.00,57900,4.50
1996-07-31,13.88,14.00,13.88,13.94,44300,4.48
1996-07-30,13.88,14.00,13.75,13.88,105600,4.46
1996-07-29,13.88,14.00,13.88,13.88,29500,4.46
1996-07-26,13.88,14.00,13.88,14.00,160300,4.50
1996-07-25,13.88,14.00,13.75,13.75,62700,4.42
1996-07-24,13.88,14.00,13.75,13.75,25100,4.42
1996-07-23,13.88,14.00,13.88,13.88,35400,4.46
1996-07-22,13.75,13.88,13.75,13.75,34900,4.42
1996-07-19,13.75,14.00,13.75,13.75,18600,4.42
1996-07-18,13.88,13.88,13.75,13.88,56200,4.46
1996-07-17,13.75,13.88,13.75,13.88,74500,4.46
1996-07-16,13.75,13.88,13.75,13.88,65100,4.46
1996-07-15,13.62,13.75,13.62,13.75,102700,4.42
1996-07-12,13.62,13.75,13.62,13.75,20600,4.42
1996-07-11,13.62,13.75,13.50,13.75,52800,4.42
1996-07-10,13.75,13.75,13.62,13.69,41000,4.38
1996-07-09,13.62,13.75,13.62,13.75,37400,4.40
1996-07-08,13.62,13.75,13.50,13.75,105900,4.40
1996-07-05,13.62,13.75,13.50,13.62,57100,4.36
1996-07-03,13.75,13.88,13.75,13.75,44600,4.40
1996-07-02,13.75,13.88,13.75,13.88,22200,4.44
1996-07-01,13.88,13.88,13.75,13.88,27800,4.44
1996-06-28,13.88,13.88,13.75,13.88,33200,4.44
1996-06-27,13.62,13.88,13.62,13.88,236900,4.44
1996-06-26,13.75,13.75,13.62,13.75,22200,4.40
1996-06-25,13.50,13.75,13.50,13.62,147300,4.36
1996-06-24,13.50,13.62,13.50,13.50,33400,4.32
1996-06-21,13.50,13.62,13.50,13.50,24100,4.32
1996-06-20,13.50,13.62,13.38,13.50,21400,4.32
1996-06-19,13.50,13.62,13.38,13.50,42100,4.32
1996-06-18,13.50,13.62,13.38,13.50,69700,4.32
1996-06-17,13.50,13.62,13.50,13.50,31900,4.32
1996-06-14,13.62,13.62,13.50,13.50,18900,4.32
1996-06-13,13.62,13.62,13.50,13.62,32500,4.36
1996-06-12,13.50,13.62,13.38,13.62,65500,4.36
1996-06-11,13.62,13.62,13.50,13.62,54000,4.33
1996-06-10,13.62,13.62,13.50,13.50,34300,4.29
1996-06-07,13.38,13.62,13.38,13.62,57000,4.33
1996-06-06,13.62,13.62,13.50,13.62,50100,4.33
1996-06-05,13.62,13.62,13.38,13.50,35800,4.29
1996-06-04,13.62,13.62,13.50,13.50,43600,4.29
1996-06-03,13.38,13.50,13.38,13.50,35500,4.29
1996-05-31,13.50,13.62,13.38,13.50,87200,4.29
1996-05-30,13.50,13.62,13.50,13.56,64300,4.31
1996-05-29,13.75,13.75,13.50,13.50,43000,4.29
1996-05-28,13.50,13.75,13.50,13.75,55000,4.37
1996-05-24,13.50,13.62,13.50,13.62,44200,4.33
1996-05-23,13.62,13.62,13.50,13.50,30000,4.29
1996-05-22,13.50,13.62,13.50,13.62,27400,4.33
1996-05-21,13.50,13.62,13.50,13.62,29500,4.33
1996-05-20,13.50,13.62,13.50,13.62,42000,4.33
1996-05-17,13.75,13.75,13.50,13.50,55200,4.29
1996-05-16,13.62,13.75,13.50,13.62,40600,4.33
1996-05-15,13.62,13.75,13.62,13.62,23800,4.33
1996-05-14,13.62,13.75,13.62,13.62,38800,4.33
1996-05-13,13.62,13.75,13.62,13.62,15500,4.33
1996-05-10,13.75,13.88,13.75,13.75,23300,4.35
1996-05-09,13.75,13.75,13.62,13.62,33700,4.31
1996-05-08,13.75,13.88,13.62,13.75,20100,4.35
1996-05-07,13.62,13.75,13.62,13.75,21500,4.35
1996-05-06,13.50,13.62,13.50,13.62,43700,4.31
1996-05-03,13.50,13.62,13.50,13.50,63800,4.27
1996-05-02,13.75,13.75,13.38,13.50,86100,4.27
1996-05-01,13.75,13.88,13.62,13.75,48300,4.35
1996-04-30,13.75,13.88,13.75,13.88,23300,4.39
1996-04-29,13.88,13.88,13.75,13.81,101200,4.37
1996-04-26,13.75,14.00,13.75,13.88,62000,4.39
1996-04-25,13.88,13.88,13.75,13.75,21700,4.35
1996-04-24,13.88,13.88,13.75,13.88,13400,4.39
1996-04-23,13.88,13.88,13.75,13.75,33800,4.35
1996-04-22,13.75,13.88,13.75,13.88,108500,4.39
1996-04-19,13.75,13.75,13.62,13.75,30100,4.35
1996-04-18,13.62,13.75,13.50,13.75,47600,4.35
1996-04-17,13.38,13.62,13.38,13.62,109300,4.31
1996-04-16,13.38,13.50,13.38,13.38,31900,4.23
1996-04-15,13.38,13.50,13.38,13.38,15400,4.23
1996-04-12,13.12,13.50,13.12,13.38,47100,4.23
1996-04-11,13.25,13.38,13.12,13.12,93400,4.15
1996-04-10,13.38,13.38,13.25,13.38,42900,4.20
1996-04-09,13.38,13.50,13.38,13.38,80500,4.20
1996-04-08,13.12,13.38,13.12,13.25,215500,4.16
1996-04-04,13.88,13.88,13.75,13.75,24800,4.32
1996-04-03,13.88,14.00,13.75,13.75,42300,4.32
1996-04-02,13.88,14.00,13.88,13.88,44300,4.36
1996-04-01,13.88,14.00,13.88,13.88,14500,4.36
1996-03-29,14.00,14.00,13.88,13.88,31000,4.36
1996-03-28,13.88,14.00,13.88,14.00,66900,4.40
1996-03-27,14.00,14.12,13.88,13.88,33400,4.36
1996-03-26,13.88,14.12,13.88,14.12,39900,4.44
1996-03-25,13.88,14.00,13.88,13.88,23000,4.36
1996-03-22,13.88,13.88,13.75,13.88,29900,4.36
1996-03-21,13.75,13.88,13.62,13.75,13300,4.32
1996-03-20,13.75,13.88,13.62,13.62,26600,4.28
1996-03-19,13.62,13.88,13.62,13.62,22100,4.28
1996-03-18,13.62,13.75,13.62,13.62,28600,4.28
1996-03-15,13.75,13.75,13.62,13.62,37500,4.28
1996-03-14,13.75,13.88,13.75,13.75,28500,4.32
1996-03-13,13.75,13.75,13.62,13.62,53600,4.28
1996-03-12,13.88,13.88,13.75,13.75,39800,4.30
1996-03-11,13.38,14.00,13.25,14.00,83200,4.38
1996-03-08,14.25,14.25,13.50,13.50,260100,4.22
1996-03-07,14.38,14.38,14.25,14.25,91300,4.45
1996-03-06,14.38,14.50,14.38,14.38,34200,4.49
1996-03-05,14.38,14.50,14.38,14.50,42900,4.53
1996-03-04,14.50,14.50,14.38,14.38,39200,4.49
1996-03-01,14.38,14.50,14.38,14.50,43600,4.53
1996-02-29,14.38,14.38,14.25,14.38,55400,4.49
1996-02-28,14.38,14.38,14.25,14.25,61500,4.45
1996-02-27,14.25,14.38,14.12,14.25,74900,4.45
1996-02-26,14.25,14.38,14.12,14.12,44700,4.41
1996-02-23,14.38,14.38,14.25,14.25,53600,4.45
1996-02-22,14.25,14.38,14.12,14.38,90800,4.49
1996-02-21,14.12,14.38,14.12,14.25,72100,4.45
1996-02-20,14.25,14.38,14.12,14.12,69000,4.41
1996-02-16,14.25,14.38,14.25,14.38,60800,4.49
1996-02-15,14.38,14.38,14.25,14.38,56600,4.49
1996-02-14,14.38,14.38,14.25,14.38,84400,4.49
1996-02-13,14.12,14.38,14.12,14.25,71300,4.45
1996-02-12,14.38,14.38,14.25,14.38,55500,4.47
1996-02-09,14.25,14.38,14.25,14.25,72400,4.43
1996-02-08,14.38,14.38,14.25,14.38,70300,4.47
1996-02-07,14.25,14.38,14.25,14.38,102700,4.47
1996-02-06,14.12,14.38,14.12,14.25,72300,4.43
1996-02-05,14.12,14.25,14.12,14.12,72400,4.39
1996-02-02,14.25,14.38,14.12,14.12,59000,4.39
1996-02-01,14.38,14.38,14.12,14.12,81400,4.39
1996-01-31,14.25,14.38,14.25,14.38,55700,4.47
1996-01-30,14.25,14.25,14.12,14.25,116800,4.43
1996-01-29,14.12,14.25,14.00,14.25,76500,4.43
1996-01-26,14.00,14.12,14.00,14.12,52200,4.39
1996-01-25,14.00,14.12,13.88,14.12,68900,4.39
1996-01-24,14.00,14.12,13.88,14.00,147800,4.35
1996-01-23,13.88,14.00,13.88,14.00,40200,4.35
1996-01-22,14.00,14.00,13.75,13.88,42600,4.31
1996-01-19,13.88,14.00,13.75,14.00,60600,4.35
1996-01-18,13.88,13.88,13.75,13.88,47200,4.31
1996-01-17,13.75,14.00,13.75,13.75,78400,4.27
1996-01-16,13.75,13.88,13.75,13.75,28600,4.27
1996-01-15,13.75,13.88,13.75,13.88,37800,4.31
1996-01-12,13.75,13.88,13.75,13.88,31400,4.31
1996-01-11,13.62,13.88,13.62,13.88,25000,4.31
1996-01-10,13.75,13.88,13.75,13.88,59600,4.31
1996-01-09,13.88,14.00,13.88,14.00,49500,4.33
1996-01-08,13.88,14.00,13.88,13.94,21800,4.31
1996-01-05,14.00,14.00,13.88,14.00,82500,4.33
1996-01-04,14.00,14.00,13.88,13.88,43600,4.29
1996-01-03,14.00,14.00,13.75,13.88,56500,4.29
1996-01-02,13.75,13.88,13.75,13.88,30800,4.29
1995-12-29,13.75,14.00,13.75,13.75,103900,4.25
1995-12-28,13.75,13.88,13.75,13.75,148900,4.25
1995-12-27,13.50,13.75,13.50,13.62,54600,4.21
1995-12-26,13.50,13.62,13.50,13.62,46500,4.21
1995-12-22,13.50,13.62,13.50,13.50,189900,4.17
1995-12-21,13.62,13.62,13.38,13.62,89400,4.21
1995-12-20,13.75,13.88,13.62,13.62,78000,4.21
1995-12-19,13.62,13.88,13.50,13.75,122000,4.25
1995-12-18,13.50,13.62,13.50,13.62,93800,4.21
1995-12-15,13.50,13.62,13.38,13.62,103900,4.21
1995-12-14,13.50,13.50,13.38,13.50,121800,4.17
1995-12-13,13.50,13.62,13.38,13.44,204600,4.15
1995-12-12,13.62,13.75,13.50,13.62,104800,4.19
1995-12-11,13.75,13.75,13.50,13.62,110900,4.19
1995-12-08,13.88,13.88,13.62,13.62,71300,4.19
1995-12-07,13.88,13.88,13.62,13.75,127300,4.23
1995-12-06,13.88,14.00,13.75,13.75,88400,4.23
1995-12-05,13.88,14.00,13.75,13.88,158600,4.27
1995-12-04,13.88,14.12,13.88,13.88,94200,4.27
1995-12-01,13.75,13.88,13.62,13.88,74000,4.27
1995-11-30,13.75,13.88,13.62,13.75,57600,4.23
1995-11-29,13.50,13.75,13.50,13.50,78100,4.15
1995-11-28,13.50,13.62,13.38,13.50,54300,4.15
1995-11-27,13.38,13.50,13.38,13.38,113200,4.11
1995-11-24,13.50,13.50,13.38,13.38,15300,4.11
1995-11-22,13.50,13.50,13.38,13.50,139300,4.15
1995-11-21,13.38,13.50,13.38,13.50,58900,4.15
1995-11-20,13.38,13.50,13.38,13.50,121800,4.15
1995-11-17,13.38,13.50,13.38,13.50,55600,4.15
1995-11-16,13.38,13.50,13.38,13.38,110200,4.11
1995-11-15,13.25,13.38,13.25,13.38,70100,4.11
1995-11-14,13.38,13.50,13.25,13.25,74500,4.07
1995-11-13,13.38,13.50,13.25,13.50,54500,4.15
1995-11-10,13.50,13.50,13.38,13.38,47700,4.09
1995-11-09,13.50,13.50,13.38,13.50,59800,4.13
1995-11-08,13.38,13.50,13.25,13.50,71300,4.13
1995-11-07,13.25,13.50,13.25,13.34,75500,4.08
1995-11-06,13.25,13.38,13.12,13.25,125000,4.05
1995-11-03,13.25,13.25,13.12,13.25,57000,4.05
1995-11-02,13.12,13.25,13.12,13.19,189500,4.03
1995-11-01,13.25,13.25,13.12,13.25,79000,4.05
1995-10-31,13.25,13.25,13.12,13.12,114200,4.01
1995-10-30,13.12,13.25,13.12,13.12,46000,4.01
1995-10-27,13.00,13.25,13.00,13.12,77700,4.01
1995-10-26,13.25,13.25,13.00,13.12,114500,4.01
1995-10-25,13.25,13.25,13.12,13.25,108200,4.05
1995-10-24,13.12,13.25,13.00,13.25,91300,4.05
1995-10-23,13.00,13.25,12.25,13.12,58800,4.01
1995-10-20,13.25,13.25,13.00,13.12,102600,4.01
1995-10-19,13.12,13.25,13.12,13.25,86200,4.05
1995-10-18,13.25,13.25,13.12,13.12,55900,4.01
1995-10-17,13.25,13.25,13.12,13.12,63900,4.01
1995-10-16,13.12,13.25,13.00,13.25,20800,4.05
1995-10-13,13.12,13.25,13.00,13.12,107300,4.01
1995-10-12,13.12,13.12,13.00,13.00,52600,3.97
1995-10-11,13.00,13.12,12.88,13.12,71900,4.01
1995-10-10,13.12,13.12,13.00,13.12,63100,3.99
1995-10-09,13.12,13.12,13.00,13.00,43700,3.95
1995-10-06,13.12,13.12,13.00,13.00,42700,3.95
1995-10-05,13.00,13.12,13.00,13.00,44400,3.95
1995-10-04,13.12,13.12,13.00,13.12,50200,3.99
1995-10-03,13.00,13.12,13.00,13.00,96500,3.95
1995-10-02,13.00,13.12,13.00,13.12,110700,3.99
1995-09-29,13.00,13.12,12.88,13.00,100200,3.95
1995-09-28,12.88,13.00,12.75,12.88,71300,3.91
1995-09-27,12.75,12.88,12.75,12.88,42800,3.91
1995-09-26,12.88,13.00,12.75,12.88,69500,3.91
1995-09-25,12.88,12.88,12.75,12.75,54200,3.87
1995-09-22,12.88,13.00,12.75,12.75,89500,3.87
1995-09-21,12.88,13.00,12.88,13.00,59700,3.95
1995-09-20,12.88,13.00,12.75,13.00,127000,3.95
1995-09-19,12.75,12.88,12.62,12.88,50600,3.91
1995-09-18,12.75,12.75,12.62,12.75,49500,3.87
1995-09-15,12.62,12.88,12.62,12.75,59000,3.87
1995-09-14,12.75,12.75,12.62,12.75,54100,3.87
1995-09-13,12.62,12.75,12.62,12.75,65900,3.87
1995-09-12,12.62,12.75,12.62,12.62,47600,3.81
1995-09-11,12.62,12.75,12.62,12.62,387100,3.81
1995-09-08,12.62,12.75,12.62,12.75,148700,3.85
1995-09-07,12.88,12.88,12.62,12.75,212800,3.85
1995-09-06,12.88,13.00,12.88,12.88,40000,3.89
1995-09-05,12.88,13.00,12.88,13.00,94500,3.93
1995-09-01,12.88,12.88,12.75,12.75,32200,3.85
1995-08-31,13.00,13.00,12.88,13.00,22100,3.93
1995-08-30,13.00,13.00,12.88,13.00,30700,3.93
1995-08-29,13.00,13.00,12.88,13.00,26700,3.93
1995-08-28,12.88,13.00,12.88,13.00,21900,3.93
1995-08-25,12.88,13.00,12.75,12.88,49400,3.89
1995-08-24,12.62,12.88,12.62,12.88,32900,3.89
1995-08-23,12.75,12.75,12.62,12.75,27400,3.85
1995-08-22,12.75,12.75,12.62,12.75,45700,3.85
1995-08-21,12.62,12.75,12.62,12.75,28000,3.85
1995-08-18,12.62,12.75,12.62,12.75,45400,3.85
1995-08-17,12.75,12.88,12.62,12.62,51700,3.81
1995-08-16,12.62,12.88,12.62,12.75,84800,3.85
1995-08-15,12.75,12.75,12.50,12.62,64100,3.81
1995-08-14,12.88,12.88,12.62,12.75,37300,3.85
1995-08-11,12.88,12.88,12.75,12.88,47700,3.89
1995-08-10,13.12,13.12,12.88,13.00,69800,3.93
1995-08-09,13.00,13.12,13.00,13.12,42600,3.96
1995-08-08,13.12,13.12,13.00,13.00,56000,3.93
1995-08-07,13.00,13.12,13.00,13.12,17000,3.96
1995-08-04,13.12,13.12,13.00,13.00,14800,3.93
1995-08-03,13.12,13.12,13.00,13.12,33900,3.96
1995-08-02,13.25,13.25,13.12,13.12,93300,3.96
1995-08-01,13.25,13.38,13.12,13.25,57100,4.00
1995-07-31,13.25,13.38,13.12,13.25,36800,4.00
1995-07-28,13.25,13.25,13.12,13.25,13100,4.00
1995-07-27,13.12,13.25,13.12,13.25,30000,4.00
1995-07-26,13.12,13.25,13.12,13.12,29300,3.96
1995-07-25,13.25,13.25,13.12,13.12,46700,3.96
1995-07-24,13.12,13.25,13.00,13.25,21600,4.00
1995-07-21,13.00,13.25,13.00,13.12,27700,3.96
1995-07-20,13.12,13.12,12.88,13.00,29000,3.93
1995-07-19,13.12,13.25,13.00,13.12,50300,3.96
1995-07-18,13.12,13.25,13.12,13.12,19000,3.96
1995-07-17,13.38,13.50,13.12,13.12,68100,3.96
1995-07-14,13.38,13.50,13.38,13.38,65400,4.04
1995-07-13,13.38,13.50,13.25,13.38,47100,4.04
1995-07-12,13.38,13.38,13.25,13.38,51900,4.04
1995-07-11,13.38,13.50,13.38,13.38,40400,4.04
1995-07-10,13.38,13.62,13.38,13.38,34800,4.04
1995-07-07,13.50,13.50,13.38,13.38,51600,4.04
1995-07-06,13.12,13.50,13.00,13.50,109400,4.08
1995-07-05,12.88,13.12,12.88,13.12,65500,3.96
1995-07-03,12.75,12.88,12.75,12.75,9900,3.85
1995-06-30,12.88,12.88,12.75,12.75,38400,3.85
1995-06-29,12.88,12.88,12.75,12.88,48200,3.89
1995-06-28,13.00,13.00,12.88,12.88,35000,3.89
1995-06-27,13.12,13.12,12.88,13.00,51500,3.93
1995-06-26,13.00,13.12,12.88,13.12,35200,3.96
1995-06-23,13.12,13.12,12.88,13.00,54400,3.93
1995-06-22,13.12,13.25,13.12,13.12,61800,3.96
1995-06-21,13.00,13.12,13.00,13.00,26000,3.93
1995-06-20,13.00,13.00,12.88,12.88,35300,3.89
1995-06-19,12.88,13.12,12.88,13.00,50600,3.93
1995-06-16,13.00,13.00,12.88,12.88,73500,3.89
1995-06-15,13.12,13.25,13.00,13.12,39200,3.96
1995-06-14,13.12,13.25,13.00,13.12,42400,3.96
1995-06-13,13.12,13.25,13.00,13.12,66100,3.96
1995-06-12,13.12,13.25,13.12,13.12,27300,3.96
1995-06-09,13.25,13.38,13.12,13.12,46500,3.96
1995-06-08,13.38,13.38,13.25,13.25,61800,4.00
1995-06-07,13.38,13.50,13.25,13.38,69500,4.04
1995-06-06,13.50,13.62,13.25,13.38,88600,4.04
1995-06-05,13.38,13.50,13.38,13.50,67500,4.08
1995-06-02,13.25,13.62,13.25,13.25,88300,4.00
1995-06-01,13.25,13.38,13.25,13.25,104100,4.00
1995-05-31,13.25,13.38,13.25,13.25,77700,4.00
1995-05-30,13.12,13.38,13.12,13.25,115300,4.00
1995-05-26,13.00,13.12,13.00,13.00,68700,3.93
1995-05-25,12.88,13.00,12.88,13.00,29600,3.93
1995-05-24,12.88,13.00,12.88,12.88,82500,3.89
1995-05-23,12.75,12.88,12.75,12.88,51300,3.89
1995-05-22,12.88,12.88,12.75,12.75,19800,3.85
1995-05-19,12.88,12.88,12.62,12.88,60600,3.89
1995-05-18,12.88,13.00,12.75,12.88,45100,3.89
1995-05-17,12.88,12.88,12.75,12.88,60500,3.89
1995-05-16,12.62,12.88,12.62,12.88,88200,3.89
1995-05-15,12.75,12.75,12.62,12.62,30200,3.81
1995-05-12,12.75,12.75,12.62,12.75,29800,3.85
1995-05-11,12.75,12.75,12.62,12.75,53700,3.85
1995-05-10,12.62,12.88,12.62,12.75,108100,3.85
1995-05-09,12.88,12.88,12.62,12.62,48900,3.81
1995-05-08,12.88,12.88,12.75,12.88,35800,3.89
1995-05-05,12.75,12.88,12.75,12.88,30100,3.89
1995-05-04,12.62,12.88,12.62,12.75,64800,3.85
1995-05-03,12.75,12.75,12.62,12.62,87300,3.81
1995-05-02,12.62,12.88,12.62,12.75,55800,3.85
1995-05-01,12.62,12.75,12.62,12.62,32200,3.81
1995-04-28,12.75,12.75,12.62,12.62,61700,3.81
1995-04-27,12.75,12.88,12.62,12.75,29600,3.85
1995-04-26,12.88,12.88,12.75,12.75,44200,3.85
1995-04-25,13.00,13.00,12.88,12.88,23400,3.89
1995-04-24,13.00,13.12,12.88,13.00,31700,3.93
1995-04-21,13.00,13.12,12.88,13.00,56800,3.93
1995-04-20,13.00,13.00,12.88,13.00,25400,3.93
1995-04-19,13.12,13.12,12.88,13.00,74600,3.93
1995-04-18,13.00,13.12,13.00,13.12,15100,3.96
1995-04-17,13.00,13.12,13.00,13.00,41900,3.93
1995-04-13,12.88,13.00,12.88,13.00,34600,3.93
1995-04-12,12.88,13.12,12.75,12.88,81600,3.89
1995-04-11,12.75,12.88,12.75,12.88,57200,3.89
1995-04-10,12.62,12.88,12.62,12.75,27500,3.85
1995-04-07,12.88,12.88,12.62,12.62,32600,3.81
1995-04-06,12.88,13.00,12.75,12.88,46800,3.89
1995-04-05,12.75,13.00,12.75,12.88,55300,3.89
1995-04-04,12.75,12.88,12.62,12.75,83600,3.85
1995-04-03,12.62,12.88,12.62,12.75,53400,3.85
1995-03-31,12.88,12.88,12.62,12.62,92400,3.81
1995-03-30,12.88,13.00,12.75,12.88,20200,3.89
1995-03-29,12.75,13.00,12.75,12.88,47000,3.89
1995-03-28,12.88,12.88,12.75,12.75,30400,3.85
1995-03-27,12.62,12.88,12.62,12.88,32900,3.89
1995-03-24,12.62,12.88,12.62,12.62,101300,3.81
1995-03-23,12.62,12.75,12.50,12.62,74900,3.81
1995-03-22,12.50,12.62,12.50,12.62,70000,3.81
1995-03-21,12.88,12.88,12.50,12.50,139500,3.77
1995-03-20,12.88,13.00,12.88,12.88,31400,3.89
1995-03-17,12.88,13.00,12.88,12.88,26800,3.89
1995-03-16,12.75,13.12,12.75,12.88,91500,3.89
1995-03-15,12.88,12.88,12.75,12.75,28300,3.85
1995-03-14,12.75,12.88,12.75,12.88,38700,3.89
1995-03-13,12.75,12.88,12.62,12.62,41000,3.81
1995-03-10,12.75,12.88,12.62,12.75,30300,3.85
1995-03-09,12.75,12.75,12.50,12.75,30100,3.85
1995-03-08,12.62,12.88,12.62,12.75,41500,3.85
1995-03-07,13.00,13.00,12.62,12.62,69500,3.81
1995-03-06,13.12,13.12,12.88,13.00,81400,3.93
1995-03-03,13.12,13.38,13.00,13.38,71300,4.04
1995-03-02,13.00,13.12,12.88,13.12,44300,3.96
1995-03-01,12.88,13.12,12.88,13.00,66100,3.93
1995-02-28,12.88,12.88,12.75,12.88,50300,3.89
1995-02-27,12.62,12.88,12.62,12.88,36000,3.89
1995-02-24,12.62,12.75,12.62,12.62,48200,3.81
1995-02-23,12.75,12.75,12.62,12.62,67700,3.81
1995-02-22,12.62,12.75,12.50,12.75,30900,3.85
1995-02-21,12.75,12.88,12.62,12.62,97000,3.81
1995-02-17,12.88,12.88,12.75,12.75,49500,3.85
1995-02-16,12.75,12.88,12.62,12.88,52000,3.89
1995-02-15,12.88,12.88,12.75,12.75,35300,3.85
1995-02-14,12.75,13.00,12.75,12.88,53700,3.89
1995-02-13,12.75,13.00,12.75,12.75,27800,3.85
1995-02-10,12.75,13.00,12.75,12.75,36700,3.85
1995-02-09,12.62,12.88,12.62,12.75,107400,3.85
1995-02-08,12.50,12.75,12.50,12.62,125100,3.81
1995-02-07,12.62,12.75,12.50,12.50,78400,3.77
1995-02-06,12.62,12.62,12.50,12.62,51200,3.81
1995-02-03,12.50,12.62,12.50,12.62,98300,3.81
1995-02-02,12.50,12.62,12.25,12.50,97300,3.77
1995-02-01,12.38,12.75,12.38,12.50,40700,3.77
1995-01-31,12.38,12.50,12.25,12.38,53300,3.74
1995-01-30,12.25,12.38,12.12,12.38,36400,3.74
1995-01-27,12.00,12.38,12.00,12.25,62900,3.70
1995-01-26,12.12,12.12,11.88,12.00,45100,3.62
1995-01-25,12.00,12.12,11.88,12.12,53200,3.66
1995-01-24,12.12,12.12,12.00,12.00,33100,3.62
1995-01-23,12.12,12.12,12.00,12.12,34300,3.66
1995-01-20,12.12,12.12,12.00,12.12,21000,3.66
1995-01-19,12.00,12.12,12.00,12.12,72700,3.66
1995-01-18,12.12,12.25,12.00,12.00,54800,3.62
1995-01-17,12.00,12.25,12.00,12.12,46100,3.66
1995-01-16,11.88,12.12,11.88,12.00,54800,3.62
1995-01-13,11.88,12.12,11.88,11.88,54700,3.59
1995-01-12,11.75,11.88,11.75,11.88,48700,3.59
1995-01-11,11.75,11.88,11.75,11.75,53900,3.55
1995-01-10,11.62,11.88,11.50,11.75,44700,3.55
1995-01-09,11.62,11.75,11.50,11.62,54100,3.51
1995-01-06,11.75,11.88,11.62,11.62,63600,3.51
1995-01-05,11.88,11.88,11.75,11.75,27500,3.55
1995-01-04,11.50,11.88,11.38,11.88,91200,3.59
1995-01-03,11.12,11.50,11.00,11.50,78600,3.47
1994-12-30,11.00,11.25,10.88,11.12,168500,3.36
1994-12-29,11.25,11.25,10.88,11.00,213300,3.32
1994-12-28,11.38,11.38,11.25,11.25,89100,3.40
1994-12-27,11.38,11.62,11.25,11.38,125200,3.43
1994-12-23,11.38,11.38,11.12,11.38,77500,3.43
1994-12-22,11.50,11.50,11.25,11.38,143300,3.43
1994-12-21,11.38,11.62,11.25,11.50,120900,3.47
1994-12-20,11.25,11.62,11.25,11.38,194600,3.43
1994-12-19,11.38,11.38,11.25,11.25,165100,3.40
1994-12-16,11.38,11.38,11.12,11.38,163700,3.43
1994-12-15,11.50,11.50,11.25,11.38,121500,3.43
1994-12-14,11.25,11.50,11.25,11.50,140500,3.47
1994-12-13,11.00,11.38,11.00,11.25,149400,3.40
1994-12-12,11.25,11.38,11.00,11.00,150600,3.32
1994-12-09,11.50,11.50,11.25,11.25,89400,3.40
1994-12-08,11.62,11.75,11.50,11.75,108900,3.55
1994-12-07,11.88,11.88,11.38,11.62,100900,3.51
1994-12-06,12.12,12.12,11.88,11.88,159200,3.59
1994-12-05,12.00,12.12,11.88,12.12,104600,3.66
1994-12-02,11.75,12.00,11.75,12.00,101000,3.62
1994-12-01,11.75,11.88,11.50,11.75,113000,3.55
1994-11-30,11.25,11.88,11.12,11.75,189700,3.55
1994-11-29,11.25,11.38,11.00,11.25,190700,3.40
1994-11-28,11.38,11.50,11.25,11.25,187600,3.40
1994-11-25,11.12,11.38,11.12,11.38,112400,3.43
1994-11-23,10.88,11.12,10.88,11.12,301900,3.36
1994-11-22,11.00,11.00,10.75,10.88,189000,3.28
1994-11-21,11.00,11.00,10.75,11.00,161400,3.32
1994-11-18,10.88,11.12,10.88,11.00,139500,3.32
1994-11-17,11.00,11.12,10.88,10.88,135700,3.28
1994-11-16,11.00,11.12,11.00,11.00,106600,3.32
1994-11-15,10.62,11.12,10.62,11.00,150900,3.32
1994-11-14,10.38,10.75,10.38,10.62,95700,3.21
1994-11-11,10.38,10.50,10.38,10.38,68300,3.13
1994-11-10,10.62,10.75,10.38,10.38,110700,3.13
1994-11-09,10.62,10.88,10.62,10.62,72000,3.21
1994-11-08,10.75,10.75,10.62,10.62,91300,3.21
1994-11-07,11.00,11.00,10.75,10.88,95700,3.28
1994-11-04,11.00,11.12,10.88,11.00,72300,3.32
1994-11-03,11.12,11.12,10.88,11.00,100800,3.32
1994-11-02,11.00,11.12,10.88,11.12,64400,3.36
1994-11-01,11.38,11.38,10.88,11.00,80900,3.32
1994-10-31,11.38,11.38,11.12,11.38,106200,3.43
1994-10-28,11.25,11.50,11.12,11.50,102800,3.47
1994-10-27,11.12,11.25,10.88,11.25,76600,3.40
