Date,Open,High,Low,Close,Volume,Adj Close
2014-06-13,4.12,4.15,4.05,4.15,5107600,4.15
2014-06-12,4.10,4.25,4.03,4.11,9080900,4.11
2014-06-11,4.17,4.19,4.05,4.08,7567900,4.08
2014-06-10,4.26,4.32,4.14,4.19,6260200,4.19
2014-06-09,4.37,4.40,4.20,4.31,7904600,4.31
2014-06-06,4.45,4.47,4.32,4.39,5574800,4.39
2014-06-05,4.38,4.53,4.35,4.44,9960900,4.44
2014-06-04,4.25,4.43,4.17,4.35,9014100,4.35
2014-06-03,4.37,4.58,4.29,4.41,11961200,4.41
2014-06-02,4.49,4.52,4.36,4.38,7196200,4.38
2014-05-30,4.43,4.47,4.27,4.35,8814400,4.35
2014-05-29,4.30,4.61,4.27,4.36,21447300,4.36
2014-05-28,4.00,4.49,4.00,4.36,20144000,4.36
2014-05-27,4.00,4.09,3.95,4.00,9123400,4.00
2014-05-23,4.20,4.30,4.07,4.09,9486200,4.09
2014-05-22,4.42,4.45,4.17,4.30,13715800,4.30
2014-05-21,4.48,4.55,4.36,4.43,12114400,4.43
2014-05-20,4.49,4.66,4.32,4.40,17924900,4.40
2014-05-19,4.38,4.58,4.31,4.49,18324100,4.49
2014-05-16,4.10,4.45,4.04,4.29,29884900,4.29
2014-05-15,4.00,4.16,3.89,4.03,27464500,4.03
2014-05-14,3.83,4.04,3.70,3.82,32938300,3.82
2014-05-13,4.08,4.55,4.00,4.09,55166400,4.09
2014-05-12,3.81,3.92,3.70,3.90,20366300,3.90
2014-05-09,3.93,3.95,3.67,3.72,20633100,3.72
2014-05-08,3.88,4.06,3.62,3.64,22888600,3.64
2014-05-07,3.90,4.08,3.65,3.95,24125000,3.95
2014-05-06,4.05,4.14,3.71,3.80,26640500,3.80
2014-05-05,4.41,4.43,4.01,4.06,27530600,4.06
2014-05-02,4.73,4.76,4.45,4.50,15527500,4.50
2014-05-01,4.67,4.98,4.55,4.69,18070500,4.69
2014-04-30,4.83,4.85,4.55,4.65,13167300,4.65
2014-04-29,4.44,5.08,4.11,4.81,37013500,4.81
2014-04-28,5.37,5.40,4.34,4.66,42907700,4.66
2014-04-25,5.60,5.75,5.32,5.37,51549600,5.37
2014-04-24,6.50,6.57,6.00,6.01,20989500,6.01
2014-04-23,6.15,6.63,6.03,6.41,24079600,6.41
2014-04-22,6.90,6.98,6.55,6.70,31182800,6.70
2014-04-21,7.61,8.37,6.81,7.01,58495700,7.01
2014-04-17,7.08,7.44,7.00,7.32,19830500,7.32
2014-04-16,7.13,7.19,6.83,7.08,11247200,7.08
2014-04-15,7.40,7.48,6.53,6.99,23448300,6.99
2014-04-14,7.37,7.70,7.06,7.32,19839100,7.32
2014-04-11,6.95,7.40,6.81,7.29,19644400,7.29
2014-04-10,7.15,7.43,6.91,7.04,15875600,7.04
2014-04-09,7.12,7.23,7.01,7.15,10938900,7.15
2014-04-08,7.08,7.28,6.80,7.21,17744500,7.21
2014-04-07,6.95,7.18,6.58,6.74,19453800,6.74
2014-04-04,7.64,7.72,6.95,7.12,27207900,7.12
2014-04-03,7.70,7.87,7.47,7.63,27409400,7.63
2014-04-02,7.61,8.10,7.17,7.48,59488200,7.48
2014-04-01,7.01,7.68,6.85,7.54,41872000,7.54
2014-03-31,7.09,7.42,6.92,7.10,36313200,7.10
2014-03-28,6.85,7.15,6.68,6.90,26162900,6.90
2014-03-27,6.55,7.19,6.21,6.89,45187800,6.89
2014-03-26,7.63,7.86,6.26,6.45,119252700,6.45
2014-03-25,5.93,8.48,5.80,8.48,137021500,8.48
2014-03-24,6.10,6.23,5.56,5.69,26559500,5.69
2014-03-21,6.09,6.12,5.33,5.94,52597200,5.94
2014-03-20,6.10,6.33,5.91,5.97,27852300,5.97
2014-03-19,6.19,6.57,5.99,6.21,52422400,6.21
2014-03-18,6.49,6.59,5.82,5.96,56945500,5.96
2014-03-17,7.18,7.34,6.27,6.51,58073600,6.51
2014-03-14,7.48,7.99,6.58,6.71,75379800,6.71
2014-03-13,7.58,8.48,6.96,8.00,131348100,8.00
2014-03-12,5.82,7.40,5.32,6.80,140949000,6.80
2014-03-11,11.44,11.72,5.95,6.03,243272100,6.03
2014-03-10,9.23,11.41,8.57,10.31,211757700,10.31
2014-03-07,6.79,8.35,6.53,8.27,125747000,8.27
2014-03-06,6.45,6.69,6.02,6.36,47838600,6.36
2014-03-05,6.96,7.01,6.45,6.75,56042600,6.75
2014-03-04,6.46,7.09,6.24,6.69,121434400,6.69
2014-03-03,4.60,5.83,4.50,5.82,84414000,5.82
2014-02-28,4.51,4.84,4.45,4.67,37353600,4.67
2014-02-27,4.38,4.57,4.25,4.37,21812200,4.37
2014-02-26,4.49,4.64,4.25,4.41,52906000,4.41
2014-02-25,3.67,4.05,3.67,3.90,33159200,3.90
2014-02-24,3.66,3.75,3.60,3.69,7827500,3.69
2014-02-21,3.69,3.75,3.58,3.63,6159000,3.63
2014-02-20,3.50,3.72,3.36,3.70,14027000,3.70
2014-02-19,3.82,3.85,3.56,3.59,12469500,3.59
2014-02-18,3.88,3.92,3.80,3.87,8370500,3.87
2014-02-14,3.94,3.95,3.73,3.78,13630300,3.78
2014-02-13,3.79,3.94,3.77,3.94,19320500,3.94
2014-02-12,3.55,3.84,3.51,3.74,22885500,3.74
2014-02-11,3.67,3.68,3.50,3.51,12990400,3.51
2014-02-10,3.63,3.79,3.43,3.55,47977300,3.55
2014-02-07,3.16,3.24,3.06,3.10,9046200,3.10
2014-02-06,3.17,3.36,3.11,3.18,15078400,3.18
2014-02-05,3.18,3.23,3.02,3.07,12443600,3.07
2014-02-04,2.88,3.30,2.80,3.27,24443300,3.27
2014-02-03,3.10,3.16,2.80,2.84,10240100,2.84
2014-01-31,3.16,3.21,2.95,3.02,10505200,3.02
2014-01-30,3.03,3.25,3.03,3.12,17646900,3.12
2014-01-29,2.61,3.21,2.56,2.97,29613600,2.97
2014-01-28,2.71,2.73,2.55,2.69,9958200,2.69
2014-01-27,2.94,2.95,2.22,2.61,24808500,2.61
2014-01-24,2.96,2.99,2.75,2.81,15619700,2.81
2014-01-23,3.19,3.24,2.98,3.08,16827700,3.08
2014-01-22,3.50,3.53,3.33,3.34,12205700,3.34
2014-01-21,3.63,3.63,3.41,3.50,13771100,3.50
2014-01-17,3.56,3.63,3.45,3.48,13088500,3.48
2014-01-16,3.90,4.20,3.46,3.55,54647100,3.55
2014-01-15,3.63,3.89,3.49,3.80,24393100,3.80
2014-01-14,3.73,3.75,3.33,3.59,18651400,3.59
2014-01-13,3.88,3.98,3.57,3.63,22265900,3.63
2014-01-10,3.46,4.00,3.41,3.65,51266800,3.65
2014-01-09,4.00,4.00,3.31,3.32,64259800,3.32
2014-01-08,4.12,4.90,4.01,4.55,110974800,4.55
2014-01-07,3.09,4.14,3.05,3.85,122114900,3.85
2014-01-06,2.64,2.82,2.43,2.77,26019900,2.77
2014-01-03,2.55,2.84,2.41,2.61,64676300,2.61
2014-01-02,2.06,2.33,1.89,2.33,53029400,2.33
2013-12-31,1.64,1.65,1.55,1.55,3691200,1.55
2013-12-30,1.67,1.68,1.60,1.63,2203100,1.63
2013-12-27,1.70,1.73,1.55,1.66,6295400,1.66
2013-12-26,1.75,1.78,1.70,1.72,2373100,1.72
2013-12-24,1.75,1.80,1.69,1.75,2413200,1.75
2013-12-23,1.86,1.86,1.76,1.77,2967900,1.77
2013-12-20,1.80,1.87,1.80,1.84,3882900,1.84
2013-12-19,1.84,1.84,1.74,1.80,3627800,1.80
2013-12-18,1.88,1.89,1.78,1.82,3045400,1.82
2013-12-17,1.89,1.95,1.74,1.81,10139300,1.81
2013-12-16,1.99,2.06,1.90,1.95,8675400,1.95
2013-12-13,2.05,2.17,2.02,2.09,15814800,2.09
2013-12-12,1.82,1.99,1.81,1.98,14546700,1.98
2013-12-11,1.81,1.89,1.72,1.77,7313300,1.77
2013-12-10,1.65,1.88,1.48,1.87,22999600,1.87
2013-12-09,1.93,1.93,1.61,1.68,25205600,1.68
2013-12-06,2.08,2.24,1.84,2.06,52213600,2.06
2013-12-05,1.45,1.96,1.43,1.81,69953600,1.81
2013-12-04,1.05,1.28,1.01,1.27,37281700,1.27
2013-12-03,0.84,0.84,0.76,0.79,4675600,0.79
2013-12-02,0.75,0.83,0.74,0.82,8794000,0.82
2013-11-29,0.71,0.74,0.71,0.74,3051200,0.74
2013-11-27,0.67,0.71,0.66,0.71,3116700,0.71
2013-11-26,0.65,0.68,0.63,0.66,1961600,0.66
2013-11-25,0.68,0.68,0.62,0.63,1153100,0.63
2013-11-22,0.66,0.69,0.64,0.66,1135000,0.66
2013-11-21,0.66,0.66,0.62,0.64,1767000,0.64
2013-11-20,0.67,0.67,0.64,0.64,701700,0.64
2013-11-19,0.68,0.69,0.64,0.66,2120600,0.66
2013-11-18,0.70,0.71,0.66,0.68,2640200,0.68
2013-11-15,0.68,0.73,0.68,0.68,6650400,0.68
2013-11-14,0.61,0.67,0.58,0.67,7134200,0.67
2013-11-13,0.53,0.59,0.53,0.55,3073500,0.55
2013-11-12,0.55,0.55,0.52,0.53,909800,0.53
2013-11-11,0.54,0.56,0.52,0.53,980600,0.53
2013-11-08,0.50,0.54,0.50,0.53,691300,0.53
2013-11-07,0.47,0.55,0.47,0.52,2556100,0.52
2013-11-06,0.55,0.58,0.45,0.48,3493100,0.48
2013-11-05,0.59,0.59,0.55,0.55,1361400,0.55
2013-11-04,0.57,0.59,0.57,0.57,809000,0.57
2013-11-01,0.60,0.60,0.57,0.58,531400,0.58
2013-10-31,0.62,0.62,0.58,0.58,1192900,0.58
2013-10-30,0.62,0.63,0.60,0.61,634500,0.61
2013-10-29,0.61,0.62,0.60,0.60,1038000,0.60
2013-10-28,0.60,0.61,0.59,0.60,1053300,0.60
2013-10-25,0.57,0.60,0.56,0.58,1319800,0.58
2013-10-24,0.55,0.59,0.55,0.56,1656400,0.56
2013-10-23,0.60,0.60,0.56,0.57,1516500,0.57
2013-10-22,0.61,0.63,0.58,0.58,2379600,0.58
2013-10-21,0.64,0.64,0.61,0.62,1323500,0.62
2013-10-18,0.61,0.64,0.61,0.63,982300,0.63
2013-10-17,0.60,0.62,0.59,0.61,1562100,0.61
2013-10-16,0.62,0.62,0.57,0.58,3030600,0.58
2013-10-15,0.63,0.65,0.60,0.62,1520300,0.62
2013-10-14,0.66,0.66,0.63,0.64,2679300,0.64
2013-10-11,0.69,0.72,0.67,0.68,3634000,0.68
2013-10-10,0.59,0.68,0.59,0.67,5459900,0.67
2013-10-09,0.60,0.64,0.57,0.57,2843800,0.57
2013-10-08,0.74,0.77,0.55,0.62,15423900,0.62
2013-10-07,0.72,0.74,0.69,0.71,2505100,0.71
2013-10-04,0.68,0.72,0.67,0.71,2969200,0.71
2013-10-03,0.70,0.70,0.66,0.68,3274000,0.68
2013-10-02,0.73,0.73,0.68,0.70,2909200,0.70
2013-10-01,0.75,0.75,0.65,0.71,7635600,0.71
2013-09-30,0.75,0.75,0.71,0.74,7944500,0.74
2013-09-27,0.64,0.70,0.62,0.70,10662000,0.70
2013-09-26,0.64,0.67,0.63,0.64,3205100,0.64
2013-09-25,0.59,0.66,0.59,0.63,9648500,0.63
2013-09-24,0.60,0.60,0.57,0.59,1746000,0.59
2013-09-23,0.60,0.60,0.57,0.58,1523300,0.58
2013-09-20,0.62,0.63,0.57,0.57,2335300,0.57
2013-09-19,0.60,0.64,0.59,0.62,3291300,0.62
2013-09-18,0.59,0.60,0.57,0.59,1737300,0.59
2013-09-17,0.61,0.61,0.57,0.59,2717900,0.59
2013-09-16,0.57,0.62,0.56,0.62,5183600,0.62
2013-09-13,0.58,0.58,0.55,0.56,2132100,0.56
2013-09-12,0.56,0.58,0.55,0.56,4289100,0.56
2013-09-11,0.57,0.60,0.52,0.54,17804300,0.54
2013-09-10,0.78,0.80,0.63,0.68,7677500,0.68
2013-09-09,0.71,0.77,0.70,0.76,8414400,0.76
2013-09-06,0.64,0.69,0.63,0.68,6270800,0.68
2013-09-05,0.57,0.62,0.57,0.62,4553900,0.62
2013-09-04,0.54,0.60,0.54,0.57,5825300,0.57
2013-09-03,0.53,0.57,0.52,0.54,3376800,0.54
2013-08-30,0.52,0.53,0.46,0.53,2350300,0.53
2013-08-29,0.58,0.58,0.50,0.51,4588600,0.51
2013-08-28,0.52,0.58,0.51,0.57,8971000,0.57
2013-08-27,0.48,0.51,0.45,0.51,3086100,0.51
2013-08-26,0.44,0.51,0.43,0.48,5986200,0.48
2013-08-23,0.44,0.44,0.42,0.44,1892700,0.44
2013-08-22,0.43,0.44,0.41,0.42,835700,0.42
2013-08-21,0.41,0.44,0.40,0.41,2677600,0.41
2013-08-20,0.40,0.41,0.37,0.40,1550000,0.40
2013-08-19,0.39,0.40,0.36,0.37,1135800,0.37
2013-08-16,0.40,0.41,0.38,0.38,431300,0.38
2013-08-15,0.40,0.42,0.38,0.38,1656100,0.38
2013-08-14,0.42,0.43,0.40,0.40,903300,0.40
2013-08-13,0.44,0.45,0.41,0.42,771400,0.42
2013-08-12,0.41,0.45,0.41,0.43,1194800,0.43
2013-08-09,0.42,0.42,0.40,0.41,1058300,0.41
2013-08-08,0.49,0.49,0.40,0.41,5454100,0.41
2013-08-07,0.54,0.56,0.47,0.48,6537000,0.48
2013-08-06,0.47,0.54,0.47,0.54,8963500,0.54
2013-08-05,0.44,0.47,0.43,0.46,2463200,0.46
2013-08-02,0.43,0.44,0.42,0.42,635400,0.42
2013-08-01,0.45,0.45,0.41,0.41,974100,0.41
2013-07-31,0.47,0.48,0.41,0.44,2697600,0.44
2013-07-30,0.39,0.46,0.38,0.46,4107200,0.46
2013-07-29,0.40,0.40,0.39,0.39,668700,0.39
2013-07-26,0.40,0.40,0.38,0.39,622600,0.39
2013-07-25,0.38,0.40,0.37,0.40,680800,0.40
2013-07-24,0.40,0.40,0.37,0.37,517400,0.37
2013-07-23,0.40,0.40,0.37,0.39,1133200,0.39
2013-07-22,0.40,0.40,0.39,0.40,1049000,0.40
2013-07-19,0.41,0.41,0.38,0.40,857300,0.40
2013-07-18,0.38,0.41,0.38,0.39,1819900,0.39
2013-07-17,0.35,0.39,0.35,0.38,1602500,0.38
2013-07-16,0.37,0.38,0.34,0.37,1683800,0.37
2013-07-15,0.39,0.39,0.37,0.37,1192700,0.37
2013-07-12,0.39,0.40,0.38,0.39,732000,0.39
2013-07-11,0.40,0.40,0.38,0.38,1253800,0.38
2013-07-10,0.39,0.39,0.37,0.38,831900,0.38
2013-07-09,0.39,0.42,0.37,0.38,3559200,0.38
2013-07-08,0.34,0.38,0.33,0.38,3559000,0.38
2013-07-05,0.28,0.35,0.28,0.33,3386600,0.33
2013-07-03,0.28,0.30,0.26,0.28,3179100,0.28
2013-07-02,0.35,0.36,0.30,0.30,5576500,0.30
2013-07-01,0.40,0.41,0.36,0.36,3527300,0.36
2013-06-28,0.35,0.41,0.35,0.38,1329800,0.38
2013-06-27,0.40,0.41,0.36,0.39,2367700,0.39
2013-06-26,0.41,0.42,0.39,0.39,1170100,0.39
2013-06-25,0.40,0.42,0.40,0.42,1798400,0.42
2013-06-24,0.41,0.42,0.38,0.39,2081300,0.39
2013-06-21,0.43,0.44,0.40,0.42,3060400,0.42
2013-06-20,0.46,0.46,0.42,0.42,3624000,0.42
2013-06-19,0.45,0.49,0.43,0.45,5431100,0.45
2013-06-18,0.41,0.44,0.41,0.43,2812200,0.43
2013-06-17,0.44,0.44,0.41,0.41,3470600,0.41
2013-06-14,0.46,0.46,0.42,0.44,2510900,0.44
2013-06-13,0.48,0.49,0.42,0.46,6204900,0.46
2013-06-12,0.53,0.53,0.47,0.50,7884200,0.50
2013-06-11,0.48,0.53,0.44,0.51,9678300,0.51
2013-06-10,0.40,0.48,0.38,0.47,12087300,0.47
2013-06-07,0.39,0.39,0.36,0.38,3485900,0.38
2013-06-06,0.36,0.37,0.34,0.37,2790700,0.37
2013-06-05,0.37,0.37,0.35,0.35,2317300,0.35
2013-06-04,0.39,0.40,0.35,0.35,3649100,0.35
2013-06-03,0.41,0.42,0.39,0.39,3521100,0.39
2013-05-31,0.36,0.40,0.35,0.38,4232300,0.38
2013-05-30,0.43,0.44,0.37,0.37,7648400,0.37
2013-05-29,0.46,0.47,0.40,0.43,14057000,0.43
2013-05-28,0.39,0.45,0.36,0.45,21240900,0.45
2013-05-24,0.29,0.35,0.28,0.33,8867400,0.33
2013-05-23,0.26,0.29,0.25,0.28,3838900,0.28
2013-05-22,0.35,0.38,0.25,0.27,14583100,0.27
2013-05-21,0.26,0.33,0.26,0.32,8433300,0.32
2013-05-20,0.24,0.26,0.24,0.25,2300300,0.25
2013-05-17,0.24,0.25,0.23,0.24,989000,0.24
2013-05-16,0.24,0.25,0.22,0.24,1542700,0.24
2013-05-15,0.24,0.25,0.22,0.23,1271600,0.23
2013-05-14,0.26,0.27,0.23,0.25,3179700,0.25
2013-05-13,0.23,0.26,0.23,0.25,1994000,0.25
2013-05-10,0.28,0.28,0.23,0.23,2727100,0.23
2013-05-09,0.26,0.29,0.23,0.25,7706500,0.25
2013-05-08,0.18,0.25,0.17,0.24,8601100,0.24
2013-05-07,0.16,0.16,0.15,0.16,172400,0.16
2013-05-06,0.16,0.16,0.15,0.15,187000,0.15
2013-05-03,0.16,0.16,0.15,0.15,336600,0.15
2013-05-02,0.15,0.16,0.15,0.16,265300,0.16
2013-05-01,0.16,0.16,0.15,0.16,170600,0.16
2013-04-30,0.17,0.17,0.16,0.16,316500,0.16
2013-04-29,0.16,0.16,0.16,0.16,183000,0.16
2013-04-26,0.16,0.16,0.16,0.16,291800,0.16
2013-04-25,0.17,0.17,0.16,0.16,328000,0.16
2013-04-24,0.16,0.16,0.16,0.16,346300,0.16
2013-04-23,0.16,0.17,0.15,0.16,269400,0.16
2013-04-22,0.16,0.17,0.15,0.15,593600,0.15
2013-04-19,0.15,0.16,0.15,0.16,1249500,0.16
2013-04-18,0.16,0.17,0.16,0.16,728500,0.16
2013-04-17,0.16,0.17,0.16,0.16,897600,0.16
2013-04-16,0.18,0.18,0.16,0.16,1223900,0.16
2013-04-15,0.17,0.19,0.17,0.18,923900,0.18
2013-04-12,0.17,0.19,0.17,0.18,835900,0.18
2013-04-11,0.17,0.18,0.17,0.17,974100,0.17
2013-04-10,0.18,0.18,0.17,0.17,797800,0.17
2013-04-09,0.18,0.18,0.17,0.17,816300,0.17
2013-04-08,0.19,0.19,0.17,0.18,1029700,0.18
2013-04-05,0.18,0.19,0.18,0.19,874200,0.19
2013-04-04,0.19,0.19,0.17,0.18,1091800,0.18
2013-04-03,0.19,0.21,0.17,0.18,1884500,0.18
2013-04-02,0.17,0.20,0.16,0.19,3027200,0.19
2013-04-01,0.19,0.20,0.15,0.17,4784600,0.17
2013-03-28,0.24,0.24,0.21,0.22,2114700,0.22
2013-03-27,0.24,0.25,0.23,0.23,881100,0.23
2013-03-26,0.26,0.26,0.22,0.23,1608500,0.23
2013-03-25,0.26,0.26,0.24,0.25,1791100,0.25
2013-03-22,0.22,0.24,0.21,0.23,2477400,0.23
2013-03-21,0.23,0.25,0.21,0.21,4632100,0.21
2013-03-20,0.30,0.32,0.20,0.20,12536800,0.20
2013-03-19,0.22,0.27,0.21,0.27,7041900,0.27
2013-03-18,0.18,0.24,0.18,0.22,6700100,0.22
2013-03-15,0.18,0.18,0.17,0.18,1206500,0.18
2013-03-14,0.17,0.18,0.16,0.17,2546600,0.17
2013-03-13,0.18,0.18,0.16,0.16,878600,0.16
2013-03-12,0.18,0.18,0.17,0.18,986300,0.18
2013-03-11,0.18,0.18,0.17,0.17,782300,0.17
2013-03-08,0.17,0.18,0.16,0.17,1708500,0.17
2013-03-07,0.18,0.18,0.16,0.17,1927900,0.17
2013-03-06,0.18,0.18,0.17,0.18,4018600,0.18
2013-03-05,0.19,0.19,0.17,0.17,2282000,0.17
2013-03-04,0.16,0.19,0.14,0.17,5240800,0.17
2013-03-01,0.18,0.19,0.15,0.15,8419300,0.15
2013-02-28,0.14,0.18,0.14,0.17,9549900,0.17
2013-02-27,0.12,0.14,0.12,0.13,2457300,0.13
2013-02-26,0.12,0.13,0.12,0.12,1088500,0.12
2013-02-25,0.15,0.15,0.12,0.12,3607600,0.12
2013-02-22,0.14,0.15,0.13,0.13,2671600,0.13
2013-02-21,0.15,0.15,0.13,0.13,1810800,0.13
2013-02-20,0.15,0.16,0.14,0.14,3077300,0.14
2013-02-19,0.15,0.15,0.14,0.15,5618000,0.15
2013-02-15,0.13,0.14,0.13,0.14,8484000,0.14
2013-02-14,0.15,0.15,0.12,0.12,27726000,0.12
2013-02-13,0.35,0.35,0.25,0.25,2782600,0.25
2013-02-12,0.38,0.40,0.33,0.34,526000,0.34
2013-02-11,0.41,0.41,0.38,0.39,127800,0.39
2013-02-08,0.40,0.41,0.39,0.40,138700,0.40
2013-02-07,0.41,0.41,0.37,0.40,292900,0.40
2013-02-06,0.40,0.42,0.36,0.37,534900,0.37
2013-02-05,0.42,0.43,0.40,0.41,180000,0.41
2013-02-04,0.44,0.46,0.38,0.42,267400,0.42
2013-02-01,0.46,0.47,0.44,0.44,220500,0.44
2013-01-31,0.46,0.47,0.45,0.45,78900,0.45
2013-01-30,0.47,0.48,0.46,0.46,196300,0.46
2013-01-29,0.46,0.49,0.45,0.47,129900,0.47
2013-01-28,0.51,0.51,0.47,0.47,128500,0.47
2013-01-25,0.47,0.49,0.47,0.49,89400,0.49
2013-01-24,0.48,0.49,0.47,0.47,92100,0.47
2013-01-23,0.45,0.47,0.44,0.47,151300,0.47
2013-01-22,0.48,0.49,0.44,0.45,485300,0.45
2013-01-18,0.50,0.50,0.48,0.49,291900,0.49
2013-01-17,0.48,0.49,0.47,0.48,434500,0.48
2013-01-16,0.50,0.52,0.47,0.48,903600,0.48
2013-01-15,0.55,0.59,0.52,0.55,336700,0.55
2013-01-14,0.63,0.67,0.58,0.59,342700,0.59
2013-01-11,0.75,0.76,0.63,0.65,537000,0.65
2013-01-10,0.63,0.69,0.60,0.68,329000,0.68
2013-01-09,0.57,0.61,0.57,0.59,292300,0.59
2013-01-08,0.53,0.59,0.51,0.54,230200,0.54
2013-01-07,0.53,0.54,0.51,0.53,131800,0.53
2013-01-04,0.53,0.53,0.52,0.53,157300,0.53
2013-01-03,0.51,0.52,0.47,0.51,438000,0.51
2013-01-02,0.50,0.52,0.48,0.50,143300,0.50
2012-12-31,0.50,0.53,0.47,0.50,655600,0.50
2012-12-28,0.57,0.59,0.54,0.54,270700,0.54
2012-12-27,0.57,0.58,0.55,0.58,226800,0.58
2012-12-26,0.57,0.60,0.57,0.58,169000,0.58
2012-12-24,0.58,0.60,0.57,0.57,102600,0.57
2012-12-21,0.60,0.60,0.57,0.57,137300,0.57
2012-12-20,0.60,0.65,0.59,0.60,259200,0.60
2012-12-19,0.61,0.61,0.59,0.60,116400,0.60
2012-12-18,0.60,0.64,0.59,0.61,56800,0.61
2012-12-17,0.65,0.65,0.60,0.61,57700,0.61
2012-12-14,0.59,0.63,0.59,0.63,65700,0.63
2012-12-13,0.60,0.64,0.59,0.61,57900,0.61
2012-12-12,0.64,0.65,0.60,0.60,103900,0.60
2012-12-11,0.61,0.65,0.61,0.64,50200,0.64
2012-12-10,0.62,0.65,0.61,0.64,40600,0.64
2012-12-07,0.61,0.66,0.61,0.65,37700,0.65
2012-12-06,0.65,0.68,0.62,0.63,42400,0.63
2012-12-05,0.65,0.68,0.61,0.65,133600,0.65
2012-12-04,0.67,0.67,0.63,0.66,50200,0.66
2012-12-03,0.69,0.69,0.62,0.67,67600,0.67
2012-11-30,0.64,0.65,0.60,0.62,90400,0.62
2012-11-29,0.64,0.65,0.59,0.60,348300,0.60
2012-11-28,0.64,0.64,0.60,0.60,74800,0.60
2012-11-27,0.69,0.70,0.62,0.62,81100,0.62
2012-11-26,0.60,0.70,0.60,0.68,108000,0.68
2012-11-23,0.63,0.64,0.59,0.61,26600,0.61
2012-11-21,0.62,0.62,0.59,0.59,113000,0.59
2012-11-20,0.69,0.69,0.59,0.59,209900,0.59
2012-11-19,0.68,0.72,0.63,0.64,136800,0.64
2012-11-16,0.70,0.75,0.70,0.72,50600,0.72
2012-11-15,0.74,0.75,0.71,0.73,29600,0.73
2012-11-14,0.68,0.76,0.67,0.74,46300,0.74
2012-11-13,0.74,0.78,0.70,0.70,94900,0.70
2012-11-12,0.75,0.79,0.74,0.74,42900,0.74
2012-11-09,0.75,0.79,0.75,0.75,23800,0.75
2012-11-08,0.80,0.80,0.76,0.76,60600,0.76
2012-11-07,0.78,0.80,0.78,0.80,49100,0.80
2012-11-06,0.77,0.80,0.76,0.76,33200,0.76
2012-11-05,0.79,0.81,0.77,0.78,38600,0.78
2012-11-02,0.78,0.81,0.75,0.79,52600,0.79
2012-11-01,0.75,0.78,0.75,0.77,33800,0.77
2012-10-31,0.73,0.80,0.73,0.74,16400,0.74
2012-10-26,0.74,0.79,0.74,0.74,60900,0.74
2012-10-25,0.74,0.80,0.73,0.74,222500,0.74
2012-10-24,0.70,0.79,0.70,0.76,118800,0.76
2012-10-23,0.72,0.76,0.67,0.70,91400,0.70
2012-10-22,0.71,0.80,0.70,0.76,41300,0.76
2012-10-19,0.79,0.80,0.75,0.75,90900,0.75
2012-10-18,0.80,0.84,0.78,0.79,96300,0.79
2012-10-17,0.82,0.85,0.80,0.81,82800,0.81
2012-10-16,0.85,0.89,0.83,0.84,50500,0.84
2012-10-15,0.91,0.91,0.84,0.85,98900,0.85
2012-10-12,0.88,0.92,0.85,0.90,236600,0.90
2012-10-11,0.86,0.89,0.86,0.87,41900,0.87
2012-10-10,0.85,0.88,0.85,0.86,69400,0.86
2012-10-09,0.84,0.86,0.83,0.84,50100,0.84
2012-10-08,0.85,0.86,0.83,0.83,52300,0.83
2012-10-05,0.87,0.88,0.84,0.84,53500,0.84
2012-10-04,0.83,0.88,0.83,0.85,48600,0.85
2012-10-03,0.86,0.87,0.83,0.84,35900,0.84
2012-10-02,0.86,0.91,0.82,0.82,102000,0.82
2012-10-01,0.83,0.85,0.83,0.83,23800,0.83
2012-09-28,0.84,0.86,0.83,0.83,63200,0.83
2012-09-27,0.84,0.85,0.81,0.84,54800,0.84
2012-09-26,0.81,0.85,0.80,0.83,53600,0.83
2012-09-25,0.83,0.84,0.80,0.80,83300,0.80
2012-09-24,0.80,0.84,0.80,0.84,42400,0.84
2012-09-21,0.82,0.84,0.81,0.81,54300,0.81
2012-09-20,0.82,0.85,0.81,0.82,74200,0.82
2012-09-19,0.84,0.87,0.81,0.81,141200,0.81
2012-09-18,0.83,0.87,0.82,0.84,67000,0.84
2012-09-17,0.89,0.89,0.84,0.85,104200,0.85
2012-09-14,0.85,0.90,0.85,0.88,95900,0.88
2012-09-13,0.81,0.88,0.81,0.85,73200,0.85
2012-09-12,0.86,0.88,0.82,0.82,88200,0.82
2012-09-11,0.88,0.90,0.82,0.84,71700,0.84
2012-09-10,0.85,0.88,0.85,0.87,50100,0.87
2012-09-07,0.76,0.88,0.76,0.82,211300,0.82
2012-09-06,0.94,0.94,0.86,0.88,285400,0.88
2012-09-05,0.94,0.97,0.94,0.95,63400,0.95
2012-09-04,0.94,0.96,0.93,0.95,72100,0.95
2012-08-31,1.01,1.05,0.96,0.96,44100,0.96
2012-08-30,1.00,1.09,0.92,0.99,146800,0.99
2012-08-29,1.01,1.05,1.01,1.03,30400,1.03
2012-08-28,1.02,1.06,1.02,1.03,13700,1.03
2012-08-27,1.05,1.05,1.02,1.05,71400,1.05
2012-08-24,1.06,1.07,1.06,1.06,28400,1.06
2012-08-23,1.05,1.07,1.02,1.05,85900,1.05
2012-08-22,1.10,1.11,1.07,1.08,49000,1.08
2012-08-21,1.07,1.10,1.06,1.10,57300,1.10
2012-08-20,1.07,1.08,1.05,1.06,38700,1.06
2012-08-17,1.02,1.08,1.02,1.05,75200,1.05
2012-08-16,1.01,1.04,1.00,1.03,82800,1.03
2012-08-15,1.13,1.17,1.00,1.02,333000,1.02
2012-08-14,1.15,1.17,1.10,1.13,287500,1.13
2012-08-13,1.24,1.24,1.19,1.21,70700,1.21
2012-08-10,1.20,1.24,1.20,1.22,33800,1.22
2012-08-09,1.19,1.23,1.18,1.21,72600,1.21
2012-08-08,1.23,1.24,1.19,1.20,82400,1.20
2012-08-07,1.25,1.30,1.17,1.21,205600,1.21
2012-08-06,1.23,1.28,1.23,1.25,148200,1.25
2012-08-03,1.21,1.22,1.20,1.20,95200,1.20
2012-08-02,1.22,1.23,1.20,1.22,50200,1.22
2012-08-01,1.21,1.25,1.19,1.22,103900,1.22
2012-07-31,1.17,1.25,1.15,1.20,406700,1.20
2012-07-30,1.15,1.17,1.15,1.16,54900,1.16
2012-07-27,1.16,1.17,1.14,1.17,54000,1.17
2012-07-26,1.14,1.15,1.12,1.15,43900,1.15
2012-07-25,1.13,1.16,1.10,1.13,184300,1.13
2012-07-24,1.18,1.18,1.13,1.15,69000,1.15
2012-07-23,1.17,1.18,1.14,1.15,50600,1.15
2012-07-20,1.16,1.18,1.16,1.17,69100,1.17
2012-07-19,1.19,1.19,1.15,1.15,202600,1.15
2012-07-18,1.16,1.22,1.11,1.17,751000,1.17
2012-07-17,1.11,1.15,1.10,1.15,130900,1.15
2012-07-16,1.13,1.15,1.10,1.11,78800,1.11
2012-07-13,1.13,1.13,1.10,1.11,21700,1.11
2012-07-12,1.10,1.13,1.10,1.11,37600,1.11
2012-07-11,1.11,1.15,1.10,1.10,52300,1.10
2012-07-10,1.10,1.14,1.10,1.11,18300,1.11
2012-07-09,1.13,1.17,1.10,1.11,135500,1.11
2012-07-06,1.13,1.16,1.13,1.13,35000,1.13
2012-07-05,1.13,1.16,1.12,1.14,49700,1.14
2012-07-03,1.12,1.16,1.12,1.16,56800,1.16
2012-07-02,1.16,1.17,1.11,1.14,63900,1.14
2012-06-29,1.12,1.16,1.11,1.14,95200,1.14
2012-06-28,1.10,1.12,1.10,1.12,86900,1.12
2012-06-27,1.13,1.13,1.10,1.10,72800,1.10
2012-06-26,1.14,1.14,1.10,1.12,74100,1.12
2012-06-25,1.13,1.16,1.10,1.11,142100,1.11
2012-06-22,1.13,1.15,1.11,1.15,104400,1.15
2012-06-21,1.15,1.16,1.12,1.12,92600,1.12
2012-06-20,1.17,1.17,1.13,1.14,102100,1.14
2012-06-19,1.15,1.16,1.14,1.15,57700,1.15
2012-06-18,1.15,1.17,1.13,1.15,41200,1.15
2012-06-15,1.16,1.18,1.14,1.14,81200,1.14
2012-06-14,1.17,1.19,1.14,1.17,111200,1.17
2012-06-13,1.17,1.19,1.17,1.18,28100,1.18
2012-06-12,1.18,1.20,1.17,1.17,56000,1.17
2012-06-11,1.16,1.20,1.15,1.16,50900,1.16
2012-06-08,1.17,1.20,1.15,1.18,72600,1.18
2012-06-07,1.21,1.21,1.15,1.18,34400,1.18
2012-06-06,1.22,1.22,1.17,1.20,104400,1.20
2012-06-05,1.17,1.20,1.17,1.19,40700,1.19
2012-06-04,1.15,1.20,1.15,1.20,81500,1.20
2012-06-01,1.15,1.20,1.15,1.17,95800,1.17
2012-05-31,1.15,1.19,1.15,1.15,83400,1.15
2012-05-30,1.16,1.20,1.15,1.15,29800,1.15
2012-05-29,1.22,1.22,1.15,1.18,88100,1.18
2012-05-25,1.18,1.22,1.16,1.19,53600,1.19
2012-05-24,1.19,1.21,1.16,1.18,106400,1.18
2012-05-23,1.16,1.20,1.12,1.19,296000,1.19
2012-05-22,1.17,1.21,1.17,1.18,18000,1.18
2012-05-21,1.15,1.21,1.12,1.21,281300,1.21
2012-05-18,1.22,1.25,1.15,1.17,221300,1.17
2012-05-17,1.22,1.28,1.22,1.22,232600,1.22
2012-05-16,1.22,1.28,1.22,1.22,118600,1.22
2012-05-15,1.31,1.31,1.22,1.23,197000,1.23
2012-05-14,1.27,1.30,1.23,1.28,114300,1.28
2012-05-11,1.25,1.31,1.23,1.28,249200,1.28
2012-05-10,1.25,1.26,1.21,1.23,42000,1.23
2012-05-09,1.23,1.24,1.20,1.24,66000,1.24
2012-05-08,1.29,1.29,1.22,1.23,144700,1.23
2012-05-07,1.25,1.31,1.23,1.29,209000,1.29
2012-05-04,1.28,1.29,1.23,1.28,69000,1.28
2012-05-03,1.28,1.32,1.24,1.26,73000,1.26
2012-05-02,1.30,1.33,1.27,1.30,138900,1.30
2012-05-01,1.30,1.33,1.29,1.31,103000,1.31
2012-04-30,1.23,1.32,1.23,1.32,163000,1.32
2012-04-27,1.28,1.28,1.22,1.24,71400,1.24
2012-04-26,1.28,1.28,1.24,1.26,31900,1.26
2012-04-25,1.29,1.29,1.23,1.26,74100,1.26
2012-04-24,1.20,1.27,1.19,1.26,132600,1.26
2012-04-23,1.23,1.24,1.20,1.21,77300,1.21
2012-04-20,1.27,1.27,1.21,1.22,66600,1.22
2012-04-19,1.24,1.27,1.21,1.24,84800,1.24
2012-04-18,1.28,1.29,1.21,1.22,61600,1.22
2012-04-17,1.31,1.31,1.22,1.26,144900,1.26
2012-04-16,1.30,1.30,1.25,1.29,137000,1.29
2012-04-13,1.32,1.32,1.21,1.27,172300,1.27
2012-04-12,1.35,1.41,1.27,1.29,654700,1.29
2012-04-11,1.25,1.36,1.18,1.33,658900,1.33
2012-04-10,1.17,1.20,1.11,1.17,350300,1.17
2012-04-09,1.26,1.26,1.18,1.18,292300,1.18
2012-04-05,1.23,1.27,1.22,1.27,408900,1.27
2012-04-04,1.31,1.34,1.21,1.24,502200,1.24
2012-04-03,1.27,1.30,1.26,1.30,209400,1.30
2012-04-02,1.34,1.34,1.25,1.27,277800,1.27
2012-03-30,1.33,1.35,1.26,1.31,762400,1.31
2012-03-29,1.28,1.34,1.27,1.34,440100,1.34
2012-03-28,1.35,1.36,1.28,1.28,507300,1.28
2012-03-27,1.42,1.43,1.35,1.36,442200,1.36
2012-03-26,1.40,1.47,1.35,1.45,776800,1.45
2012-03-23,1.35,1.40,1.26,1.40,2559900,1.40
2012-03-22,1.59,1.59,1.40,1.41,1010800,1.41
2012-03-21,1.71,1.73,1.56,1.61,607100,1.61
2012-03-20,1.79,1.79,1.71,1.71,205700,1.71
2012-03-19,1.76,1.80,1.76,1.77,170300,1.77
2012-03-16,1.80,1.81,1.73,1.80,351800,1.80
2012-03-15,1.77,1.81,1.76,1.80,181600,1.80
2012-03-14,1.80,1.82,1.77,1.78,131100,1.78
2012-03-13,1.80,1.82,1.76,1.80,433800,1.80
2012-03-12,1.80,1.81,1.70,1.70,374200,1.70
2012-03-09,1.89,1.92,1.76,1.77,419500,1.77
2012-03-08,2.04,2.10,1.89,1.91,567800,1.91
2012-03-07,2.10,2.12,2.04,2.10,117500,2.10
2012-03-06,2.06,2.12,2.00,2.05,162700,2.05
2012-03-05,2.12,2.14,2.05,2.06,127200,2.06
2012-03-02,2.10,2.18,2.07,2.07,142900,2.07
2012-03-01,2.22,2.28,2.05,2.10,289200,2.10
2012-02-29,2.28,2.32,2.21,2.22,185600,2.22
2012-02-28,2.40,2.42,2.25,2.26,226500,2.26
2012-02-27,2.38,2.45,2.36,2.42,153000,2.42
2012-02-24,2.45,2.50,2.35,2.38,195400,2.38
2012-02-23,2.54,2.58,2.42,2.44,247200,2.44
2012-02-22,2.33,2.60,2.33,2.55,632500,2.55
2012-02-21,2.31,2.39,2.25,2.33,295700,2.33
2012-02-17,2.31,2.34,2.27,2.31,86900,2.31
2012-02-16,2.35,2.36,2.26,2.27,134500,2.27
2012-02-15,2.25,2.39,2.22,2.32,236700,2.32
2012-02-14,2.25,2.25,2.22,2.24,59800,2.24
2012-02-13,2.28,2.30,2.21,2.27,56500,2.27
2012-02-10,2.34,2.34,2.22,2.27,231800,2.27
2012-02-09,2.28,2.38,2.27,2.36,290000,2.36
2012-02-08,2.42,2.42,2.22,2.28,411600,2.28
2012-02-07,2.06,2.42,2.06,2.36,700600,2.36
2012-02-06,2.03,2.09,2.02,2.04,173000,2.04
2012-02-03,2.04,2.04,1.97,2.03,171000,2.03
2012-02-02,1.98,2.02,1.98,2.00,59500,2.00
2012-02-01,1.97,2.00,1.94,1.99,55200,1.99
2012-01-31,2.02,2.05,1.92,1.94,169100,1.94
2012-01-30,2.00,2.09,1.95,2.02,320100,2.02
2012-01-27,2.01,2.05,1.98,2.00,81000,2.00
2012-01-26,1.98,2.05,1.98,2.02,62600,2.02
2012-01-25,2.00,2.01,1.96,1.97,30100,1.97
2012-01-24,2.00,2.01,1.98,1.99,58000,1.99
2012-01-23,2.00,2.00,1.95,1.98,39300,1.98
2012-01-20,2.00,2.01,1.97,2.00,40300,2.00
2012-01-19,1.93,1.99,1.92,1.99,68300,1.99
2012-01-18,1.93,1.97,1.92,1.93,60600,1.93
2012-01-17,1.95,1.99,1.92,1.95,67900,1.95
2012-01-13,1.95,2.01,1.94,1.95,42100,1.95
2012-01-12,2.03,2.03,1.96,1.97,57200,1.97
2012-01-11,1.81,2.02,1.81,1.98,129400,1.98
2012-01-10,1.85,1.89,1.80,1.83,136000,1.83
2012-01-09,1.92,1.97,1.85,1.86,170200,1.86
2012-01-06,1.98,2.00,1.88,1.93,113900,1.93
2012-01-05,2.01,2.03,1.98,1.98,73200,1.98
2012-01-04,2.01,2.02,1.99,2.02,83900,2.02
2012-01-03,2.06,2.08,1.95,2.00,131700,2.00
2011-12-30,2.05,2.07,1.95,2.04,160000,2.04
2011-12-29,2.00,2.05,2.00,2.01,60300,2.01
2011-12-28,2.09,2.13,2.00,2.00,165100,2.00
2011-12-27,2.13,2.14,2.05,2.08,46600,2.08
2011-12-23,2.13,2.17,2.12,2.14,79400,2.14
2011-12-22,2.05,2.12,2.00,2.12,105200,2.12
2011-12-21,2.04,2.08,2.01,2.02,117500,2.02
2011-12-20,2.09,2.14,2.01,2.07,154600,2.07
2011-12-19,2.11,2.14,2.05,2.06,116200,2.06
2011-12-16,2.11,2.15,2.07,2.08,58800,2.08
2011-12-15,2.13,2.16,2.05,2.10,75700,2.10
2011-12-14,2.17,2.19,2.05,2.06,145000,2.06
2011-12-13,2.28,2.28,2.16,2.17,96300,2.17
2011-12-12,2.24,2.24,2.13,2.16,129000,2.16
2011-12-09,2.20,2.28,2.20,2.25,102400,2.25
2011-12-08,2.29,2.40,2.20,2.20,230200,2.20
2011-12-07,2.25,2.39,2.16,2.34,457600,2.34
2011-12-06,2.26,2.26,2.11,2.15,155700,2.15
2011-12-05,2.34,2.34,2.21,2.23,82200,2.23
2011-12-02,2.32,2.35,2.22,2.28,101900,2.28
2011-12-01,2.20,2.30,2.18,2.26,113200,2.26
2011-11-30,2.25,2.28,2.18,2.22,254100,2.22
2011-11-29,2.22,2.34,2.11,2.16,334600,2.16
2011-11-28,2.19,2.23,2.08,2.19,201500,2.19
2011-11-25,2.00,2.09,2.00,2.07,65400,2.07
2011-11-23,2.12,2.12,1.92,1.98,254800,1.98
2011-11-22,2.16,2.20,2.07,2.14,126800,2.14
2011-11-21,2.28,2.28,2.13,2.18,261400,2.18
2011-11-18,2.44,2.44,2.32,2.37,106900,2.37
2011-11-17,2.46,2.46,2.40,2.41,89600,2.41
2011-11-16,2.43,2.57,2.42,2.46,319200,2.46
2011-11-15,2.55,2.57,2.38,2.45,315600,2.45
2011-11-14,2.60,2.69,2.56,2.56,486800,2.56
2011-11-11,2.48,2.71,2.42,2.61,1118900,2.61
2011-11-10,2.27,2.46,2.25,2.46,622600,2.46
2011-11-09,2.17,2.28,2.14,2.23,576100,2.23
2011-11-08,2.20,2.23,2.12,2.17,325200,2.17
2011-11-07,2.24,2.29,2.15,2.16,206700,2.16
2011-11-04,2.33,2.33,2.24,2.25,176500,2.25
2011-11-03,2.35,2.36,2.20,2.30,371100,2.30
2011-11-02,2.15,2.30,2.15,2.21,202300,2.21
2011-11-01,2.23,2.23,2.12,2.12,178000,2.12
2011-10-31,2.35,2.35,2.25,2.25,156200,2.25
2011-10-28,2.14,2.32,2.12,2.30,264800,2.30
2011-10-27,2.12,2.27,2.01,2.14,432300,2.14
2011-10-26,2.20,2.21,2.00,2.03,253600,2.03
2011-10-25,2.19,2.27,2.10,2.17,157300,2.17
2011-10-24,2.23,2.33,2.20,2.21,365500,2.21
2011-10-21,2.10,2.31,2.10,2.19,303400,2.19
2011-10-20,1.96,2.20,1.92,2.08,460100,2.08
2011-10-19,1.90,1.97,1.83,1.92,112900,1.92
2011-10-18,1.97,1.97,1.89,1.90,89000,1.90
2011-10-17,1.94,2.02,1.92,1.95,88100,1.95
2011-10-14,1.91,1.96,1.89,1.94,68800,1.94
2011-10-13,1.90,1.90,1.85,1.89,39100,1.89
2011-10-12,1.78,1.93,1.78,1.89,119500,1.89
2011-10-11,1.79,1.83,1.70,1.76,71500,1.76
2011-10-10,1.82,1.85,1.75,1.79,36600,1.79
2011-10-07,1.89,1.92,1.74,1.79,80100,1.79
2011-10-06,1.80,1.87,1.80,1.87,141500,1.87
2011-10-05,1.62,1.83,1.62,1.78,103100,1.78
2011-10-04,1.75,1.75,1.50,1.60,135500,1.60
2011-10-03,1.80,1.80,1.70,1.73,78100,1.73
2011-09-30,1.81,1.85,1.78,1.82,99600,1.82
2011-09-29,1.79,1.84,1.77,1.80,74700,1.80
2011-09-28,1.87,1.90,1.75,1.75,51100,1.75
2011-09-27,1.79,1.95,1.77,1.82,101200,1.82
2011-09-26,1.80,1.80,1.71,1.75,61000,1.75
2011-09-23,1.77,1.77,1.70,1.75,134400,1.75
2011-09-22,1.94,1.94,1.74,1.78,253900,1.78
2011-09-21,1.96,2.05,1.93,1.94,184300,1.94
2011-09-20,1.91,1.97,1.91,1.93,68700,1.93
2011-09-19,1.94,1.95,1.81,1.89,136700,1.89
2011-09-16,1.99,2.18,1.92,1.96,639100,1.96
2011-09-15,1.79,1.85,1.78,1.85,146900,1.85
2011-09-14,1.78,1.80,1.74,1.77,62800,1.77
2011-09-13,1.74,1.80,1.74,1.78,136700,1.78
2011-09-12,1.68,1.76,1.66,1.72,68800,1.72
2011-09-09,1.75,1.76,1.68,1.71,73100,1.71
2011-09-08,1.73,1.89,1.72,1.77,199800,1.77
2011-09-07,1.71,1.77,1.71,1.73,74700,1.73
2011-09-06,1.69,1.75,1.62,1.69,186500,1.69
2011-09-02,1.76,1.80,1.72,1.77,134600,1.77
2011-09-01,1.83,1.85,1.76,1.78,113000,1.78
2011-08-31,1.71,1.83,1.71,1.82,238200,1.82
2011-08-30,1.73,1.74,1.65,1.71,127700,1.71
2011-08-29,1.66,1.78,1.65,1.76,224300,1.76
2011-08-26,1.67,1.74,1.59,1.67,91400,1.67
2011-08-25,1.73,1.78,1.64,1.70,138100,1.70
2011-08-24,1.61,1.75,1.61,1.75,274000,1.75
2011-08-23,1.58,1.62,1.53,1.61,241300,1.61
2011-08-22,1.63,1.63,1.55,1.59,117300,1.59
2011-08-19,1.60,1.69,1.54,1.58,156500,1.58
2011-08-18,1.70,1.74,1.59,1.62,221600,1.62
2011-08-17,1.83,1.96,1.76,1.80,291800,1.80
2011-08-16,1.75,1.84,1.74,1.83,280000,1.83
2011-08-15,1.68,1.84,1.68,1.82,419400,1.82
2011-08-12,1.58,1.68,1.55,1.68,377300,1.68
2011-08-11,1.38,1.63,1.37,1.57,427500,1.57
2011-08-10,1.51,1.51,1.35,1.40,348800,1.40
2011-08-09,1.60,1.64,1.37,1.47,657400,1.47
2011-08-08,1.80,1.88,1.63,1.70,714700,1.70
2011-08-05,1.93,1.98,1.76,1.85,517000,1.85
2011-08-04,2.13,2.14,1.90,1.93,550900,1.93
2011-08-03,2.24,2.24,2.07,2.17,244200,2.17
2011-08-02,2.23,2.31,2.11,2.12,300100,2.12
2011-08-01,2.40,2.42,2.21,2.24,206600,2.24
2011-07-29,2.15,2.36,2.11,2.35,488600,2.35
2011-07-28,2.18,2.21,2.10,2.19,332000,2.19
2011-07-27,2.26,2.32,2.21,2.22,241700,2.22
2011-07-26,2.30,2.38,2.25,2.27,290100,2.27
2011-07-25,2.34,2.35,2.21,2.26,379600,2.26
2011-07-22,2.33,2.39,2.29,2.37,306700,2.37
2011-07-21,2.45,2.45,2.25,2.34,885800,2.34
2011-07-20,2.35,2.63,2.33,2.44,3462500,2.44
2011-07-19,2.30,2.32,2.22,2.28,402900,2.28
2011-07-18,2.29,2.31,2.17,2.27,325800,2.27
2011-07-15,2.30,2.34,2.25,2.30,447800,2.30
2011-07-14,2.22,2.32,2.18,2.28,527000,2.28
2011-07-13,2.12,2.25,2.07,2.22,258900,2.22
2011-07-12,2.02,2.14,2.02,2.08,280000,2.08
2011-07-11,2.14,2.18,2.06,2.07,309200,2.07
2011-07-08,2.22,2.24,2.16,2.21,147800,2.21
2011-07-07,2.29,2.30,2.24,2.24,107200,2.24
2011-07-06,2.26,2.33,2.22,2.26,222500,2.26
2011-07-05,2.31,2.34,2.27,2.28,187000,2.28
2011-07-01,2.30,2.35,2.26,2.33,457400,2.33
2011-06-30,2.34,2.34,2.21,2.22,186000,2.22
2011-06-29,2.34,2.34,2.22,2.27,302800,2.27
2011-06-28,2.40,2.40,2.23,2.28,519800,2.28
2011-06-27,2.34,2.36,2.24,2.27,222500,2.27
2011-06-24,2.27,2.35,2.20,2.30,182400,2.30
2011-06-23,2.29,2.29,2.13,2.25,147600,2.25
2011-06-22,2.44,2.46,2.29,2.29,335200,2.29
2011-06-21,2.35,2.42,2.25,2.41,728800,2.41
2011-06-20,2.36,2.36,2.11,2.32,330800,2.32
2011-06-17,2.32,2.35,2.25,2.34,251500,2.34
2011-06-16,2.22,2.31,2.22,2.29,103200,2.29
2011-06-15,2.28,2.28,2.22,2.22,89200,2.22
2011-06-14,2.29,2.32,2.22,2.28,149000,2.28
2011-06-13,2.20,2.35,2.16,2.25,486500,2.25
2011-06-10,2.26,2.34,2.10,2.20,704200,2.20
2011-06-09,2.01,2.25,1.91,2.20,713500,2.20
2011-06-08,2.15,2.20,1.99,2.00,613700,2.00
2011-06-07,2.28,2.32,2.18,2.18,225500,2.18
2011-06-06,2.30,2.35,2.28,2.28,222000,2.28
2011-06-03,2.34,2.40,2.24,2.34,472900,2.34
2011-06-02,2.33,2.43,2.31,2.35,293100,2.35
2011-06-01,2.49,2.49,2.31,2.34,192000,2.34
2011-05-31,2.42,2.45,2.34,2.45,514700,2.45
2011-05-27,2.30,2.34,2.25,2.34,441500,2.34
2011-05-26,2.39,2.40,2.23,2.30,1018200,2.30
2011-05-25,2.39,2.47,2.30,2.40,2915900,2.40
2011-05-24,3.26,3.26,2.75,2.85,716200,2.85
2011-05-23,3.90,3.90,3.12,3.24,320200,3.24
2011-05-20,4.39,5.87,3.70,3.82,302800,3.82
2011-05-19,0.43,0.49,0.43,0.46,8000,4.60
2011-05-18,0.51,0.52,0.42,0.45,126300,4.50
2011-05-17,0.53,0.53,0.50,0.50,42000,5.00
2011-05-16,0.55,0.56,0.52,0.52,67000,5.20
2011-05-13,0.52,0.55,0.52,0.55,56400,5.50
2011-05-12,0.51,0.56,0.50,0.51,99600,5.10
2011-05-11,0.54,0.57,0.51,0.53,64900,5.30
2011-05-10,0.52,0.54,0.52,0.52,23000,5.20
2011-05-09,0.52,0.52,0.50,0.51,56100,5.10
2011-05-06,0.51,0.52,0.51,0.52,20900,5.20
2011-05-05,0.54,0.54,0.50,0.51,24300,5.10
2011-05-04,0.56,0.56,0.52,0.54,32400,5.40
2011-05-03,0.56,0.57,0.55,0.57,22900,5.70
2011-05-02,0.60,0.60,0.55,0.57,29700,5.70
2011-04-29,0.55,0.59,0.55,0.57,34100,5.70
2011-04-28,0.61,0.62,0.56,0.56,71300,5.60
2011-04-27,0.61,0.62,0.60,0.61,74400,6.10
2011-04-26,0.57,0.61,0.56,0.60,130000,6.00
2011-04-25,0.51,0.56,0.50,0.54,100600,5.40
2011-04-21,0.52,0.52,0.49,0.50,48000,5.00
2011-04-20,0.49,0.53,0.47,0.48,143900,4.80
2011-04-19,0.53,0.54,0.42,0.46,368600,4.60
2011-04-18,0.58,0.59,0.48,0.52,210500,5.20
2011-04-15,0.63,0.63,0.59,0.60,63100,6.00
2011-04-14,0.60,0.63,0.59,0.62,48600,6.20
2011-04-13,0.63,0.63,0.61,0.61,47400,6.10
2011-04-12,0.66,0.66,0.61,0.63,55400,6.30
2011-04-11,0.68,0.70,0.66,0.66,28500,6.60
2011-04-08,0.67,0.70,0.66,0.68,35300,6.80
2011-04-07,0.70,0.70,0.67,0.67,37600,6.70
2011-04-06,0.70,0.71,0.68,0.69,49500,6.90
2011-04-05,0.70,0.70,0.67,0.67,46700,6.70
2011-04-04,0.73,0.75,0.66,0.67,179800,6.70
2011-04-01,0.73,0.78,0.65,0.76,144700,7.60
2011-03-31,0.76,0.80,0.70,0.76,79100,7.60
2011-03-30,0.75,0.80,0.74,0.75,142900,7.50
2011-03-29,0.66,0.76,0.63,0.74,165400,7.40
2011-03-28,0.66,0.67,0.62,0.64,39100,6.40
2011-03-25,0.65,0.67,0.64,0.65,30100,6.50
2011-03-24,0.66,0.67,0.64,0.66,18700,6.60
2011-03-23,0.65,0.66,0.63,0.65,34400,6.50
2011-03-22,0.65,0.66,0.63,0.66,27000,6.60
2011-03-21,0.64,0.68,0.63,0.64,51100,6.40
2011-03-18,0.63,0.64,0.60,0.62,36800,6.20
2011-03-17,0.63,0.64,0.60,0.60,39500,6.00
2011-03-16,0.60,0.63,0.59,0.59,39600,5.90
2011-03-15,0.61,0.62,0.57,0.60,66800,6.00
2011-03-14,0.64,0.65,0.61,0.62,39200,6.20
2011-03-11,0.67,0.68,0.60,0.65,106900,6.50
2011-03-10,0.70,0.70,0.66,0.67,68000,6.70
2011-03-09,0.70,0.71,0.69,0.69,17500,6.90
2011-03-08,0.70,0.74,0.69,0.69,34900,6.90
2011-03-07,0.68,0.78,0.68,0.70,111300,7.00
2011-03-04,0.68,0.72,0.67,0.69,63000,6.90
2011-03-03,0.72,0.73,0.66,0.70,71700,7.00
2011-03-02,0.71,0.73,0.70,0.71,53500,7.10
2011-03-01,0.73,0.75,0.71,0.71,48300,7.10
2011-02-28,0.75,0.78,0.73,0.73,29000,7.30
2011-02-25,0.75,0.78,0.74,0.74,42800,7.40
2011-02-24,0.73,0.77,0.72,0.74,46500,7.40
2011-02-23,0.76,0.78,0.71,0.75,122100,7.50
2011-02-22,0.79,0.79,0.76,0.77,91900,7.70
2011-02-18,0.81,0.81,0.77,0.80,46800,8.00
2011-02-17,0.79,0.81,0.78,0.81,30800,8.10
2011-02-16,0.78,0.81,0.78,0.78,61800,7.80
2011-02-15,0.80,0.80,0.78,0.78,62300,7.80
2011-02-14,0.79,0.84,0.78,0.80,96200,8.00
2011-02-11,0.82,0.82,0.79,0.79,46700,7.90
2011-02-10,0.83,0.83,0.79,0.81,86800,8.10
2011-02-09,0.82,0.84,0.82,0.83,52100,8.30
2011-02-08,0.85,0.86,0.80,0.81,137200,8.10
2011-02-07,0.82,0.82,0.77,0.78,142300,7.80
2011-02-04,0.90,0.92,0.81,0.82,243500,8.20
2011-02-03,0.80,0.92,0.79,0.87,398700,8.70
2011-02-02,0.79,0.84,0.74,0.80,301700,8.00
2011-02-01,0.77,0.80,0.75,0.75,93800,7.50
2011-01-31,0.76,0.78,0.75,0.75,53800,7.50
2011-01-28,0.80,0.83,0.75,0.75,92400,7.50
2011-01-27,0.73,0.83,0.72,0.78,156800,7.80
2011-01-26,0.70,0.74,0.69,0.74,73400,7.40
2011-01-25,0.76,0.76,0.67,0.71,209700,7.10
2011-01-24,0.84,0.85,0.72,0.75,196900,7.50
2011-01-21,0.77,0.83,0.74,0.79,266300,7.90
2011-01-20,0.77,0.78,0.68,0.73,377300,7.30
2011-01-19,0.99,1.07,0.81,0.81,1073400,8.10
2011-01-18,0.75,0.94,0.75,0.90,800400,9.00
2011-01-14,0.66,0.77,0.65,0.72,670700,7.20
2011-01-13,0.54,0.68,0.54,0.61,469800,6.10
2011-01-12,0.52,0.54,0.49,0.52,99700,5.20
2011-01-11,0.47,0.52,0.46,0.48,117400,4.80
2011-01-10,0.45,0.48,0.43,0.46,74200,4.60
2011-01-07,0.46,0.46,0.43,0.43,37200,4.30
2011-01-06,0.45,0.46,0.43,0.45,32900,4.50
2011-01-05,0.46,0.49,0.43,0.46,100100,4.60
2011-01-04,0.40,0.48,0.39,0.46,324400,4.60
2011-01-03,0.38,0.39,0.36,0.39,29400,3.90
2010-12-31,0.38,0.39,0.37,0.37,55900,3.70
2010-12-30,0.40,0.40,0.38,0.39,54900,3.90
2010-12-29,0.38,0.40,0.38,0.39,33800,3.90
2010-12-28,0.38,0.40,0.38,0.39,58300,3.90
2010-12-27,0.39,0.40,0.38,0.40,30000,4.00
2010-12-23,0.38,0.40,0.38,0.39,51100,3.90
2010-12-22,0.39,0.41,0.38,0.39,68900,3.90
2010-12-21,0.38,0.40,0.38,0.39,25100,3.90
2010-12-20,0.40,0.41,0.38,0.38,53100,3.80
2010-12-17,0.38,0.39,0.37,0.39,23900,3.90
2010-12-16,0.38,0.38,0.37,0.37,23100,3.70
2010-12-15,0.39,0.39,0.37,0.38,14600,3.80
2010-12-14,0.37,0.39,0.37,0.39,38400,3.90
2010-12-13,0.39,0.39,0.37,0.37,46800,3.70
2010-12-10,0.38,0.40,0.37,0.39,39700,3.90
2010-12-09,0.37,0.38,0.37,0.37,42500,3.70
2010-12-08,0.39,0.41,0.36,0.37,119900,3.70
2010-12-07,0.40,0.42,0.39,0.39,43100,3.90
2010-12-06,0.40,0.42,0.39,0.40,34900,4.00
2010-12-03,0.42,0.43,0.39,0.40,54400,4.00
2010-12-02,0.41,0.42,0.41,0.41,28900,4.10
2010-12-01,0.41,0.43,0.40,0.41,37500,4.10
2010-11-30,0.43,0.44,0.40,0.41,63900,4.10
2010-11-29,0.46,0.46,0.42,0.43,14700,4.30
2010-11-26,0.46,0.46,0.43,0.45,3500,4.50
2010-11-24,0.45,0.45,0.41,0.45,57900,4.50
2010-11-23,0.49,0.49,0.43,0.44,55900,4.40
2010-11-22,0.50,0.50,0.47,0.49,21800,4.90
2010-11-19,0.49,0.49,0.45,0.49,18100,4.90
2010-11-18,0.48,0.50,0.46,0.47,39600,4.70
2010-11-17,0.46,0.47,0.44,0.45,34100,4.50
2010-11-16,0.50,0.50,0.46,0.46,33000,4.60
2010-11-15,0.48,0.50,0.47,0.49,46600,4.90
2010-11-12,0.49,0.50,0.48,0.48,14700,4.80
2010-11-11,0.50,0.53,0.48,0.49,24300,4.90
2010-11-10,0.51,0.52,0.50,0.51,20200,5.10
2010-11-09,0.51,0.53,0.49,0.50,76800,5.00
2010-11-08,0.52,0.55,0.47,0.50,80100,5.00
2010-11-05,0.55,0.57,0.52,0.54,32800,5.40
2010-11-04,0.51,0.57,0.51,0.54,87400,5.40
2010-11-03,0.50,0.54,0.50,0.52,61500,5.20
2010-11-02,0.50,0.52,0.47,0.51,72900,5.10
2010-11-01,0.51,0.52,0.47,0.47,44700,4.70
2010-10-29,0.53,0.53,0.48,0.50,70600,5.00
2010-10-28,0.55,0.56,0.47,0.53,108400,5.30
2010-10-27,0.47,0.51,0.45,0.51,86000,5.10
2010-10-26,0.43,0.46,0.42,0.46,41600,4.60
2010-10-25,0.41,0.45,0.41,0.43,24000,4.30
2010-10-22,0.43,0.44,0.42,0.44,31900,4.40
2010-10-21,0.43,0.45,0.42,0.43,33400,4.30
2010-10-20,0.41,0.44,0.40,0.42,41700,4.20
2010-10-19,0.46,0.46,0.41,0.42,59700,4.20
2010-10-18,0.45,0.49,0.42,0.44,61400,4.40
2010-10-15,0.50,0.52,0.45,0.45,113000,4.50
2010-10-14,0.45,0.50,0.44,0.48,132000,4.80
2010-10-13,0.41,0.46,0.40,0.45,130100,4.50
2010-10-12,0.38,0.43,0.38,0.42,84000,4.20
2010-10-11,0.38,0.39,0.37,0.38,26400,3.80
2010-10-08,0.40,0.40,0.39,0.39,9400,3.90
2010-10-07,0.39,0.41,0.38,0.39,23900,3.90
2010-10-06,0.39,0.39,0.37,0.38,23600,3.80
2010-10-05,0.38,0.39,0.37,0.37,48300,3.70
2010-10-04,0.39,0.40,0.38,0.38,16800,3.80
2010-10-01,0.39,0.40,0.38,0.39,17400,3.90
2010-09-30,0.41,0.41,0.38,0.38,27400,3.80
2010-09-29,0.38,0.41,0.38,0.38,41100,3.80
2010-09-28,0.40,0.41,0.38,0.40,28900,4.00
2010-09-27,0.39,0.41,0.39,0.41,17200,4.10
2010-09-24,0.38,0.42,0.38,0.39,24200,3.90
2010-09-23,0.39,0.39,0.38,0.39,14800,3.90
2010-09-22,0.39,0.43,0.39,0.39,53500,3.90
2010-09-21,0.41,0.41,0.40,0.41,6600,4.10
2010-09-20,0.39,0.41,0.39,0.41,26200,4.10
2010-09-17,0.40,0.41,0.38,0.38,22600,3.80
2010-09-16,0.40,0.42,0.39,0.40,13400,4.00
2010-09-15,0.39,0.41,0.39,0.39,12900,3.90
2010-09-14,0.41,0.42,0.39,0.41,14800,4.10
2010-09-13,0.41,0.41,0.39,0.40,15600,4.00
2010-09-10,0.39,0.41,0.38,0.39,25000,3.90
2010-09-09,0.38,0.42,0.37,0.41,44700,4.10
2010-09-08,0.40,0.40,0.38,0.39,8200,3.90
2010-09-07,0.39,0.40,0.38,0.38,11300,3.80
2010-09-03,0.40,0.44,0.38,0.39,45800,3.90
2010-09-02,0.40,0.41,0.40,0.40,17000,4.00
2010-09-01,0.41,0.41,0.40,0.40,14500,4.00
2010-08-31,0.41,0.42,0.40,0.40,13000,4.00
2010-08-30,0.43,0.43,0.41,0.41,3200,4.10
2010-08-27,0.40,0.42,0.40,0.42,9400,4.20
2010-08-26,0.40,0.41,0.40,0.41,14200,4.10
2010-08-25,0.40,0.41,0.40,0.40,24900,4.00
2010-08-24,0.42,0.42,0.40,0.40,29500,4.00
2010-08-23,0.41,0.43,0.41,0.41,18300,4.10
2010-08-20,0.44,0.44,0.41,0.41,15600,4.10
2010-08-19,0.44,0.44,0.42,0.43,10700,4.30
2010-08-18,0.44,0.45,0.43,0.44,12400,4.40
2010-08-17,0.44,0.44,0.42,0.43,8900,4.30
2010-08-16,0.42,0.45,0.42,0.43,14000,4.30
2010-08-13,0.43,0.43,0.42,0.42,14200,4.20
2010-08-12,0.45,0.45,0.42,0.43,40900,4.30
2010-08-11,0.49,0.49,0.45,0.45,36200,4.50
2010-08-10,0.49,0.49,0.47,0.49,38000,4.90
2010-08-09,0.45,0.49,0.45,0.49,40700,4.90
2010-08-06,0.45,0.47,0.43,0.45,70400,4.50
2010-08-05,0.47,0.50,0.46,0.50,42900,5.00
2010-08-04,0.47,0.47,0.45,0.45,17700,4.50
2010-08-03,0.47,0.48,0.44,0.45,16600,4.50
2010-08-02,0.48,0.48,0.44,0.44,25600,4.40
2010-07-30,0.47,0.47,0.44,0.46,29000,4.60
2010-07-29,0.49,0.52,0.47,0.47,30500,4.70
2010-07-28,0.47,0.51,0.46,0.50,32500,5.00
2010-07-27,0.48,0.49,0.46,0.47,19900,4.70
2010-07-26,0.45,0.48,0.44,0.47,14900,4.70
2010-07-23,0.44,0.46,0.43,0.44,15900,4.40
2010-07-22,0.45,0.45,0.43,0.44,17200,4.40
2010-07-21,0.47,0.47,0.44,0.44,13400,4.40
2010-07-20,0.48,0.48,0.45,0.45,14600,4.50
2010-07-19,0.47,0.49,0.46,0.46,20400,4.60
2010-07-16,0.50,0.50,0.46,0.47,21400,4.70
2010-07-15,0.48,0.53,0.46,0.48,34200,4.80
2010-07-14,0.48,0.49,0.46,0.48,33500,4.80
2010-07-13,0.44,0.57,0.44,0.45,30600,4.50
2010-07-12,0.44,0.46,0.44,0.45,8800,4.50
2010-07-09,0.43,0.45,0.43,0.45,11800,4.50
2010-07-08,0.47,0.47,0.43,0.43,19300,4.30
2010-07-07,0.45,0.47,0.43,0.45,14800,4.50
2010-07-06,0.45,0.46,0.41,0.45,19200,4.50
2010-07-02,0.42,0.46,0.42,0.46,17200,4.60
2010-07-01,0.45,0.46,0.40,0.42,49500,4.20
2010-06-30,0.46,0.48,0.44,0.46,53800,4.60
2010-06-29,0.47,0.50,0.47,0.50,24200,5.00
2010-06-28,0.52,0.52,0.48,0.50,27300,5.00
2010-06-25,0.50,0.51,0.47,0.51,54700,5.10
2010-06-24,0.58,0.58,0.50,0.51,58900,5.10
2010-06-23,0.62,0.62,0.54,0.57,119100,5.70
2010-06-22,0.60,0.63,0.57,0.61,300000,6.10
2010-06-21,0.50,0.57,0.50,0.54,126100,5.40
2010-06-18,0.48,0.53,0.46,0.50,127400,5.00
2010-06-17,0.45,0.47,0.43,0.45,61100,4.50
2010-06-16,0.43,0.45,0.41,0.43,61400,4.30
2010-06-15,0.41,0.41,0.40,0.40,23500,4.00
2010-06-14,0.40,0.41,0.39,0.41,29200,4.10
2010-06-11,0.38,0.40,0.38,0.38,27600,3.80
2010-06-10,0.37,0.39,0.36,0.37,23100,3.70
2010-06-09,0.43,0.43,0.36,0.36,53100,3.60
2010-06-08,0.40,0.40,0.37,0.38,73900,3.80
2010-06-07,0.39,0.39,0.37,0.39,26800,3.90
2010-06-04,0.40,0.41,0.38,0.38,46200,3.80
2010-06-03,0.43,0.44,0.39,0.40,75100,4.00
2010-06-02,0.40,0.42,0.39,0.42,43100,4.20
2010-06-01,0.44,0.44,0.40,0.40,66600,4.00
2010-05-28,0.42,0.42,0.39,0.42,77800,4.20
2010-05-27,0.42,0.43,0.38,0.40,207300,4.00
2010-05-26,0.44,0.44,0.36,0.36,359700,3.60
2010-05-25,0.45,0.46,0.40,0.43,72000,4.30
2010-05-24,0.47,0.49,0.46,0.46,33000,4.60
2010-05-21,0.50,0.51,0.47,0.47,56600,4.70
2010-05-20,0.49,0.51,0.47,0.51,41700,5.10
2010-05-19,0.50,0.52,0.48,0.48,34600,4.80
2010-05-18,0.50,0.53,0.49,0.49,43500,4.90
2010-05-17,0.52,0.52,0.48,0.48,107700,4.80
2010-05-14,0.50,0.52,0.48,0.52,62700,5.20
2010-05-13,0.57,0.57,0.49,0.50,107300,5.00
2010-05-12,0.55,0.58,0.53,0.54,46400,5.40
2010-05-11,0.57,0.58,0.52,0.55,77400,5.50
2010-05-10,0.61,0.61,0.58,0.58,27800,5.80
2010-05-07,0.57,0.59,0.55,0.58,52800,5.80
2010-05-06,0.60,0.62,0.55,0.57,65500,5.70
2010-05-05,0.61,0.61,0.60,0.60,39300,6.00
2010-05-04,0.63,0.65,0.60,0.61,61000,6.10
2010-05-03,0.65,0.65,0.63,0.64,25000,6.40
2010-04-30,0.64,0.66,0.63,0.66,39400,6.60
2010-04-29,0.66,0.66,0.63,0.64,42000,6.40
2010-04-28,0.69,0.69,0.65,0.68,34600,6.80
2010-04-27,0.67,0.69,0.64,0.69,75400,6.90
2010-04-26,0.66,0.67,0.65,0.67,48300,6.70
2010-04-23,0.66,0.66,0.64,0.65,27000,6.50
2010-04-22,0.62,0.66,0.62,0.66,33600,6.60
2010-04-21,0.65,0.66,0.62,0.62,74700,6.20
2010-04-20,0.66,0.66,0.63,0.66,47700,6.60
2010-04-19,0.66,0.67,0.62,0.63,78700,6.30
2010-04-16,0.65,0.66,0.62,0.66,123000,6.60
2010-04-15,0.65,0.68,0.64,0.64,62800,6.40
2010-04-14,0.63,0.67,0.63,0.66,52600,6.60
2010-04-13,0.65,0.67,0.63,0.64,47400,6.40
2010-04-12,0.68,0.69,0.65,0.65,96500,6.50
2010-04-09,0.68,0.70,0.68,0.69,44200,6.90
2010-04-08,0.68,0.70,0.68,0.68,43900,6.80
2010-04-07,0.67,0.72,0.67,0.72,68100,7.20
2010-04-06,0.69,0.73,0.68,0.71,64800,7.10
2010-04-05,0.67,0.73,0.66,0.73,67600,7.30
2010-04-01,0.68,0.72,0.66,0.66,77900,6.60
2010-03-31,0.63,0.69,0.63,0.69,82500,6.90
2010-03-30,0.65,0.69,0.59,0.63,1123000,6.30
2010-03-29,0.72,0.72,0.62,0.65,439300,6.50
2010-03-26,0.75,0.75,0.68,0.74,147500,7.40
2010-03-25,0.72,0.75,0.71,0.74,158400,7.40
2010-03-24,0.66,0.72,0.65,0.71,271200,7.10
2010-03-23,0.64,0.70,0.63,0.65,247200,6.50
2010-03-22,0.58,0.62,0.58,0.61,39800,6.10
2010-03-19,0.63,0.64,0.58,0.58,62600,5.80
2010-03-18,0.60,0.63,0.59,0.62,35900,6.20
2010-03-17,0.61,0.64,0.60,0.61,43200,6.10
2010-03-16,0.57,0.60,0.56,0.59,54400,5.90
2010-03-15,0.63,0.65,0.57,0.58,118500,5.80
2010-03-12,0.61,0.63,0.59,0.62,213700,6.20
2010-03-11,0.57,0.59,0.56,0.59,55700,5.90
2010-03-10,0.59,0.59,0.55,0.57,47100,5.70
2010-03-09,0.58,0.59,0.55,0.58,88000,5.80
2010-03-08,0.55,0.58,0.54,0.56,173500,5.60
2010-03-05,0.53,0.55,0.53,0.55,23900,5.50
2010-03-04,0.55,0.55,0.53,0.54,11300,5.40
2010-03-03,0.54,0.55,0.53,0.53,32200,5.30
2010-03-02,0.53,0.54,0.52,0.54,19900,5.40
2010-03-01,0.54,0.55,0.53,0.53,57100,5.30
2010-02-26,0.50,0.53,0.50,0.53,23900,5.30
2010-02-25,0.51,0.53,0.49,0.50,68800,5.00
2010-02-24,0.52,0.53,0.51,0.51,35100,5.10
2010-02-23,0.53,0.55,0.52,0.53,29900,5.30
2010-02-22,0.55,0.56,0.53,0.54,49800,5.40
2010-02-19,0.57,0.57,0.50,0.54,153000,5.40
2010-02-18,0.55,0.56,0.54,0.55,38500,5.50
2010-02-17,0.51,0.55,0.51,0.54,50600,5.40
2010-02-16,0.54,0.54,0.51,0.52,35500,5.20
2010-02-12,0.50,0.53,0.49,0.53,40400,5.30
2010-02-11,0.50,0.53,0.50,0.51,41900,5.10
2010-02-10,0.50,0.53,0.50,0.52,37700,5.20
2010-02-09,0.51,0.53,0.51,0.52,31700,5.20
2010-02-08,0.53,0.55,0.50,0.54,45000,5.40
2010-02-05,0.56,0.57,0.50,0.52,129600,5.20
2010-02-04,0.56,0.65,0.55,0.56,234800,5.60
2010-02-03,0.57,0.58,0.56,0.56,41600,5.60
2010-02-02,0.57,0.58,0.56,0.58,49200,5.80
2010-02-01,0.59,0.59,0.57,0.58,22400,5.80
2010-01-29,0.57,0.59,0.57,0.58,33200,5.80
2010-01-28,0.58,0.59,0.56,0.57,36000,5.70
2010-01-27,0.57,0.60,0.56,0.58,45200,5.80
2010-01-26,0.57,0.60,0.57,0.57,32100,5.70
2010-01-25,0.58,0.60,0.57,0.57,81500,5.70
2010-01-22,0.61,0.61,0.54,0.57,112500,5.70
2010-01-21,0.65,0.66,0.58,0.60,99400,6.00
2010-01-20,0.66,0.66,0.64,0.64,43100,6.40
2010-01-19,0.68,0.68,0.64,0.65,93000,6.50
2010-01-15,0.69,0.69,0.64,0.66,159800,6.60
2010-01-14,0.67,0.69,0.66,0.67,48300,6.70
2010-01-13,0.67,0.69,0.66,0.66,63500,6.60
2010-01-12,0.69,0.70,0.68,0.68,51500,6.80
2010-01-11,0.70,0.71,0.68,0.68,69100,6.80
2010-01-08,0.69,0.71,0.67,0.68,150300,6.80
2010-01-07,0.68,0.68,0.65,0.67,136500,6.70
2010-01-06,0.69,0.69,0.66,0.67,187900,6.70
2010-01-05,0.73,0.73,0.69,0.70,125500,7.00
2010-01-04,0.74,0.76,0.70,0.70,53700,7.00
2009-12-31,0.72,0.74,0.70,0.71,145600,7.10
2009-12-30,0.77,0.78,0.70,0.70,194800,7.00
2009-12-29,0.70,0.81,0.70,0.79,268400,7.90
2009-12-28,0.70,0.71,0.67,0.71,75100,7.10
2009-12-24,0.70,0.72,0.69,0.70,25400,7.00
2009-12-23,0.75,0.76,0.69,0.69,41100,6.90
2009-12-22,0.70,0.74,0.69,0.74,32200,7.40
2009-12-21,0.69,0.72,0.68,0.70,25500,7.00
2009-12-18,0.70,0.71,0.65,0.68,41400,6.80
2009-12-17,0.70,0.70,0.70,0.70,19900,7.00
2009-12-16,0.71,0.72,0.70,0.70,18000,7.00
2009-12-15,0.70,0.72,0.70,0.71,42100,7.10
2009-12-14,0.70,0.71,0.69,0.70,27700,7.00
2009-12-11,0.73,0.74,0.70,0.71,74300,7.10
2009-12-10,0.73,0.75,0.71,0.73,24200,7.30
2009-12-09,0.74,0.75,0.72,0.73,15100,7.30
2009-12-08,0.75,0.76,0.73,0.73,29200,7.30
2009-12-07,0.80,0.80,0.74,0.74,32000,7.40
2009-12-04,0.77,0.79,0.75,0.76,46100,7.60
2009-12-03,0.79,0.79,0.77,0.77,26800,7.70
2009-12-02,0.79,0.80,0.77,0.77,18900,7.70
2009-12-01,0.80,0.81,0.78,0.79,11400,7.90
2009-11-30,0.79,0.81,0.78,0.80,23500,8.00
2009-11-27,0.80,0.81,0.77,0.78,23300,7.80
2009-11-25,0.81,0.82,0.80,0.80,16200,8.00
2009-11-24,0.81,0.83,0.81,0.81,17700,8.10
2009-11-23,0.82,0.84,0.81,0.81,21000,8.10
2009-11-20,0.82,0.84,0.82,0.82,19500,8.20
2009-11-19,0.85,0.86,0.83,0.85,18000,8.50
2009-11-18,0.86,0.89,0.83,0.89,28600,8.90
2009-11-17,0.90,0.90,0.86,0.86,16300,8.60
2009-11-16,0.90,0.90,0.86,0.87,36700,8.70
2009-11-13,0.86,0.89,0.85,0.89,29000,8.90
2009-11-12,0.88,0.90,0.85,0.85,21300,8.50
2009-11-11,0.90,0.91,0.87,0.89,18300,8.90
2009-11-10,0.87,0.92,0.86,0.90,16500,9.00
2009-11-09,0.85,0.93,0.85,0.92,38100,9.20
2009-11-06,0.86,0.88,0.85,0.88,19700,8.80
2009-11-05,0.86,0.90,0.86,0.86,34300,8.60
2009-11-04,0.93,0.94,0.86,0.86,30100,8.60
2009-11-03,0.92,0.92,0.86,0.90,20600,9.00
2009-11-02,0.93,0.93,0.85,0.88,30700,8.80
2009-10-30,0.92,0.92,0.86,0.86,37400,8.60
2009-10-29,0.90,0.96,0.87,0.90,48300,9.00
2009-10-28,0.88,0.91,0.84,0.84,68300,8.40
2009-10-27,0.97,1.01,0.90,0.90,82100,9.00
2009-10-26,1.03,1.07,0.97,0.98,66100,9.80
2009-10-23,1.08,1.08,1.02,1.05,71200,10.50
2009-10-22,1.03,1.07,1.03,1.07,65000,10.70
2009-10-21,1.04,1.10,1.04,1.04,75600,10.40
2009-10-20,1.06,1.17,1.01,1.04,206500,10.40
2009-10-19,1.19,1.19,1.06,1.10,86700,11.00
2009-10-16,1.19,1.19,1.08,1.15,81100,11.50
2009-10-15,1.16,1.21,1.15,1.17,69200,11.70
2009-10-14,1.19,1.35,1.14,1.18,354400,11.80
2009-10-13,1.23,1.23,1.13,1.17,109300,11.70
2009-10-12,1.15,1.19,1.11,1.19,201900,11.90
2009-10-09,1.11,1.14,1.03,1.09,254500,10.90
2009-10-08,0.90,1.33,0.89,1.12,1164900,11.20
2009-10-07,0.90,0.96,0.89,0.92,62200,9.20
2009-10-06,0.86,0.93,0.85,0.93,128800,9.30
2009-10-05,0.88,0.90,0.84,0.85,49600,8.50
2009-10-02,0.87,0.88,0.79,0.88,92200,8.80
2009-10-01,0.87,0.96,0.82,0.86,164500,8.60
2009-09-30,0.91,0.97,0.84,0.88,182700,8.80
2009-09-29,0.85,0.90,0.79,0.89,178200,8.90
2009-09-28,0.83,0.90,0.82,0.84,165400,8.40
2009-09-25,0.79,0.84,0.75,0.81,171300,8.10
2009-09-24,0.80,0.81,0.76,0.79,30000,7.90
2009-09-23,0.83,0.85,0.79,0.80,38500,8.00
2009-09-22,0.83,0.84,0.80,0.84,57200,8.40
2009-09-21,0.76,0.83,0.75,0.83,73900,8.30
2009-09-18,0.76,0.79,0.76,0.76,28600,7.60
2009-09-17,0.79,0.80,0.77,0.78,35800,7.80
2009-09-16,0.77,0.79,0.76,0.79,68100,7.90
2009-09-15,0.75,0.78,0.75,0.75,47800,7.50
2009-09-14,0.75,0.76,0.75,0.75,38000,7.50
2009-09-11,0.74,0.76,0.74,0.75,56600,7.50
2009-09-10,0.72,0.74,0.71,0.73,38900,7.30
2009-09-09,0.69,0.72,0.68,0.71,70200,7.10
2009-09-08,0.70,0.71,0.68,0.68,22000,6.80
2009-09-04,0.67,0.70,0.67,0.70,19900,7.00
2009-09-03,0.67,0.70,0.67,0.67,43000,6.70
2009-09-02,0.71,0.71,0.66,0.67,42600,6.70
2009-09-01,0.70,0.71,0.66,0.67,89500,6.70
2009-08-31,0.73,0.73,0.69,0.70,61000,7.00
2009-08-28,0.75,0.77,0.71,0.71,91200,7.10
2009-08-27,0.72,0.78,0.70,0.75,214000,7.50
2009-08-26,0.71,0.74,0.71,0.72,41300,7.20
2009-08-25,0.73,0.74,0.70,0.72,72100,7.20
2009-08-24,0.75,0.76,0.73,0.73,56400,7.30
2009-08-21,0.75,0.78,0.73,0.75,117100,7.50
2009-08-20,0.73,0.77,0.72,0.75,103200,7.50
2009-08-19,0.75,0.77,0.73,0.73,57200,7.30
2009-08-18,0.77,0.77,0.74,0.77,23800,7.70
2009-08-17,0.74,0.76,0.74,0.75,28200,7.50
2009-08-14,0.79,0.79,0.75,0.76,41000,7.60
2009-08-13,0.77,0.79,0.76,0.77,53900,7.70
2009-08-12,0.75,0.78,0.75,0.77,17400,7.70
2009-08-11,0.79,0.79,0.75,0.75,29500,7.50
2009-08-10,0.77,0.79,0.77,0.79,17400,7.90
2009-08-07,0.78,0.79,0.76,0.76,24400,7.60
2009-08-06,0.80,0.80,0.76,0.76,30300,7.60
2009-08-05,0.80,0.82,0.77,0.79,54100,7.90
2009-08-04,0.78,0.78,0.75,0.77,16800,7.70
2009-08-03,0.77,0.81,0.75,0.78,24600,7.80
2009-07-31,0.79,0.80,0.77,0.79,17000,7.90
2009-07-30,0.80,0.80,0.76,0.79,23700,7.90
2009-07-29,0.81,0.81,0.75,0.75,25800,7.50
2009-07-28,0.82,0.82,0.76,0.81,44900,8.10
2009-07-27,0.77,0.84,0.77,0.82,51500,8.20
2009-07-24,0.80,0.80,0.77,0.77,35100,7.70
2009-07-23,0.77,0.81,0.75,0.77,52100,7.70
2009-07-22,0.74,0.76,0.74,0.74,21500,7.40
2009-07-21,0.74,0.79,0.74,0.75,32800,7.50
2009-07-20,0.76,0.79,0.73,0.73,26300,7.30
2009-07-17,0.78,0.80,0.76,0.77,26900,7.70
2009-07-16,0.74,0.79,0.73,0.76,51800,7.60
2009-07-15,0.72,0.76,0.72,0.73,18100,7.30
2009-07-14,0.73,0.76,0.72,0.72,23500,7.20
2009-07-13,0.74,0.76,0.73,0.73,14900,7.30
2009-07-10,0.76,0.78,0.73,0.74,21500,7.40
2009-07-09,0.76,0.78,0.75,0.77,38100,7.70
2009-07-08,0.78,0.82,0.76,0.76,40900,7.60
2009-07-07,0.80,0.88,0.77,0.78,74400,7.80
2009-07-06,0.84,0.87,0.76,0.79,54400,7.90
2009-07-02,0.81,0.86,0.81,0.86,26900,8.60
2009-07-01,0.89,0.89,0.81,0.81,38800,8.10
2009-06-30,0.85,0.92,0.81,0.88,60000,8.80
2009-06-29,0.82,0.89,0.77,0.89,287900,8.90
2009-06-26,0.88,0.95,0.73,0.73,2007600,7.30
2009-06-25,0.83,0.86,0.80,0.80,56000,8.00
2009-06-24,0.84,0.87,0.83,0.84,13200,8.40
2009-06-23,0.85,0.88,0.78,0.82,36900,8.20
2009-06-22,0.93,0.95,0.80,0.82,88600,8.20
2009-06-19,0.93,0.95,0.90,0.93,50600,9.30
2009-06-18,0.94,0.96,0.90,0.90,43100,9.00
2009-06-17,0.93,0.98,0.92,0.94,24700,9.40
2009-06-16,1.01,1.03,0.92,0.92,72000,9.20
2009-06-15,1.05,1.05,0.96,0.98,33000,9.80
2009-06-12,1.13,1.13,1.02,1.05,61900,10.50
2009-06-11,0.93,1.22,0.91,1.14,206400,11.40
2009-06-10,0.92,0.96,0.91,0.93,34500,9.30
2009-06-09,0.93,0.98,0.91,0.92,28500,9.20
2009-06-08,0.96,0.96,0.93,0.93,13900,9.30
2009-06-05,1.01,1.02,0.94,0.95,24200,9.50
2009-06-04,0.96,1.01,0.96,1.00,19600,10.00
2009-06-03,1.00,1.02,0.97,1.01,24000,10.10
2009-06-02,0.96,1.01,0.95,1.01,27700,10.10
2009-06-01,0.93,0.97,0.91,0.97,48400,9.70
2009-05-29,0.92,0.94,0.90,0.93,28200,9.30
2009-05-28,0.92,0.95,0.90,0.92,16400,9.20
2009-05-27,0.94,0.98,0.90,0.90,12700,9.00
2009-05-26,0.91,0.96,0.91,0.95,26100,9.50
2009-05-22,0.93,0.95,0.91,0.92,9900,9.20
2009-05-21,0.92,0.93,0.90,0.91,14900,9.10
2009-05-20,0.91,0.95,0.89,0.95,25000,9.50
2009-05-19,0.91,0.93,0.89,0.91,21100,9.10
2009-05-18,0.91,0.95,0.89,0.91,22600,9.10
2009-05-15,0.93,0.95,0.90,0.90,33500,9.00
2009-05-14,0.91,0.95,0.90,0.93,18000,9.30
2009-05-13,0.96,0.98,0.90,0.90,30500,9.00
2009-05-12,1.02,1.02,0.96,0.97,16700,9.70
2009-05-11,1.00,1.01,0.95,1.00,17400,10.00
2009-05-08,0.98,1.01,0.90,1.01,47900,10.10
2009-05-07,1.07,1.07,0.94,0.95,47400,9.50
2009-05-06,1.04,1.07,1.00,1.02,27200,10.20
2009-05-05,1.04,1.05,1.00,1.04,31700,10.40
2009-05-04,1.00,1.06,1.00,1.04,32800,10.40
2009-05-01,1.00,1.02,0.98,0.98,14500,9.80
2009-04-30,1.05,1.05,0.99,0.99,40900,9.90
2009-04-29,1.01,1.06,0.99,1.05,40000,10.50
2009-04-28,0.97,1.01,0.95,1.00,16600,10.00
2009-04-27,0.95,1.01,0.94,0.98,23300,9.80
2009-04-24,0.94,0.99,0.93,0.98,22700,9.80
2009-04-23,1.02,1.02,0.92,0.93,26300,9.30
2009-04-22,1.15,1.15,1.00,1.02,41900,10.20
2009-04-21,1.03,1.05,1.01,1.05,19600,10.50
2009-04-20,1.05,1.05,0.99,1.04,44400,10.40
2009-04-17,1.07,1.07,1.02,1.05,37000,10.50
2009-04-16,1.03,1.05,1.00,1.05,71400,10.50
2009-04-15,0.95,1.00,0.94,1.00,13400,10.00
2009-04-14,1.00,1.02,0.93,0.93,28300,9.30
2009-04-13,0.95,1.02,0.95,1.02,24200,10.20
2009-04-09,0.95,1.01,0.92,1.01,45900,10.10
2009-04-08,0.90,0.94,0.87,0.94,10400,9.40
2009-04-07,0.91,0.94,0.87,0.89,18600,8.90
2009-04-06,0.94,0.97,0.89,0.94,25000,9.40
2009-04-03,0.94,0.94,0.86,0.94,22800,9.40
2009-04-02,0.86,0.95,0.86,0.95,40900,9.50
2009-04-01,0.84,0.86,0.80,0.86,22600,8.60
2009-03-31,0.77,0.88,0.75,0.87,58100,8.70
2009-03-30,0.81,0.94,0.72,0.72,123000,7.20
2009-03-27,0.97,1.05,0.91,0.94,45900,9.40
2009-03-26,0.96,1.02,0.88,0.99,72900,9.90
2009-03-25,0.90,0.95,0.88,0.95,41300,9.50
2009-03-24,0.86,0.92,0.82,0.89,27700,8.90
2009-03-23,0.85,0.89,0.80,0.89,45000,8.90
2009-03-20,0.87,0.88,0.75,0.75,50700,7.50
2009-03-19,0.92,0.92,0.80,0.86,27500,8.60
2009-03-18,0.85,0.91,0.83,0.91,24800,9.10
2009-03-17,0.82,0.86,0.80,0.86,23700,8.60
2009-03-16,0.85,0.88,0.77,0.83,21400,8.30
2009-03-13,0.87,0.88,0.82,0.85,20700,8.50
2009-03-12,0.75,0.88,0.75,0.86,23100,8.60
2009-03-11,0.75,0.82,0.72,0.76,18500,7.60
2009-03-10,0.72,0.76,0.70,0.75,25400,7.50
2009-03-09,0.69,0.74,0.68,0.68,22100,6.80
2009-03-06,0.72,0.79,0.70,0.71,35700,7.10
2009-03-05,0.82,0.85,0.71,0.71,42100,7.10
2009-03-04,0.82,0.86,0.80,0.86,24300,8.60
2009-03-03,0.83,0.89,0.80,0.80,28600,8.00
2009-03-02,0.91,0.92,0.80,0.81,36700,8.10
2009-02-27,0.88,0.96,0.85,0.96,226400,9.60
2009-02-26,0.85,0.93,0.85,0.90,23400,9.00
2009-02-25,0.90,0.90,0.84,0.84,12500,8.40
2009-02-24,0.80,0.93,0.78,0.91,26400,9.10
2009-02-23,0.78,0.87,0.78,0.78,22300,7.80
2009-02-20,0.81,0.85,0.78,0.79,28300,7.90
2009-02-19,0.88,0.90,0.81,0.81,18800,8.10
2009-02-18,0.91,0.93,0.84,0.85,16400,8.50
2009-02-17,0.94,0.94,0.85,0.89,16700,8.90
2009-02-13,0.97,0.97,0.80,0.93,18300,9.30
2009-02-12,0.92,0.97,0.90,0.96,14200,9.60
2009-02-11,0.92,0.99,0.91,0.93,7500,9.30
2009-02-10,1.01,1.05,0.91,0.91,24100,9.10
2009-02-09,1.01,1.05,1.01,1.02,11000,10.20
2009-02-06,1.02,1.05,1.00,1.04,22600,10.40
2009-02-05,1.05,1.06,1.03,1.05,12700,10.50
2009-02-04,1.03,1.08,1.01,1.04,20500,10.40
2009-02-03,1.01,1.09,0.99,1.06,25400,10.60
2009-02-02,0.91,1.00,0.91,1.00,21200,10.00
2009-01-30,0.93,0.98,0.90,0.90,14600,9.00
2009-01-29,0.95,0.99,0.91,0.92,10600,9.20
2009-01-28,0.92,0.96,0.92,0.96,14400,9.60
2009-01-27,0.93,0.96,0.92,0.94,12600,9.40
2009-01-26,0.86,0.93,0.85,0.93,21900,9.30
2009-01-23,0.90,0.94,0.81,0.85,69000,8.50
2009-01-22,0.96,0.97,0.90,0.90,15600,9.00
2009-01-21,0.92,1.01,0.91,0.99,13800,9.90
2009-01-20,0.97,1.00,0.89,0.89,29000,8.90
2009-01-16,1.02,1.03,0.96,1.01,16700,10.10
2009-01-15,1.01,1.04,0.95,1.00,24400,10.00
2009-01-14,1.04,1.05,1.01,1.02,17900,10.20
2009-01-13,1.01,1.08,1.01,1.07,17100,10.70
2009-01-12,1.09,1.14,1.01,1.01,19300,10.10
2009-01-09,1.08,1.15,1.04,1.09,28600,10.90
2009-01-08,1.03,1.11,1.02,1.09,29300,10.90
2009-01-07,1.10,1.11,1.02,1.04,27300,10.40
2009-01-06,1.05,1.11,1.03,1.10,31600,11.00
2009-01-05,1.02,1.05,1.01,1.05,28300,10.50
2009-01-02,1.02,1.05,0.97,1.04,29000,10.40
2008-12-31,0.90,1.02,0.90,1.02,31600,10.20
2008-12-30,1.00,1.00,0.90,0.90,56500,9.00
2008-12-29,1.05,1.08,0.98,0.99,26200,9.90
2008-12-26,1.00,1.06,0.99,1.06,13100,10.60
2008-12-24,0.99,1.10,0.97,1.01,13300,10.10
2008-12-23,1.05,1.05,0.94,1.00,39900,10.00
2008-12-22,0.93,1.05,0.91,1.05,36800,10.50
2008-12-19,1.19,1.21,0.90,0.90,166800,9.00
2008-12-18,1.37,1.44,1.08,1.11,75500,11.10
2008-12-17,1.50,1.50,1.26,1.26,85700,12.60
2008-12-16,1.17,1.55,1.15,1.55,50600,15.50
2008-12-15,1.26,1.26,1.14,1.14,20400,11.40
2008-12-12,1.18,1.28,1.10,1.26,20000,12.60
2008-12-11,1.35,1.35,1.15,1.22,40700,12.20
2008-12-10,1.22,1.31,1.12,1.23,20800,12.30
2008-12-09,1.21,1.35,1.09,1.15,44900,11.50
2008-12-08,1.05,1.25,1.05,1.25,61000,12.50
2008-12-05,0.94,1.07,0.93,1.07,38000,10.70
2008-12-04,0.94,1.01,0.94,0.99,34700,9.90
2008-12-03,0.92,0.95,0.89,0.92,22900,9.20
2008-12-02,0.96,1.00,0.90,1.00,19900,10.00
2008-12-01,1.05,1.05,0.87,0.89,23700,8.90
2008-11-28,1.00,1.03,0.89,1.03,14100,10.30
2008-11-26,0.96,1.00,0.85,0.99,39600,9.90
2008-11-25,0.96,0.96,0.87,0.92,19600,9.20
2008-11-24,0.78,0.96,0.76,0.96,48800,9.60
2008-11-21,0.72,0.78,0.66,0.77,37000,7.70
2008-11-20,0.74,0.79,0.67,0.71,47600,7.10
2008-11-19,0.76,0.80,0.69,0.69,29000,6.90
2008-11-18,0.75,0.77,0.75,0.76,19700,7.60
2008-11-17,0.75,0.81,0.75,0.75,13100,7.50
2008-11-14,0.83,0.83,0.75,0.75,39800,7.50
2008-11-13,0.76,0.85,0.75,0.83,49600,8.30
2008-11-12,0.85,0.93,0.75,0.75,35600,7.50
2008-11-11,0.82,0.91,0.82,0.86,29100,8.60
2008-11-10,0.98,0.98,0.85,0.85,21600,8.50
2008-11-07,0.94,0.98,0.85,0.87,36900,8.70
2008-11-06,0.94,0.97,0.88,0.88,23100,8.80
2008-11-05,1.05,1.06,0.95,0.95,40200,9.50
2008-11-04,1.04,1.07,1.02,1.07,44600,10.70
2008-11-03,1.02,1.03,0.97,0.99,38200,9.90
2008-10-31,0.85,0.98,0.84,0.98,67500,9.80
2008-10-30,0.86,0.90,0.84,0.86,33900,8.60
2008-10-29,0.87,0.90,0.82,0.86,54500,8.60
2008-10-28,0.83,0.90,0.76,0.82,58100,8.20
2008-10-27,0.87,0.91,0.79,0.79,53100,7.90
2008-10-24,0.95,0.95,0.84,0.88,43500,8.80
2008-10-23,1.01,1.06,0.95,0.97,33000,9.70
2008-10-22,1.00,1.08,0.97,0.98,37300,9.80
2008-10-21,1.05,1.09,1.00,1.01,27000,10.10
2008-10-20,1.05,1.09,1.01,1.08,44000,10.80
2008-10-17,0.96,1.09,0.95,1.01,57500,10.10
2008-10-16,1.00,1.05,0.86,1.00,70800,10.00
2008-10-15,1.03,1.03,0.93,0.93,34300,9.30
2008-10-14,1.25,1.29,1.04,1.07,81000,10.70
2008-10-13,0.81,1.22,0.77,1.22,115000,12.20
2008-10-10,0.70,0.83,0.64,0.69,96600,6.90
2008-10-09,0.90,0.96,0.74,0.74,53900,7.40
2008-10-08,0.98,0.99,0.78,0.85,92600,8.50
2008-10-07,1.03,1.04,0.95,0.95,68100,9.50
2008-10-06,1.09,1.09,0.95,1.01,75600,10.10
2008-10-03,1.18,1.18,1.09,1.09,67600,10.90
2008-10-02,1.09,1.18,1.08,1.12,71900,11.20
2008-10-01,1.04,1.19,1.02,1.03,137500,10.30
2008-09-30,1.08,1.19,0.92,0.99,279500,9.90
2008-09-29,1.78,1.78,0.90,0.90,526300,9.00
2008-09-26,2.05,2.05,1.59,1.78,158100,17.80
2008-09-25,2.04,2.20,2.01,2.01,45900,20.10
2008-09-24,2.06,2.11,2.06,2.08,39400,20.80
2008-09-23,2.21,2.22,2.05,2.11,39800,21.10
2008-09-22,2.26,2.29,2.16,2.20,57700,22.00
2008-09-19,2.60,2.65,2.13,2.49,182400,24.90
2008-09-18,2.15,2.49,2.01,2.45,106200,24.50
2008-09-17,2.25,2.28,2.11,2.17,107200,21.70
2008-09-16,2.23,2.34,2.12,2.34,58800,23.40
2008-09-15,2.05,2.35,2.00,2.28,75400,22.80
2008-09-12,1.93,2.13,1.90,2.07,35100,20.70
2008-09-11,2.05,2.14,1.88,1.89,77200,18.90
2008-09-10,2.06,2.13,1.86,2.07,60100,20.70
2008-09-09,2.15,2.25,1.95,2.00,87000,20.00
2008-09-08,2.35,2.38,2.14,2.15,58500,21.50
2008-09-05,2.30,2.46,2.27,2.27,45800,22.70
2008-09-04,2.66,2.70,2.24,2.27,44500,22.70
2008-09-03,2.69,2.74,2.60,2.66,16000,26.60
2008-09-02,2.81,2.83,2.62,2.67,31200,26.70
2008-08-29,2.80,2.89,2.70,2.71,28500,27.10
2008-08-28,2.78,2.93,2.71,2.91,44000,29.10
2008-08-27,2.79,2.79,2.72,2.78,16900,27.80
2008-08-26,2.79,2.80,2.71,2.78,11300,27.80
2008-08-25,2.88,2.88,2.73,2.76,16100,27.60
2008-08-22,2.93,2.93,2.75,2.87,28200,28.70
2008-08-21,2.85,2.93,2.77,2.89,29500,28.90
2008-08-20,2.73,2.95,2.71,2.84,51900,28.40
2008-08-19,2.64,2.75,2.63,2.73,35900,27.30
2008-08-18,2.60,2.71,2.55,2.61,32800,26.10
2008-08-15,2.60,2.74,2.47,2.56,42400,25.60
2008-08-14,2.62,2.67,2.51,2.66,29700,26.60
2008-08-13,2.55,2.68,2.50,2.68,35600,26.80
2008-08-12,2.44,2.57,2.39,2.51,43800,25.10
2008-08-11,2.38,2.50,2.19,2.50,54800,25.00
2008-08-08,2.07,2.37,2.07,2.37,51900,23.70
2008-08-07,2.15,2.15,2.06,2.09,31100,20.90
2008-08-06,2.26,2.29,2.02,2.21,75900,22.10
2008-08-05,2.27,2.41,2.19,2.36,35400,23.60
2008-08-04,2.33,2.35,2.20,2.21,31600,22.10
2008-08-01,2.31,2.40,2.26,2.34,25300,23.40
2008-07-31,2.36,2.43,2.33,2.40,18500,24.00
2008-07-30,2.41,2.52,2.35,2.42,39900,24.20
2008-07-29,2.14,2.48,2.13,2.44,48800,24.40
2008-07-28,2.39,2.39,2.12,2.13,43100,21.30
2008-07-25,2.37,2.48,2.24,2.41,58400,24.10
2008-07-24,2.34,2.34,2.22,2.24,24300,22.40
2008-07-23,2.35,2.37,2.26,2.26,19200,22.60
2008-07-22,2.27,2.36,2.18,2.36,38200,23.60
2008-07-21,2.26,2.34,2.17,2.25,28200,22.50
2008-07-18,2.15,2.26,2.09,2.25,66400,22.50
2008-07-17,2.16,2.18,2.06,2.17,69700,21.70
2008-07-16,1.90,2.23,1.88,2.15,234000,21.50
2008-07-15,1.93,1.94,1.82,1.87,40200,18.70
2008-07-14,1.91,1.93,1.84,1.89,47000,18.90
2008-07-11,1.95,2.00,1.85,1.87,54300,18.70
2008-07-10,2.00,2.05,1.95,1.97,22100,19.70
2008-07-09,2.04,2.09,1.99,1.99,43300,19.90
2008-07-08,2.02,2.03,1.95,2.00,63400,20.00
2008-07-07,2.09,2.15,1.98,1.98,56700,19.80
2008-07-03,2.16,2.22,1.97,2.05,55600,20.50
2008-07-02,2.35,2.47,2.16,2.16,67300,21.60
2008-07-01,2.35,2.44,2.31,2.41,68600,24.10
2008-06-30,2.51,2.61,2.35,2.35,103400,23.50
2008-06-27,2.68,2.75,2.40,2.51,1058800,25.10
2008-06-26,2.30,2.85,2.30,2.67,198900,26.70
2008-06-25,2.57,2.57,2.30,2.32,48600,23.20
2008-06-24,2.79,2.79,2.46,2.51,43600,25.10
2008-06-23,2.83,2.86,2.65,2.76,50900,27.60
2008-06-20,2.52,2.79,2.50,2.79,72500,27.90
2008-06-19,2.43,2.52,2.37,2.49,31400,24.90
2008-06-18,2.53,2.53,2.31,2.43,57400,24.30
2008-06-17,2.54,2.57,2.45,2.50,52000,25.00
2008-06-16,2.52,2.54,2.44,2.50,55900,25.00
2008-06-13,2.62,2.62,2.48,2.53,42700,25.30
2008-06-12,2.54,2.69,2.54,2.61,71600,26.10
2008-06-11,2.62,2.65,2.50,2.50,33800,25.00
2008-06-10,2.52,2.66,2.48,2.62,55500,26.20
2008-06-09,2.80,2.83,2.50,2.50,71900,25.00
2008-06-06,2.78,2.84,2.75,2.78,32200,27.80
2008-06-05,2.88,2.91,2.71,2.73,84000,27.30
2008-06-04,2.89,2.99,2.84,2.84,58500,28.40
2008-06-03,3.10,3.10,2.82,2.89,78700,28.90
2008-06-02,3.14,3.14,3.05,3.08,45100,30.80
2008-05-30,3.08,3.14,3.08,3.14,39900,31.40
2008-05-29,3.15,3.15,3.08,3.10,50000,31.00
2008-05-28,3.19,3.22,3.06,3.16,55200,31.60
2008-05-27,3.16,3.22,3.01,3.16,57200,31.60
2008-05-23,3.24,3.25,3.13,3.13,30000,31.30
2008-05-22,3.26,3.28,3.21,3.27,34600,32.70
2008-05-21,3.29,3.30,3.14,3.21,43800,32.10
2008-05-20,3.21,3.30,3.13,3.30,34300,33.00
2008-05-19,3.13,3.33,3.13,3.18,73600,31.80
2008-05-16,3.08,3.16,3.05,3.16,39400,31.60
2008-05-15,3.10,3.13,3.04,3.04,40800,30.40
2008-05-14,3.06,3.13,3.06,3.13,26400,31.30
2008-05-13,3.09,3.19,3.06,3.07,50600,30.70
2008-05-12,3.19,3.19,3.05,3.05,39600,30.50
2008-05-09,3.21,3.21,3.02,3.16,54200,31.60
2008-05-08,3.05,3.23,2.99,3.20,50900,32.00
2008-05-07,3.06,3.13,3.00,3.08,48400,30.80
2008-05-06,3.24,3.24,3.06,3.06,59700,30.60
2008-05-05,3.18,3.25,3.13,3.23,48200,32.30
2008-05-02,3.02,3.17,3.00,3.15,48600,31.50
2008-05-01,3.22,3.24,3.03,3.03,46200,30.30
2008-04-30,3.21,3.25,3.14,3.23,36200,32.30
2008-04-29,3.24,3.25,3.12,3.21,43600,32.10
2008-04-28,3.24,3.30,3.24,3.28,22600,32.80
2008-04-25,3.26,3.31,3.17,3.21,26400,32.10
2008-04-24,3.32,3.32,3.17,3.30,20900,33.00
2008-04-23,3.11,3.33,3.11,3.28,34100,32.80
2008-04-22,3.38,3.47,3.15,3.21,61000,32.10
2008-04-21,3.46,3.51,3.37,3.38,34400,33.80
2008-04-18,3.40,3.52,3.39,3.44,18700,34.40
2008-04-17,3.60,3.60,3.36,3.36,33200,33.60
2008-04-16,3.45,3.55,3.42,3.55,32000,35.50
2008-04-15,3.26,3.47,3.21,3.47,29400,34.70
2008-04-14,3.42,3.42,3.26,3.28,18600,32.80
2008-04-11,3.47,3.47,3.40,3.44,14500,34.40
2008-04-10,3.56,3.56,3.41,3.49,20700,34.90
2008-04-09,3.55,3.62,3.45,3.53,43600,35.30
2008-04-08,3.45,3.60,3.45,3.58,29500,35.80
2008-04-07,3.54,3.60,3.47,3.58,49300,35.80
2008-04-04,3.25,3.57,3.25,3.55,86700,35.50
2008-04-03,3.30,3.32,3.22,3.22,34500,32.20
2008-04-02,3.19,3.30,3.19,3.27,26100,32.70
2008-04-01,3.16,3.26,3.07,3.22,51800,32.20
2008-03-31,3.28,3.29,3.09,3.11,41800,31.10
2008-03-28,3.10,3.33,3.00,3.33,80300,33.30
2008-03-27,3.19,3.23,2.86,3.04,60600,30.40
2008-03-26,3.19,3.37,3.19,3.22,52700,32.20
2008-03-25,3.07,3.22,3.01,3.14,39300,31.40
2008-03-24,3.06,3.19,3.01,3.01,46000,30.10
2008-03-20,2.79,3.33,2.78,3.33,50600,33.30
2008-03-19,2.94,3.00,2.81,2.81,23500,28.10
2008-03-18,3.00,3.02,2.91,2.94,24900,29.40
2008-03-17,2.93,2.96,2.88,2.94,30900,29.40
2008-03-14,2.90,2.98,2.85,2.93,27700,29.30
2008-03-13,2.85,2.94,2.82,2.86,17800,28.60
2008-03-12,2.86,2.96,2.82,2.85,38900,28.50
2008-03-11,2.88,2.97,2.83,2.83,32300,28.30
2008-03-10,3.03,3.03,2.86,2.86,39900,28.60
2008-03-07,2.96,3.04,2.90,2.90,40500,29.00
2008-03-06,3.02,3.06,2.95,3.01,51400,30.10
2008-03-05,3.12,3.15,3.02,3.02,39200,30.20
2008-03-04,3.03,3.09,2.99,3.09,57800,30.90
2008-03-03,3.01,3.04,2.95,2.97,30400,29.70
2008-02-29,2.94,3.05,2.94,3.01,22400,30.10
2008-02-28,2.92,3.08,2.92,2.98,19500,29.80
2008-02-27,2.94,3.05,2.92,2.96,24300,29.60
2008-02-26,3.03,3.15,2.90,2.99,56600,29.90
2008-02-25,2.85,3.07,2.82,3.07,26400,30.70
2008-02-22,2.87,2.99,2.87,2.88,32500,28.80
2008-02-21,3.05,3.07,2.90,2.90,35400,29.00
2008-02-20,2.75,3.09,2.75,3.08,44900,30.80
2008-02-19,2.95,3.02,2.80,2.80,36900,28.00
2008-02-15,2.97,3.02,2.85,2.90,59700,29.00
2008-02-14,3.20,3.29,2.95,2.96,106100,29.60
2008-02-13,3.08,3.23,3.08,3.22,36100,32.20
2008-02-12,3.12,3.22,3.02,3.03,43900,30.30
2008-02-11,3.19,3.28,3.05,3.08,59500,30.80
2008-02-08,3.00,3.42,3.00,3.21,69700,32.10
2008-02-07,3.02,3.14,2.98,2.99,46000,29.90
2008-02-06,3.05,3.13,2.97,2.99,51400,29.90
2008-02-05,3.02,3.19,2.97,2.99,50200,29.90
2008-02-04,3.02,3.09,2.87,2.97,53900,29.70
2008-02-01,2.72,2.97,2.71,2.97,61700,29.70
2008-01-31,2.72,2.80,2.66,2.74,47500,27.40
2008-01-30,2.76,2.84,2.70,2.72,42100,27.20
2008-01-29,2.68,2.98,2.68,2.74,101400,27.40
2008-01-28,2.72,2.76,2.65,2.70,61900,27.00
2008-01-25,2.71,2.79,2.65,2.76,44700,27.60
2008-01-24,2.75,2.85,2.60,2.60,62200,26.00
2008-01-23,2.82,2.82,2.52,2.52,103400,25.20
2008-01-22,2.60,2.98,2.51,2.72,77100,27.20
2008-01-18,2.95,3.00,2.73,2.73,42000,27.30
2008-01-17,3.25,3.25,2.80,2.89,78500,28.90
2008-01-16,3.15,3.37,3.05,3.19,80500,31.90
2008-01-15,3.34,3.42,3.11,3.14,43800,31.40
2008-01-14,3.22,3.40,3.20,3.34,36700,33.40
2008-01-11,3.43,3.58,3.18,3.23,69700,32.30
2008-01-10,3.25,3.51,3.25,3.46,67800,34.60
2008-01-09,3.62,3.67,3.14,3.32,123500,33.20
2008-01-08,3.66,3.82,3.60,3.60,79100,36.00
2008-01-07,3.92,3.96,3.72,3.73,80800,37.30
2008-01-04,4.19,4.19,3.90,3.94,65600,39.40
2008-01-03,3.97,4.19,3.96,4.17,114600,41.70
2008-01-02,4.03,4.05,3.87,4.04,75100,40.40
2007-12-31,3.80,3.99,3.80,3.95,62800,39.50
2007-12-28,4.07,4.16,3.78,3.78,132100,37.80
2007-12-27,4.15,4.28,4.01,4.07,95600,40.70
2007-12-26,3.85,4.26,3.80,4.19,75400,41.90
2007-12-24,3.79,3.96,3.79,3.95,45400,39.50
2007-12-21,3.94,3.94,3.76,3.76,119300,37.60
2007-12-20,3.83,3.95,3.79,3.95,79000,39.50
2007-12-19,4.06,4.08,3.59,3.82,113900,38.20
2007-12-18,3.77,4.04,3.71,4.04,89500,40.40
2007-12-17,4.44,4.44,3.60,3.67,105600,36.70
2007-12-14,4.29,4.55,4.11,4.39,109100,43.90
2007-12-13,4.24,4.38,4.17,4.38,96900,43.80
2007-12-12,4.40,4.41,4.02,4.20,110600,42.00
2007-12-11,4.05,4.29,3.97,4.29,220100,42.90
2007-12-10,3.85,4.02,3.75,4.02,127100,40.20
2007-12-07,3.82,3.86,3.78,3.84,62700,38.40
2007-12-06,3.46,3.77,3.45,3.77,52000,37.70
2007-12-05,3.69,3.70,3.50,3.50,65000,35.00
2007-12-04,3.49,3.66,3.49,3.66,31200,36.60
2007-12-03,3.62,3.64,3.46,3.55,57800,35.50
2007-11-30,3.65,3.82,3.50,3.62,95800,36.20
2007-11-29,3.73,3.80,3.66,3.78,45300,37.80
2007-11-28,3.62,3.77,3.61,3.72,65400,37.20
2007-11-27,3.82,3.84,3.55,3.59,64500,35.90
2007-11-26,3.60,3.83,3.59,3.77,82300,37.70
2007-11-23,3.60,3.61,3.51,3.54,21500,35.40
2007-11-21,3.45,3.57,3.41,3.53,44800,35.30
2007-11-20,3.69,3.70,3.43,3.43,68200,34.30
2007-11-19,3.65,3.75,3.61,3.61,31000,36.10
2007-11-16,3.77,3.89,3.67,3.67,105300,36.70
2007-11-15,3.58,3.76,3.50,3.71,96600,37.10
2007-11-14,3.62,3.69,3.47,3.55,70600,35.50
2007-11-13,3.46,3.61,3.37,3.61,59700,36.10
2007-11-12,3.53,3.59,3.35,3.37,58000,33.70
2007-11-09,3.56,3.56,3.36,3.54,61000,35.40
2007-11-08,3.71,3.72,3.40,3.55,90100,35.50
2007-11-07,3.55,3.76,3.50,3.62,117400,36.20
2007-11-06,3.23,3.59,3.20,3.58,116200,35.80
2007-11-05,3.29,3.30,3.15,3.24,59600,32.40
2007-11-02,3.46,3.47,3.31,3.36,60200,33.60
2007-11-01,3.45,3.48,3.30,3.38,61600,33.80
2007-10-31,3.39,3.51,3.35,3.49,94800,34.90
2007-10-30,3.54,3.54,3.35,3.40,71100,34.00
2007-10-29,3.36,3.51,3.32,3.50,115600,35.00
2007-10-26,3.40,3.42,3.30,3.33,71700,33.30
2007-10-25,3.35,3.37,3.25,3.36,94900,33.60
2007-10-24,3.25,3.57,3.11,3.37,198700,33.70
2007-10-23,3.57,3.60,3.28,3.32,259200,33.20
2007-10-22,4.56,4.75,3.50,3.51,1701500,35.10
2007-10-19,3.09,3.10,2.95,2.97,31800,29.70
2007-10-18,3.16,3.16,3.03,3.09,38800,30.90
2007-10-17,3.03,3.11,3.02,3.10,54300,31.00
2007-10-16,3.05,3.06,3.02,3.04,20800,30.40
2007-10-15,3.10,3.12,3.02,3.08,28200,30.80
2007-10-12,3.04,3.10,3.01,3.07,23200,30.70
2007-10-11,3.11,3.14,3.01,3.05,41600,30.50
2007-10-10,3.07,3.13,3.01,3.12,44000,31.20
2007-10-09,3.10,3.13,3.00,3.03,57500,30.30
2007-10-08,3.09,3.10,3.05,3.09,23000,30.90
2007-10-05,3.00,3.08,2.97,3.07,52900,30.70
2007-10-04,3.07,3.08,2.96,3.00,31400,30.00
2007-10-03,3.02,3.10,3.01,3.05,27300,30.50
2007-10-02,3.07,3.10,3.02,3.05,21500,30.50
2007-10-01,3.10,3.10,3.00,3.08,41700,30.80
2007-09-28,3.05,3.10,2.94,3.10,55200,31.00
2007-09-27,3.02,3.08,3.00,3.07,84400,30.70
2007-09-26,2.94,3.02,2.94,3.00,55300,30.00
2007-09-25,2.78,2.95,2.78,2.94,33500,29.40
2007-09-24,2.97,3.00,2.81,2.81,53100,28.10
2007-09-21,2.81,2.96,2.78,2.96,74000,29.60
2007-09-20,2.71,2.82,2.71,2.77,44500,27.70
2007-09-19,2.67,2.86,2.67,2.75,76200,27.50
2007-09-18,2.65,2.75,2.62,2.75,28000,27.50
2007-09-17,2.72,2.75,2.70,2.73,23700,27.30
2007-09-14,2.70,2.76,2.65,2.75,21000,27.50
2007-09-13,2.75,2.76,2.71,2.71,28200,27.10
2007-09-12,2.68,2.75,2.68,2.75,27900,27.50
2007-09-11,2.68,2.72,2.67,2.68,20800,26.80
2007-09-10,2.72,2.74,2.65,2.73,32400,27.30
2007-09-07,2.69,2.73,2.63,2.73,35400,27.30
2007-09-06,2.66,2.74,2.66,2.73,26200,27.30
2007-09-05,2.69,2.75,2.65,2.68,25500,26.80
2007-09-04,2.73,2.76,2.66,2.72,40400,27.20
2007-08-31,2.61,2.71,2.59,2.70,46000,27.00
2007-08-30,2.57,2.63,2.51,2.58,31000,25.80
2007-08-29,2.56,2.61,2.49,2.49,41300,24.90
2007-08-28,2.53,2.56,2.47,2.52,33200,25.20
2007-08-27,2.49,2.59,2.48,2.59,30200,25.90
2007-08-24,2.48,2.49,2.42,2.49,40000,24.90
2007-08-23,2.50,2.55,2.43,2.51,41900,25.10
2007-08-22,2.57,2.59,2.50,2.50,49700,25.00
2007-08-21,2.60,2.60,2.50,2.56,40600,25.60
2007-08-20,2.57,2.65,2.55,2.64,38800,26.40
2007-08-17,2.60,2.67,2.53,2.57,32900,25.70
2007-08-16,2.50,2.60,2.43,2.60,64900,26.00
2007-08-15,2.52,2.61,2.45,2.55,37400,25.50
2007-08-14,2.69,2.76,2.50,2.50,67700,25.00
2007-08-13,2.90,2.90,2.68,2.71,71300,27.10
2007-08-10,2.96,2.96,2.76,2.77,118400,27.70
2007-08-09,2.89,3.00,2.86,3.00,168200,30.00
2007-08-08,2.80,3.10,2.78,3.01,201500,30.10
2007-08-07,2.74,2.84,2.67,2.79,45600,27.90
2007-08-06,2.88,2.94,2.56,2.71,106500,27.10
2007-08-03,2.90,2.92,2.75,2.76,41200,27.60
2007-08-02,2.95,2.95,2.81,2.94,39400,29.40
2007-08-01,2.96,2.98,2.80,2.95,59800,29.50
2007-07-31,3.05,3.05,2.85,2.97,49600,29.70
2007-07-30,2.91,3.05,2.90,3.04,35100,30.40
2007-07-27,3.16,3.16,2.90,2.90,52300,29.00
2007-07-26,3.16,3.18,2.95,3.05,58700,30.50
2007-07-25,3.01,3.20,3.01,3.16,119000,31.60
2007-07-24,3.12,3.16,3.00,3.00,43300,30.00
2007-07-23,3.15,3.18,3.07,3.14,30400,31.40
2007-07-20,3.17,3.20,3.10,3.15,30500,31.50
2007-07-19,3.27,3.27,3.18,3.19,29100,31.90
2007-07-18,3.14,3.26,3.14,3.21,31800,32.10
2007-07-17,3.24,3.25,3.18,3.24,24500,32.40
2007-07-16,3.26,3.30,3.15,3.23,47300,32.30
2007-07-13,3.23,3.27,3.16,3.25,38000,32.50
2007-07-12,3.17,3.23,3.12,3.23,44800,32.30
2007-07-11,3.11,3.26,3.11,3.17,51900,31.70
2007-07-10,3.32,3.32,3.09,3.14,71800,31.40
2007-07-09,3.12,3.34,3.09,3.33,90600,33.30
2007-07-06,3.11,3.16,3.09,3.12,42100,31.20
2007-07-05,3.25,3.25,3.11,3.15,45600,31.50
2007-07-03,3.17,3.20,3.14,3.19,32000,31.90
2007-07-02,3.19,3.23,3.11,3.18,58300,31.80
2007-06-29,3.25,3.27,3.11,3.14,67600,31.40
2007-06-28,3.07,3.20,3.00,3.20,158700,32.00
2007-06-27,2.96,3.07,2.94,3.07,55300,30.70
2007-06-26,2.95,3.05,2.92,2.92,56100,29.20
2007-06-25,3.06,3.10,2.95,2.95,62700,29.50
2007-06-22,3.03,3.05,2.97,3.05,668100,30.50
2007-06-21,3.02,3.02,2.96,2.98,52400,29.80
2007-06-20,3.10,3.12,2.96,2.99,65500,29.90
2007-06-19,3.03,3.09,3.00,3.09,68600,30.90
2007-06-18,3.02,3.06,3.00,3.03,54200,30.30
2007-06-15,2.99,3.06,2.95,2.96,116400,29.60
2007-06-14,2.96,2.98,2.91,2.93,50100,29.30
2007-06-13,2.93,2.99,2.90,2.93,42700,29.30
2007-06-12,2.95,2.97,2.90,2.92,54900,29.20
2007-06-11,3.00,3.02,2.94,3.00,42500,30.00
2007-06-08,2.90,2.99,2.90,2.95,28400,29.50
2007-06-07,3.00,3.05,2.90,2.90,43300,29.00
2007-06-06,3.00,3.00,2.95,2.96,35800,29.60
2007-06-05,3.08,3.11,2.98,3.01,53100,30.10
2007-06-04,3.04,3.15,3.03,3.08,50000,30.80
2007-06-01,2.95,3.10,2.95,3.06,47500,30.60
2007-05-31,3.04,3.04,2.90,2.96,85500,29.60
2007-05-30,3.03,3.07,3.00,3.04,25700,30.40
2007-05-29,3.05,3.19,3.01,3.08,44100,30.80
2007-05-25,2.99,3.08,2.98,3.00,20300,30.00
2007-05-24,3.06,3.13,2.98,3.00,56100,30.00
2007-05-23,3.14,3.16,3.04,3.06,33900,30.60
2007-05-22,3.10,3.16,3.09,3.13,24700,31.30
2007-05-21,3.07,3.15,3.07,3.11,48900,31.10
2007-05-18,2.99,3.05,2.95,3.02,61400,30.20
2007-05-17,3.08,3.10,2.96,2.98,56700,29.80
2007-05-16,3.24,3.24,3.01,3.07,62900,30.70
2007-05-15,3.22,3.25,3.20,3.20,67200,32.00
2007-05-14,3.29,3.30,3.21,3.27,45200,32.70
2007-05-11,3.23,3.27,3.15,3.26,45600,32.60
2007-05-10,3.38,3.40,3.17,3.17,63800,31.70
2007-05-09,3.35,3.38,3.31,3.35,32100,33.50
2007-05-08,3.50,3.50,3.32,3.39,75300,33.90
2007-05-07,3.27,3.53,3.25,3.49,106600,34.90
2007-05-04,3.24,3.27,3.20,3.26,43800,32.60
2007-05-03,3.27,3.27,3.13,3.25,70400,32.50
2007-05-02,3.25,3.27,3.20,3.26,38000,32.60
2007-05-01,3.14,3.27,3.13,3.20,47800,32.00
2007-04-30,3.27,3.33,3.14,3.16,53600,31.60
2007-04-27,3.18,3.30,3.15,3.30,78900,33.00
2007-04-26,3.16,3.22,3.11,3.12,45600,31.20
2007-04-25,3.25,3.26,3.19,3.22,42000,32.20
2007-04-24,3.25,3.28,3.19,3.23,45900,32.30
2007-04-23,3.30,3.30,3.20,3.30,53700,33.00
2007-04-20,3.26,3.27,3.19,3.26,46300,32.60
2007-04-19,3.21,3.24,3.15,3.20,35200,32.00
2007-04-18,3.31,3.37,3.14,3.21,73100,32.10
2007-04-17,3.35,3.37,3.24,3.26,63600,32.60
2007-04-16,3.25,3.38,3.20,3.37,69800,33.70
2007-04-13,3.29,3.30,3.19,3.24,71800,32.40
2007-04-12,3.17,3.30,3.10,3.30,59200,33.00
2007-04-11,3.35,3.38,3.17,3.20,66700,32.00
2007-04-10,3.27,3.35,3.24,3.33,64800,33.30
2007-04-09,3.30,3.34,3.21,3.22,31400,32.20
2007-04-05,3.35,3.40,3.28,3.30,83300,33.00
2007-04-04,3.23,3.30,3.19,3.24,71000,32.40
2007-04-03,3.20,3.25,3.16,3.24,77300,32.40
2007-04-02,3.21,3.21,3.10,3.16,71000,31.60
2007-03-30,3.22,3.24,3.10,3.16,51700,31.60
2007-03-29,3.15,3.23,3.07,3.20,145700,32.00
2007-03-28,3.13,3.21,3.05,3.11,114000,31.10
2007-03-27,3.13,3.24,3.10,3.21,125400,32.10
2007-03-26,3.12,3.13,3.02,3.07,35900,30.70
2007-03-23,3.15,3.19,3.08,3.13,79500,31.30
2007-03-22,3.04,3.14,3.02,3.13,62300,31.30
2007-03-21,3.03,3.08,2.94,3.04,84200,30.40
2007-03-20,3.07,3.08,2.97,3.01,79400,30.10
2007-03-19,3.01,3.13,2.93,2.96,139500,29.60
2007-03-16,2.85,3.05,2.77,3.00,178100,30.00
2007-03-15,2.91,2.94,2.80,2.86,56800,28.60
2007-03-14,2.92,2.95,2.88,2.90,78300,29.00
2007-03-13,2.93,2.99,2.90,2.92,91300,29.20
2007-03-12,3.02,3.07,2.90,2.94,84700,29.40
2007-03-09,2.97,3.00,2.90,3.00,110300,30.00
2007-03-08,3.05,3.06,2.85,2.94,104000,29.40
2007-03-07,2.89,3.03,2.80,2.98,156100,29.80
2007-03-06,2.95,2.98,2.85,2.86,116100,28.60
2007-03-05,3.00,3.01,2.87,2.89,95000,28.90
2007-03-02,3.10,3.14,2.99,3.00,161300,30.00
2007-03-01,3.34,3.38,2.79,3.10,155900,31.00
2007-02-28,3.52,3.54,3.35,3.48,133800,34.80
2007-02-27,3.80,3.81,3.45,3.50,128500,35.00
2007-02-26,3.76,3.77,3.71,3.76,150900,37.60
2007-02-23,3.85,3.91,3.67,3.77,187600,37.70
2007-02-22,3.96,3.97,3.87,3.96,50900,39.60
2007-02-21,3.83,3.96,3.77,3.94,51700,39.40
2007-02-20,3.72,3.88,3.70,3.83,95000,38.30
2007-02-16,3.68,3.80,3.62,3.77,61400,37.70
2007-02-15,3.73,3.73,3.65,3.67,37100,36.70
2007-02-14,3.78,3.79,3.65,3.75,79100,37.50
2007-02-13,3.67,3.83,3.58,3.81,83700,38.10
2007-02-12,3.75,3.75,3.61,3.69,84800,36.90
2007-02-09,3.78,3.81,3.70,3.72,35800,37.20
2007-02-08,3.80,3.88,3.73,3.78,44800,37.80
2007-02-07,3.88,3.90,3.77,3.83,82900,38.30
2007-02-06,3.96,3.98,3.80,3.83,49200,38.30
2007-02-05,3.73,3.97,3.71,3.91,109500,39.10
2007-02-02,3.68,3.73,3.64,3.73,39700,37.30
2007-02-01,3.60,3.72,3.59,3.69,61000,36.90
2007-01-31,3.60,3.65,3.54,3.60,32000,36.00
2007-01-30,3.66,3.70,3.60,3.61,30800,36.10
2007-01-29,3.51,3.68,3.50,3.67,61200,36.70
2007-01-26,3.43,3.52,3.41,3.52,44600,35.20
2007-01-25,3.48,3.57,3.39,3.42,62000,34.20
2007-01-24,3.63,3.65,3.46,3.49,57300,34.90
2007-01-23,3.56,3.76,3.54,3.58,139600,35.80
2007-01-22,3.60,3.62,3.51,3.54,73400,35.40
2007-01-19,3.50,3.58,3.47,3.57,44300,35.70
2007-01-18,3.58,3.63,3.50,3.51,61300,35.10
2007-01-17,3.60,3.65,3.56,3.57,41800,35.70
2007-01-16,3.68,3.68,3.58,3.59,93600,35.90
2007-01-12,3.51,3.68,3.25,3.68,197500,36.80
2007-01-11,3.63,3.65,3.49,3.51,97800,35.10
2007-01-10,3.70,3.71,3.60,3.62,60000,36.20
2007-01-09,3.74,3.78,3.60,3.64,72700,36.40
2007-01-08,3.80,3.83,3.75,3.75,49400,37.50
2007-01-05,3.89,3.89,3.79,3.81,49700,38.10
2007-01-04,3.89,3.93,3.80,3.92,45000,39.20
2007-01-03,3.90,3.94,3.85,3.88,98900,38.80
2006-12-29,3.78,3.89,3.78,3.89,110100,38.90
2006-12-28,3.76,3.86,3.75,3.81,202000,38.10
2006-12-27,3.90,3.94,3.75,3.77,132200,37.70
2006-12-26,3.92,3.95,3.86,3.92,36600,39.20
2006-12-22,3.92,3.97,3.85,3.92,33300,39.20
2006-12-21,4.00,4.03,3.91,3.95,39100,39.50
2006-12-20,3.91,4.03,3.91,4.03,54000,40.30
2006-12-19,3.88,3.99,3.84,3.93,65900,39.30
2006-12-18,4.10,4.10,3.88,3.93,61800,39.30
2006-12-15,4.12,4.13,4.03,4.06,71300,40.60
2006-12-14,3.93,4.15,3.93,4.10,124600,41.00
2006-12-13,3.80,3.96,3.72,3.93,104100,39.30
2006-12-12,3.78,3.83,3.68,3.77,95100,37.70
2006-12-11,3.88,3.91,3.78,3.80,85600,38.00
2006-12-08,3.95,3.98,3.89,3.89,56400,38.90
2006-12-07,4.03,4.08,3.93,3.96,54000,39.60
2006-12-06,4.02,4.12,4.00,4.03,40600,40.30
2006-12-05,4.15,4.19,4.05,4.06,63200,40.60
2006-12-04,4.03,4.18,4.03,4.16,43800,41.60
2006-12-01,4.08,4.08,3.96,4.06,47200,40.60
2006-11-30,4.03,4.08,4.02,4.06,52400,40.60
2006-11-29,3.99,4.09,3.90,4.07,77700,40.70
2006-11-28,3.95,4.01,3.88,3.99,65100,39.90
2006-11-27,4.03,4.09,3.95,3.95,57200,39.50
2006-11-24,4.08,4.11,4.06,4.09,16700,40.90
2006-11-22,4.10,4.15,4.08,4.12,45500,41.20
2006-11-21,4.22,4.24,4.10,4.11,53400,41.10
2006-11-20,4.12,4.28,4.04,4.26,63900,42.60
2006-11-17,4.15,4.18,4.07,4.15,25400,41.50
2006-11-16,4.28,4.30,4.16,4.17,36200,41.70
2006-11-15,4.20,4.30,4.19,4.28,73600,42.80
2006-11-14,4.19,4.22,4.15,4.22,49300,42.20
2006-11-13,4.19,4.21,4.13,4.19,79600,41.90
2006-11-10,4.14,4.20,4.07,4.19,71400,41.90
2006-11-09,4.15,4.20,4.05,4.14,81400,41.40
2006-11-08,4.00,4.20,3.92,4.14,151900,41.40
2006-11-07,3.98,4.01,3.89,3.93,45900,39.30
2006-11-06,4.00,4.01,3.94,3.99,70400,39.90
2006-11-03,3.80,3.92,3.80,3.91,52700,39.10
2006-11-02,3.87,3.95,3.77,3.77,65300,37.70
2006-11-01,4.07,4.08,3.85,3.87,79100,38.70
2006-10-31,4.00,4.02,3.94,3.99,92800,39.90
2006-10-30,4.04,4.07,3.90,3.91,73500,39.10
2006-10-27,4.11,4.13,4.05,4.09,142200,40.90
2006-10-26,4.25,4.25,4.11,4.14,55400,41.40
2006-10-25,4.09,4.29,4.00,4.25,99300,42.50
2006-10-24,4.25,4.29,4.09,4.18,36400,41.80
2006-10-23,4.30,4.38,4.19,4.20,58800,42.00
2006-10-20,4.35,4.35,4.18,4.25,33300,42.50
2006-10-19,4.49,4.50,4.15,4.27,38800,42.70
2006-10-18,4.45,4.49,4.26,4.27,34500,42.70
2006-10-17,4.49,4.50,4.35,4.49,28700,44.90
2006-10-16,4.37,4.49,4.32,4.49,31500,44.90
2006-10-13,4.32,4.45,4.31,4.40,48800,44.00
2006-10-12,4.17,4.34,4.11,4.34,66600,43.40
2006-10-11,4.04,4.18,3.99,4.02,48500,40.20
2006-10-10,4.09,4.10,4.03,4.07,24500,40.70
2006-10-09,4.02,4.09,3.96,4.07,16900,40.70
2006-10-06,3.98,4.09,3.96,4.03,21000,40.30
2006-10-05,3.93,4.05,3.85,4.03,55700,40.30
2006-10-04,3.90,4.01,3.88,3.96,33500,39.60
2006-10-03,3.94,4.05,3.88,3.92,119100,39.20
2006-10-02,4.08,4.12,3.93,3.95,77600,39.50
2006-09-29,4.17,4.20,4.07,4.07,62100,40.70
2006-09-28,4.11,4.40,4.08,4.17,148100,41.70
2006-09-27,3.99,4.17,3.96,4.08,182500,40.80
2006-09-26,3.95,3.98,3.85,3.95,164900,39.50
2006-09-25,3.84,3.99,3.81,3.91,93700,39.10
2006-09-22,3.92,3.97,3.77,3.80,106500,38.00
2006-09-21,4.05,4.15,3.90,3.97,87700,39.70
2006-09-20,4.31,4.41,4.02,4.06,91900,40.60
2006-09-19,4.45,4.51,4.16,4.24,56800,42.40
2006-09-18,4.35,4.58,4.32,4.49,56600,44.90
2006-09-15,4.73,4.75,4.35,4.37,96000,43.70
2006-09-14,4.65,4.75,4.65,4.68,39800,46.80
2006-09-13,4.53,4.66,4.49,4.60,26400,46.00
2006-09-12,4.34,4.63,4.32,4.53,31700,45.30
2006-09-11,4.46,4.50,4.34,4.35,25000,43.50
2006-09-08,4.47,4.52,4.38,4.50,35600,45.00
2006-09-07,4.51,4.67,4.42,4.48,39700,44.80
2006-09-06,4.72,4.74,4.52,4.56,45500,45.60
2006-09-05,4.65,4.79,4.60,4.78,42300,47.80
2006-09-01,4.76,4.77,4.64,4.70,39300,47.00
2006-08-31,4.80,4.81,4.66,4.74,36100,47.40
2006-08-30,4.63,4.79,4.60,4.76,41700,47.60
2006-08-29,4.52,4.66,4.50,4.64,32000,46.40
2006-08-28,4.64,4.70,4.46,4.58,40100,45.80
2006-08-25,4.54,4.64,4.52,4.60,23400,46.00
2006-08-24,4.51,4.60,4.46,4.53,41200,45.30
2006-08-23,4.58,4.74,4.44,4.52,65100,45.20
2006-08-22,4.52,4.73,4.49,4.60,42100,46.00
2006-08-21,4.50,4.50,4.33,4.48,35700,44.80
2006-08-18,4.40,4.49,4.27,4.49,53900,44.90
2006-08-17,4.17,4.40,4.12,4.38,51300,43.80
2006-08-16,4.10,4.22,3.99,4.21,45200,42.10
2006-08-15,3.93,4.05,3.93,4.03,29800,40.30
2006-08-14,3.90,4.05,3.90,3.91,30200,39.10
2006-08-11,3.89,3.95,3.84,3.90,22700,39.00
2006-08-10,3.80,3.94,3.77,3.88,29300,38.80
2006-08-09,3.85,3.94,3.82,3.85,42300,38.50
2006-08-08,3.97,4.01,3.79,3.81,94400,38.10
2006-08-07,4.10,4.10,3.88,4.00,91900,40.00
2006-08-04,4.18,4.25,4.01,4.10,45600,41.00
2006-08-03,4.00,4.20,3.98,4.16,40100,41.60
2006-08-02,4.06,4.14,4.00,4.05,59800,40.50
2006-08-01,3.99,4.09,3.92,4.07,56700,40.70
2006-07-31,3.80,4.05,3.78,4.04,97500,40.40
2006-07-28,3.73,3.96,3.70,3.84,111800,38.40
2006-07-27,4.21,4.22,3.53,3.64,165100,36.40
2006-07-26,4.24,4.56,4.16,4.44,97700,44.40
2006-07-25,4.21,4.28,4.13,4.27,49400,42.70
2006-07-24,4.00,4.19,3.98,4.17,40400,41.70
2006-07-21,4.12,4.14,3.92,3.98,66000,39.80
2006-07-20,4.34,4.39,4.12,4.15,33200,41.50
2006-07-19,4.19,4.37,4.13,4.35,47700,43.50
2006-07-18,4.22,4.31,4.01,4.16,43000,41.60
2006-07-17,4.32,4.45,3.77,4.20,225700,42.00
2006-07-14,4.33,4.49,4.16,4.22,69300,42.20
2006-07-13,4.59,4.65,4.30,4.32,80000,43.20
2006-07-12,4.66,4.75,4.55,4.58,32900,45.80
2006-07-11,4.68,4.75,4.63,4.69,68000,46.90
2006-07-10,4.66,4.79,4.61,4.72,76700,47.20
2006-07-07,4.67,4.74,4.60,4.65,47400,46.50
2006-07-06,4.77,4.81,4.63,4.70,42900,47.00
2006-07-05,4.85,4.89,4.65,4.76,62800,47.60
2006-07-03,4.74,4.88,4.72,4.85,34700,48.50
2006-06-30,4.81,4.90,4.67,4.67,217600,46.70
2006-06-29,4.68,4.89,4.67,4.74,163300,47.40
2006-06-28,4.85,4.85,4.50,4.64,185300,46.40
2006-06-27,5.00,5.05,4.81,4.86,43400,48.60
2006-06-26,5.01,5.05,4.87,5.02,31900,50.20
2006-06-23,4.90,5.03,4.80,4.95,52500,49.50
2006-06-22,4.93,4.93,4.85,4.93,27100,49.30
2006-06-21,4.88,4.93,4.82,4.93,50600,49.30
2006-06-20,4.96,4.96,4.77,4.89,48900,48.90
2006-06-19,5.05,5.05,4.85,4.87,51000,48.70
2006-06-16,5.15,5.15,4.96,4.99,144300,49.90
2006-06-15,4.98,5.26,4.98,5.16,65200,51.60
2006-06-14,4.96,5.05,4.91,4.99,58500,49.90
2006-06-13,4.82,5.00,4.74,4.84,130600,48.40
2006-06-12,5.05,5.06,4.79,4.81,69300,48.10
2006-06-09,5.08,5.15,5.00,5.04,61800,50.40
2006-06-08,5.00,5.10,4.92,5.05,95400,50.50
2006-06-07,5.16,5.19,5.00,5.02,55800,50.20
2006-06-06,5.17,5.17,5.02,5.11,57700,51.10
2006-06-05,5.25,5.34,5.13,5.13,74100,51.30
2006-06-02,5.37,5.40,5.14,5.23,53400,52.30
2006-06-01,5.09,5.36,5.06,5.30,79700,53.00
2006-05-31,5.11,5.15,5.00,5.11,82700,51.10
2006-05-30,5.34,5.43,5.06,5.06,66800,50.60
2006-05-26,5.37,5.50,5.28,5.47,50100,54.70
2006-05-25,5.26,5.40,5.21,5.34,56100,53.40
2006-05-24,5.12,5.25,5.00,5.22,77800,52.20
2006-05-23,5.25,5.39,5.06,5.09,95000,50.90
2006-05-22,5.24,5.33,5.20,5.23,77600,52.30
2006-05-19,5.20,5.37,5.16,5.27,86600,52.70
2006-05-18,5.32,5.34,5.13,5.20,70300,52.00
2006-05-17,5.34,5.46,5.25,5.26,67200,52.60
2006-05-16,5.40,5.43,5.25,5.30,64900,53.00
2006-05-15,5.47,5.55,5.25,5.38,99000,53.80
2006-05-12,5.81,5.82,5.45,5.45,111700,54.50
2006-05-11,6.19,6.20,5.69,5.86,125000,58.60
2006-05-10,6.24,6.30,6.03,6.07,47400,60.70
2006-05-09,6.35,6.35,6.15,6.21,62100,62.10
2006-05-08,6.13,6.38,6.12,6.31,118500,63.10
2006-05-05,6.05,6.21,6.00,6.12,72900,61.20
2006-05-04,6.02,6.08,5.93,6.07,63900,60.70
2006-05-03,6.03,6.07,5.94,6.00,54100,60.00
2006-05-02,6.14,6.14,5.89,6.07,105500,60.70
2006-05-01,6.01,6.22,5.97,6.08,114300,60.80
2006-04-28,5.89,6.07,5.83,6.00,69700,60.00
2006-04-27,6.09,6.09,5.75,5.92,110000,59.20
2006-04-26,6.27,6.33,6.01,6.13,96200,61.30
2006-04-25,6.33,6.60,6.12,6.27,205300,62.70
2006-04-24,6.29,6.60,6.12,6.43,263900,64.30
2006-04-21,6.11,6.30,6.10,6.17,90300,61.70
2006-04-20,6.34,6.34,5.96,6.12,141900,61.20
2006-04-19,6.20,6.32,6.12,6.32,116900,63.20
2006-04-18,6.18,6.35,6.02,6.20,199400,62.00
2006-04-17,5.78,6.17,5.70,6.14,336200,61.40
2006-04-13,5.75,5.85,5.54,5.79,154600,57.90
2006-04-12,5.77,5.97,5.65,5.79,344800,57.90
2006-04-11,6.01,6.45,5.65,5.98,2855000,59.80
2006-04-10,4.95,4.98,4.82,4.88,46300,48.80
2006-04-07,5.06,5.10,4.86,4.91,110000,49.10
2006-04-06,5.06,5.10,4.98,5.00,141800,50.00
2006-04-05,4.87,4.99,4.86,4.99,34000,49.90
2006-04-04,4.91,5.00,4.80,4.88,85500,48.80
2006-04-03,5.02,5.04,4.90,4.92,107100,49.20
2006-03-31,5.06,5.09,4.86,5.00,69400,50.00
2006-03-30,4.99,5.10,4.97,5.09,168900,50.90
2006-03-29,5.00,5.05,4.93,5.04,200900,50.40
2006-03-28,4.90,5.03,4.86,5.01,153500,50.10
2006-03-27,4.87,4.93,4.80,4.90,116800,49.00
2006-03-24,4.76,5.01,4.70,5.01,134100,50.10
2006-03-23,4.65,4.76,4.63,4.73,60100,47.30
2006-03-22,4.57,4.68,4.56,4.65,51200,46.50
2006-03-21,4.60,4.70,4.57,4.60,56300,46.00
2006-03-20,4.66,4.74,4.62,4.67,59900,46.70
2006-03-17,4.65,4.73,4.60,4.69,120200,46.90
2006-03-16,4.86,5.15,4.58,4.60,410400,46.00
2006-03-15,4.91,4.91,4.79,4.81,67800,48.10
2006-03-14,4.91,4.98,4.71,4.86,135200,48.60
2006-03-13,4.63,4.95,4.62,4.94,131900,49.40
2006-03-10,4.68,4.78,4.55,4.59,113300,45.90
2006-03-09,4.95,4.98,4.69,4.70,131800,47.00
2006-03-08,4.76,5.00,4.76,4.81,91600,48.10
2006-03-07,4.95,4.95,4.75,4.79,100000,47.90
2006-03-06,5.12,5.12,4.90,4.92,128200,49.20
2006-03-03,4.98,5.15,4.91,5.07,181300,50.70
2006-03-02,5.00,5.02,4.85,4.90,134200,49.00
2006-03-01,5.17,5.18,4.95,5.00,274600,50.00
2006-02-28,5.90,5.93,4.98,5.09,331400,50.90
2006-02-27,5.91,5.98,5.82,5.85,123700,58.50
2006-02-24,5.60,5.92,5.51,5.87,151400,58.70
2006-02-23,5.47,5.60,5.41,5.55,141100,55.50
2006-02-22,5.53,5.59,5.48,5.51,79600,55.10
2006-02-21,5.43,5.61,5.40,5.49,89300,54.90
2006-02-17,5.44,5.44,5.30,5.38,46200,53.80
2006-02-16,5.30,5.35,5.25,5.30,39200,53.00
2006-02-15,5.23,5.35,5.15,5.30,45300,53.00
2006-02-14,5.35,5.38,5.17,5.23,77900,52.30
2006-02-13,5.25,5.37,5.25,5.34,83300,53.40
2006-02-10,5.28,5.35,5.15,5.29,87900,52.90
2006-02-09,5.29,5.42,5.20,5.25,81000,52.50
2006-02-08,5.32,5.36,5.20,5.34,79500,53.40
2006-02-07,5.47,5.52,5.25,5.27,106800,52.70
2006-02-06,5.49,5.52,5.40,5.44,60100,54.40
2006-02-03,5.37,5.49,5.30,5.46,113300,54.60
2006-02-02,5.60,5.67,5.33,5.35,230600,53.50
2006-02-01,6.03,6.10,5.56,5.58,219100,55.80
2006-01-31,6.09,6.12,5.85,5.95,185400,59.50
2006-01-30,5.55,6.13,5.55,6.09,192300,60.90
2006-01-27,5.75,5.75,5.51,5.55,69100,55.50
2006-01-26,5.49,5.75,5.49,5.70,61300,57.00
2006-01-25,5.64,5.65,5.45,5.49,48900,54.90
2006-01-24,5.74,5.79,5.51,5.61,66800,56.10
2006-01-23,5.46,5.77,5.35,5.69,94600,56.90
2006-01-20,5.64,5.66,5.36,5.40,64100,54.00
2006-01-19,5.63,5.73,5.53,5.60,76100,56.00
2006-01-18,5.53,5.66,5.42,5.61,80500,56.10
2006-01-17,5.60,5.65,5.40,5.62,77900,56.20
2006-01-13,5.71,5.71,5.53,5.61,53200,56.10
2006-01-12,5.52,5.72,5.47,5.71,208600,57.10
2006-01-11,5.29,5.38,5.26,5.35,44500,53.50
2006-01-10,5.32,5.37,5.26,5.29,38400,52.90
2006-01-09,5.35,5.45,5.28,5.34,53300,53.40
2006-01-06,5.58,5.58,5.35,5.36,43100,53.60
2006-01-05,5.32,5.42,5.25,5.42,55500,54.20
2006-01-04,5.27,5.33,5.15,5.30,63100,53.00
2006-01-03,5.23,5.30,5.09,5.28,79300,52.80
2005-12-30,5.10,5.20,5.10,5.13,93900,51.30
2005-12-29,5.19,5.27,5.12,5.17,94900,51.70
2005-12-28,5.19,5.33,5.15,5.23,53800,52.30
2005-12-27,5.35,5.40,5.20,5.27,53200,52.70
2005-12-23,5.45,5.58,5.35,5.38,40800,53.80
2005-12-22,5.35,5.50,5.30,5.47,46300,54.70
2005-12-21,5.26,5.45,5.25,5.32,66400,53.20
2005-12-20,5.43,5.45,5.25,5.25,108000,52.50
2005-12-19,5.66,5.68,5.39,5.48,113600,54.80
2005-12-16,5.85,6.00,5.59,5.63,127700,56.30
2005-12-15,5.65,6.24,5.57,5.88,311600,58.80
2005-12-14,5.66,5.68,5.55,5.65,122500,56.50
2005-12-13,5.58,5.71,5.53,5.61,159400,56.10
2005-12-12,5.75,5.75,5.52,5.63,130300,56.30
2005-12-09,5.73,5.77,5.69,5.72,59900,57.20
2005-12-08,5.82,5.83,5.67,5.75,105200,57.50
2005-12-07,5.66,5.67,5.52,5.58,75800,55.80
2005-12-06,5.65,5.66,5.53,5.59,118400,55.90
2005-12-05,5.44,5.69,5.34,5.64,186000,56.40
2005-12-02,5.30,5.38,5.24,5.27,83400,52.70
2005-12-01,5.13,5.29,5.11,5.27,99600,52.70
2005-11-30,5.06,5.14,5.05,5.13,104600,51.30
2005-11-29,5.10,5.25,4.98,5.07,166000,50.70
2005-11-28,5.21,5.30,4.95,5.06,216700,50.60
2005-11-25,5.32,5.32,5.12,5.17,38700,51.70
2005-11-23,5.05,5.25,5.03,5.24,210200,52.40
2005-11-22,5.02,5.05,4.84,5.03,150500,50.30
2005-11-21,5.22,5.29,4.93,4.97,183500,49.70
2005-11-18,5.39,5.43,5.20,5.22,127400,52.20
2005-11-17,5.33,5.46,5.28,5.40,61400,54.00
2005-11-16,5.45,5.49,5.12,5.29,81200,52.90
2005-11-15,5.63,5.72,5.30,5.36,136100,53.60
2005-11-14,5.72,5.85,5.68,5.68,40200,56.80
2005-11-11,5.88,5.97,5.75,5.77,41800,57.70
2005-11-10,5.95,5.99,5.82,5.89,37000,58.90
2005-11-09,5.95,6.05,5.91,5.93,51800,59.30
2005-11-08,5.75,6.02,5.72,5.90,67700,59.00
2005-11-07,5.68,5.85,5.65,5.76,51100,57.60
2005-11-04,5.65,5.78,5.60,5.70,56500,57.00
2005-11-03,5.58,5.86,5.50,5.63,143700,56.30
2005-11-02,5.58,5.73,5.50,5.56,67600,55.60
2005-11-01,5.80,5.90,5.60,5.64,48000,56.40
2005-10-31,5.92,5.92,5.70,5.80,47000,58.00
2005-10-28,5.72,6.03,5.65,5.89,80700,58.90
2005-10-27,5.84,5.88,5.45,5.60,87800,56.00
2005-10-26,6.22,6.22,5.76,5.78,105900,57.80
2005-10-25,6.23,6.25,6.07,6.25,29200,62.50
2005-10-24,6.10,6.26,6.07,6.25,36200,62.50
2005-10-21,6.20,6.25,6.03,6.07,40800,60.70
2005-10-20,6.26,6.30,5.99,6.15,50800,61.50
2005-10-19,6.10,6.32,6.00,6.32,42500,63.20
2005-10-18,6.30,6.37,6.06,6.10,33900,61.00
2005-10-17,6.06,6.23,6.04,6.17,44600,61.70
2005-10-14,6.19,6.30,5.98,6.05,63200,60.50
2005-10-13,6.25,6.26,6.05,6.19,35800,61.90
2005-10-12,6.35,6.37,6.17,6.25,42500,62.50
2005-10-11,6.40,6.50,6.31,6.32,85100,63.20
2005-10-10,6.44,6.60,6.38,6.41,41900,64.10
2005-10-07,6.43,6.70,6.40,6.47,48500,64.70
2005-10-06,6.50,6.63,6.50,6.52,67900,65.20
2005-10-05,6.98,7.03,6.55,6.59,73400,65.90
2005-10-04,7.07,7.12,6.81,6.94,119400,69.40
2005-10-03,6.81,7.11,6.75,7.11,92200,71.10
2005-09-30,6.86,6.95,6.74,6.80,62500,68.00
2005-09-29,6.56,6.89,6.48,6.87,82800,68.70
2005-09-28,6.60,6.60,6.49,6.54,45600,65.40
2005-09-27,6.70,6.70,6.47,6.56,61600,65.60
2005-09-26,6.68,6.79,6.59,6.69,44600,66.90
2005-09-23,6.80,6.80,6.60,6.68,48600,66.80
2005-09-22,6.89,7.08,6.74,6.75,195700,67.50
2005-09-21,6.50,6.63,6.36,6.45,75500,64.50
2005-09-20,6.60,6.75,6.38,6.44,108400,64.40
2005-09-19,6.57,6.58,6.25,6.46,72800,64.60
2005-09-16,6.45,6.59,6.26,6.47,114500,64.70
2005-09-15,6.71,6.84,6.39,6.47,81200,64.70
2005-09-14,6.81,6.95,6.61,6.70,70400,67.00
2005-09-13,7.06,7.18,6.80,6.82,59800,68.20
2005-09-12,7.15,7.29,7.01,7.06,55700,70.60
2005-09-09,7.25,7.43,7.11,7.19,73800,71.90
2005-09-08,7.00,7.25,6.93,7.23,91900,72.30
2005-09-07,7.05,7.05,6.85,7.00,49500,70.00
2005-09-06,7.00,7.16,6.90,7.05,54800,70.50
2005-09-02,7.37,7.37,6.80,6.97,117100,69.70
2005-09-01,7.50,7.73,7.13,7.33,232800,73.30
2005-08-31,6.86,7.54,6.81,7.41,474800,74.10
2005-08-30,6.28,6.83,6.19,6.77,237300,67.70
2005-08-29,6.22,6.31,6.15,6.25,65800,62.50
2005-08-26,6.41,6.45,6.23,6.23,57100,62.30
2005-08-25,6.50,6.51,6.35,6.37,46400,63.70
2005-08-24,6.31,6.67,6.25,6.48,103600,64.80
2005-08-23,6.37,6.45,6.25,6.28,40000,62.80
2005-08-22,6.12,6.39,6.10,6.39,83900,63.90
2005-08-19,6.16,6.20,6.09,6.10,31100,61.00
2005-08-18,6.15,6.19,6.07,6.12,28800,61.20
2005-08-17,6.15,6.19,6.13,6.17,41000,61.70
2005-08-16,6.24,6.24,6.13,6.16,51500,61.60
2005-08-15,6.30,6.34,6.05,6.22,76600,62.20
2005-08-12,6.29,6.33,6.25,6.31,40800,63.10
2005-08-11,6.28,6.30,6.25,6.28,93100,62.80
2005-08-10,6.45,6.49,6.26,6.28,92800,62.80
2005-08-09,6.45,6.47,6.33,6.45,186000,64.50
2005-08-08,6.35,6.42,6.27,6.34,138500,63.40
2005-08-05,6.36,6.45,6.24,6.30,562700,63.00
2005-08-04,6.85,6.97,6.57,6.64,107600,66.40
2005-08-03,7.10,7.24,6.94,6.97,56500,69.70
2005-08-02,7.39,7.45,7.01,7.25,65200,72.50
2005-08-01,7.20,7.39,7.04,7.36,53000,73.60
2005-07-29,7.15,7.40,7.00,7.15,97600,71.50
2005-07-28,7.20,7.50,7.00,7.50,166400,75.00
2005-07-27,6.90,7.24,6.63,7.09,137800,70.90
2005-07-26,6.50,7.01,6.46,7.00,124700,70.00
2005-07-25,6.56,6.59,6.43,6.46,43200,64.60
2005-07-22,6.71,6.72,6.35,6.57,44400,65.70
2005-07-21,6.64,6.74,6.40,6.51,64300,65.10
2005-07-20,6.25,6.49,6.25,6.49,45000,64.90
2005-07-19,6.38,6.45,6.20,6.33,46500,63.30
2005-07-18,6.61,6.69,6.29,6.35,79500,63.50
2005-07-15,6.78,6.86,6.42,6.50,316900,65.00
2005-07-14,6.03,6.13,5.87,5.87,76600,58.70
2005-07-13,6.12,6.28,6.03,6.13,41700,61.30
2005-07-12,6.30,6.35,6.11,6.16,53300,61.60
2005-07-11,6.05,6.37,6.05,6.32,68600,63.20
2005-07-08,5.86,6.13,5.86,6.08,89100,60.80
2005-07-07,5.95,6.01,5.85,5.95,82300,59.50
2005-07-06,5.88,6.24,5.85,6.00,147000,60.00
2005-07-05,6.11,6.32,5.86,5.91,253800,59.10
2005-07-01,6.85,6.97,6.61,6.76,53900,67.60
2005-06-30,7.00,7.20,6.84,6.85,68400,68.50
2005-06-29,7.40,7.42,7.04,7.04,52800,70.40
2005-06-28,7.09,7.43,7.01,7.42,48800,74.20
2005-06-27,7.03,7.12,6.98,7.04,40700,70.40
2005-06-24,7.15,7.28,7.01,7.13,66700,71.30
2005-06-23,7.55,7.57,7.14,7.14,44600,71.40
2005-06-22,7.47,7.59,7.41,7.50,58200,75.00
2005-06-21,7.59,7.59,7.15,7.45,116800,74.50
2005-06-20,7.50,7.63,7.27,7.54,104300,75.40
2005-06-17,7.20,7.49,7.19,7.45,126700,74.50
2005-06-16,7.03,7.48,6.83,7.18,177400,71.80
2005-06-15,6.63,7.12,6.46,7.05,175200,70.50
2005-06-14,5.97,6.70,5.96,6.66,125500,66.60
2005-06-13,6.02,6.17,6.00,6.03,34500,60.30
2005-06-10,6.10,6.30,6.01,6.05,33100,60.50
2005-06-09,6.15,6.29,6.07,6.13,44700,61.30
2005-06-08,6.02,6.36,6.01,6.20,41300,62.00
2005-06-07,6.05,6.25,6.01,6.04,43600,60.40
2005-06-06,6.01,6.17,6.01,6.05,31100,60.50
2005-06-03,6.44,6.44,6.06,6.06,29800,60.60
2005-06-02,6.40,6.48,6.30,6.36,31800,63.60
2005-06-01,6.20,6.47,6.08,6.32,59400,63.20
2005-05-31,6.28,6.40,6.19,6.22,39800,62.20
2005-05-27,6.40,6.49,6.25,6.31,39800,63.10
2005-05-26,6.56,6.58,6.37,6.41,63900,64.10
2005-05-25,6.40,6.53,6.25,6.42,80100,64.20
2005-05-24,5.85,6.55,5.78,6.50,95500,65.00
2005-05-23,5.64,5.93,5.64,5.85,38500,58.50
2005-05-20,5.73,5.74,5.61,5.69,29400,56.90
2005-05-19,5.85,5.88,5.64,5.70,31600,57.00
2005-05-18,5.51,5.89,5.51,5.85,45800,58.50
2005-05-17,5.70,5.72,5.45,5.60,40800,56.00
2005-05-16,5.63,5.71,5.53,5.66,26900,56.60
2005-05-13,5.55,5.68,5.50,5.60,31900,56.00
2005-05-12,5.70,5.73,5.52,5.57,30500,55.70
2005-05-11,5.65,5.75,5.52,5.63,35000,56.30
2005-05-10,5.77,5.80,5.64,5.66,21200,56.60
2005-05-09,5.74,5.75,5.56,5.75,42100,57.50
2005-05-06,5.99,6.02,5.67,5.67,36200,56.70
2005-05-05,5.70,6.18,5.50,5.91,94300,59.10
2005-05-04,5.33,5.74,5.25,5.68,64100,56.80
2005-05-03,5.61,5.64,5.21,5.26,95900,52.60
2005-05-02,5.63,5.67,5.49,5.60,43300,56.00
2005-04-29,5.63,5.73,5.47,5.55,72700,55.50
2005-04-28,5.71,5.85,5.50,5.62,108700,56.20
2005-04-27,5.90,6.25,5.60,5.68,85600,56.80
2005-04-26,6.17,6.29,5.99,6.04,39000,60.40
2005-04-25,6.10,6.24,6.04,6.17,38100,61.70
2005-04-22,6.61,6.80,6.01,6.03,75400,60.30
2005-04-21,6.41,6.65,6.30,6.64,59500,66.40
2005-04-20,6.33,6.74,6.29,6.33,104300,63.30
2005-04-19,6.16,6.42,6.16,6.34,62400,63.40
2005-04-18,5.68,6.30,5.66,6.21,92300,62.10
2005-04-15,5.85,5.94,5.64,5.70,77000,57.00
2005-04-14,6.01,6.14,5.79,5.85,57000,58.50
2005-04-13,6.07,6.20,5.95,5.99,52400,59.90
2005-04-12,5.88,6.17,5.76,6.06,55100,60.60
2005-04-11,6.05,6.11,5.83,5.84,51200,58.40
2005-04-08,6.29,6.30,6.01,6.05,43100,60.50
2005-04-07,6.28,6.37,6.15,6.27,43400,62.70
2005-04-06,6.39,6.44,6.19,6.22,30400,62.20
2005-04-05,6.40,6.47,6.23,6.29,36800,62.90
2005-04-04,6.55,6.70,6.35,6.36,36200,63.60
2005-04-01,6.56,6.75,6.35,6.41,48900,64.10
2005-03-31,6.35,6.62,6.29,6.60,58400,66.00
2005-03-30,6.16,6.41,6.15,6.30,46000,63.00
2005-03-29,6.65,6.69,6.07,6.10,91800,61.00
2005-03-28,6.70,6.83,6.55,6.66,46000,66.60
2005-03-24,6.53,6.68,6.39,6.61,49400,66.10
2005-03-23,6.72,6.90,6.43,6.50,56600,65.00
2005-03-22,6.61,6.90,6.61,6.65,44400,66.50
2005-03-21,7.03,7.14,6.59,6.67,91700,66.70
2005-03-18,7.09,7.22,6.95,7.06,59700,70.60
2005-03-17,6.82,7.11,6.78,7.06,68000,70.60
2005-03-16,7.04,7.16,6.71,6.82,88800,68.20
2005-03-15,7.34,7.47,7.08,7.10,57000,71.00
2005-03-14,7.18,7.54,7.18,7.37,57100,73.70
2005-03-11,7.24,7.41,7.10,7.25,35900,72.50
2005-03-10,7.43,7.56,7.13,7.20,80700,72.00
2005-03-09,7.53,7.75,7.40,7.47,97200,74.70
2005-03-08,7.39,7.59,7.34,7.49,78600,74.90
2005-03-07,7.55,7.65,7.41,7.42,81900,74.20
2005-03-04,7.56,7.69,7.39,7.54,71500,75.40
2005-03-03,8.14,8.20,7.41,7.55,142800,75.50
2005-03-02,7.50,8.10,7.48,8.09,215700,80.90
2005-03-01,7.14,7.63,7.14,7.52,135800,75.20
2005-02-28,7.24,7.31,6.77,7.15,127100,71.50
2005-02-25,7.35,7.50,7.11,7.37,149000,73.70
2005-02-24,6.99,7.67,6.92,7.39,234000,73.90
2005-02-23,6.73,7.24,6.38,6.95,228700,69.50
2005-02-22,6.33,6.95,6.11,6.79,237200,67.90
2005-02-18,6.40,6.46,6.11,6.22,72600,62.20
2005-02-17,6.02,6.50,5.94,6.30,174200,63.00
2005-02-16,5.71,6.11,5.68,6.10,115000,61.00
2005-02-15,5.64,5.75,5.51,5.70,43300,57.00
2005-02-14,5.90,5.90,5.66,5.68,26000,56.80
2005-02-11,5.81,5.92,5.64,5.84,30200,58.40
2005-02-10,5.55,5.92,5.50,5.89,58900,58.90
2005-02-09,5.71,5.77,5.48,5.50,46900,55.00
2005-02-08,5.81,5.84,5.73,5.76,34900,57.60
2005-02-07,5.86,5.88,5.76,5.80,38300,58.00
2005-02-04,5.73,5.98,5.73,5.88,49500,58.80
2005-02-03,5.95,5.98,5.70,5.81,55400,58.10
2005-02-02,6.00,6.10,5.83,5.96,78600,59.60
2005-02-01,5.60,6.07,5.55,5.93,120000,59.30
2005-01-31,5.38,5.50,5.32,5.44,54700,54.40
2005-01-28,5.36,5.44,5.23,5.27,30300,52.70
2005-01-27,5.29,5.47,5.29,5.39,26300,53.90
2005-01-26,5.25,5.35,5.18,5.35,28200,53.50
2005-01-25,5.27,5.44,5.23,5.26,26400,52.60
2005-01-24,5.32,5.38,5.23,5.25,24500,52.50
2005-01-21,5.36,5.42,5.29,5.30,37100,53.00
2005-01-20,5.45,5.63,5.27,5.28,39800,52.80
2005-01-19,5.82,5.82,5.46,5.55,31400,55.50
2005-01-18,5.64,5.80,5.45,5.72,47600,57.20
2005-01-14,5.60,5.66,5.59,5.62,46100,56.20
2005-01-13,5.69,5.74,5.56,5.63,79200,56.30
2005-01-12,5.17,5.60,5.17,5.55,92400,55.50
2005-01-11,5.31,5.43,5.11,5.16,51500,51.60
2005-01-10,5.26,5.50,5.22,5.39,62800,53.90
2005-01-07,5.53,5.53,5.24,5.29,53400,52.90
2005-01-06,5.40,5.57,5.37,5.40,47300,54.00
2005-01-05,5.65,5.70,5.42,5.42,52500,54.20
2005-01-04,6.00,6.06,5.64,5.65,68800,56.50
2005-01-03,6.26,6.26,5.95,5.95,50000,59.50
2004-12-31,6.11,6.25,6.05,6.11,53100,61.10
2004-12-30,6.02,6.20,5.95,6.12,55700,61.20
2004-12-29,6.03,6.10,5.85,6.05,59600,60.50
2004-12-28,5.87,6.04,5.75,6.04,68000,60.40
2004-12-27,5.92,6.09,5.81,5.88,51200,58.80
2004-12-23,5.73,5.96,5.73,5.95,54400,59.50
2004-12-22,5.77,5.86,5.68,5.83,45000,58.30
2004-12-21,5.86,5.87,5.60,5.86,58200,58.60
2004-12-20,5.67,5.86,5.66,5.76,63300,57.60
2004-12-17,5.65,5.70,5.53,5.67,53600,56.70
2004-12-16,5.73,5.74,5.53,5.62,68000,56.20
2004-12-15,5.82,5.83,5.55,5.69,63000,56.90
2004-12-14,5.58,5.85,5.55,5.78,120700,57.80
2004-12-13,5.50,5.62,5.45,5.58,48100,55.80
2004-12-10,5.60,5.70,5.45,5.51,47900,55.10
2004-12-09,5.56,5.71,5.50,5.64,47500,56.40
2004-12-08,5.57,5.64,5.50,5.53,42300,55.30
2004-12-07,5.77,5.78,5.46,5.49,62200,54.90
2004-12-06,5.82,5.92,5.75,5.79,37400,57.90
2004-12-03,5.87,5.95,5.77,5.79,32100,57.90
2004-12-02,5.88,5.94,5.76,5.84,48700,58.40
2004-12-01,5.86,6.00,5.80,5.88,52000,58.80
2004-11-30,5.84,6.09,5.84,5.91,47000,59.10
2004-11-29,5.85,5.95,5.69,5.86,57000,58.60
2004-11-26,5.75,5.82,5.73,5.81,11900,58.10
2004-11-24,5.70,5.81,5.57,5.77,48800,57.70
2004-11-23,5.84,5.84,5.52,5.66,63600,56.60
2004-11-22,5.75,5.88,5.64,5.74,57900,57.40
2004-11-19,6.00,6.03,5.75,5.82,46800,58.20
2004-11-18,6.14,6.14,5.90,5.98,41400,59.80
2004-11-17,6.11,6.17,6.00,6.05,54100,60.50
2004-11-16,6.10,6.20,5.97,5.99,72500,59.90
2004-11-15,5.91,5.98,5.83,5.97,36100,59.70
2004-11-12,5.93,5.97,5.82,5.91,30600,59.10
2004-11-11,5.90,5.99,5.76,5.98,49600,59.80
2004-11-10,5.84,5.95,5.70,5.92,56100,59.20
2004-11-09,5.80,5.83,5.66,5.76,57300,57.60
2004-11-08,5.85,5.98,5.75,5.77,61100,57.70
2004-11-05,5.98,6.05,5.75,5.79,105100,57.90
2004-11-04,6.00,6.12,5.90,5.97,65700,59.70
2004-11-03,6.24,6.36,5.90,6.03,103700,60.30
2004-11-02,6.10,6.50,6.10,6.37,131400,63.70
2004-11-01,5.97,6.10,5.80,6.10,50700,61.00
2004-10-29,6.16,6.27,5.91,5.99,76200,59.90
2004-10-28,6.32,6.38,6.12,6.15,161700,61.50
2004-10-27,6.75,6.88,6.61,6.75,62500,67.50
2004-10-26,7.04,7.09,6.75,6.78,53800,67.80
2004-10-25,7.05,7.09,6.90,7.06,53400,70.60
2004-10-22,6.96,7.20,6.84,6.96,102000,69.60
2004-10-21,6.86,7.00,6.75,6.94,69300,69.40
2004-10-20,6.76,6.90,6.69,6.81,45200,68.10
2004-10-19,6.89,7.04,6.71,6.73,45100,67.30
2004-10-18,6.87,6.98,6.71,6.93,34800,69.30
2004-10-15,7.03,7.09,6.71,6.81,77700,68.10
2004-10-14,6.80,7.27,6.62,6.99,185700,69.90
2004-10-13,6.95,6.98,6.72,6.87,95400,68.70
2004-10-12,6.94,7.08,6.77,6.84,82600,68.40
2004-10-11,6.73,6.98,6.64,6.85,82500,68.50
2004-10-08,6.80,7.06,6.48,6.58,94700,65.80
2004-10-07,6.52,7.09,6.47,6.86,190000,68.60
2004-10-06,6.48,6.62,6.36,6.53,49000,65.30
2004-10-05,6.51,6.66,6.38,6.48,54700,64.80
2004-10-04,6.45,6.74,6.36,6.56,100800,65.60
2004-10-01,6.41,6.45,6.26,6.39,27800,63.90
2004-09-30,6.23,6.45,6.05,6.41,55200,64.10
2004-09-29,6.30,6.49,6.21,6.29,86000,62.90
2004-09-28,5.75,6.30,5.70,6.25,135600,62.50
2004-09-27,5.98,5.98,5.66,5.74,48900,57.40
2004-09-24,6.06,6.10,5.83,5.93,39500,59.30
2004-09-23,6.08,6.24,5.70,5.96,100300,59.60
2004-09-22,6.17,6.30,6.08,6.11,50100,61.10
2004-09-21,6.14,6.26,5.96,6.25,112300,62.50
2004-09-20,5.92,6.01,5.74,5.86,51000,58.60
2004-09-17,6.24,6.48,5.94,5.96,69800,59.60
2004-09-16,6.30,6.30,6.09,6.19,31300,61.90
2004-09-15,6.20,6.30,6.08,6.18,21200,61.80
2004-09-14,6.42,6.45,6.15,6.20,37700,62.00
2004-09-13,6.45,6.48,6.30,6.35,61800,63.50
2004-09-10,6.59,6.64,6.23,6.39,66500,63.90
2004-09-09,6.14,6.61,6.13,6.58,36400,65.80
2004-09-08,6.51,6.57,6.15,6.15,45800,61.50
2004-09-07,6.47,6.75,6.45,6.54,34600,65.40
2004-09-03,6.77,6.80,6.50,6.57,33400,65.70
2004-09-02,6.64,6.78,6.49,6.71,44400,67.10
2004-09-01,6.50,6.95,6.39,6.54,73500,65.40
2004-08-31,6.35,6.59,6.22,6.39,59500,63.90
2004-08-30,6.29,6.52,6.15,6.33,94700,63.30
2004-08-27,6.17,6.30,6.04,6.22,34200,62.20
2004-08-26,6.20,6.27,5.95,6.00,37000,60.00
2004-08-25,5.91,6.30,5.85,6.13,78000,61.30
2004-08-24,5.86,6.00,5.67,5.81,52200,58.10
2004-08-23,5.87,6.00,5.67,5.70,66900,57.00
2004-08-20,5.48,5.78,5.44,5.71,53700,57.10
2004-08-19,5.33,5.80,5.14,5.43,90800,54.30
2004-08-18,5.03,5.26,4.91,5.11,52700,51.10
2004-08-17,4.95,5.15,4.94,5.06,30300,50.60
2004-08-16,5.01,5.10,4.85,4.96,27900,49.60
2004-08-13,4.92,5.16,4.85,4.94,52800,49.40
2004-08-12,4.83,4.96,4.79,4.83,29000,48.30
2004-08-11,5.00,5.08,4.83,4.90,37600,49.00
2004-08-10,4.82,5.14,4.75,5.14,79300,51.40
2004-08-09,5.19,5.24,4.62,4.77,107400,47.70
2004-08-06,5.44,5.55,5.05,5.09,74800,50.90
2004-08-05,5.54,5.63,5.45,5.52,33100,55.20
2004-08-04,5.75,5.78,5.40,5.51,48200,55.10
2004-08-03,5.91,6.01,5.75,5.75,33400,57.50
2004-08-02,6.11,6.31,5.92,6.06,66200,60.60
2004-07-30,5.64,6.40,5.55,6.24,101600,62.40
2004-07-29,5.76,5.96,5.45,5.59,64800,55.90
2004-07-28,5.75,5.80,5.36,5.49,66900,54.90
2004-07-27,5.47,5.80,5.33,5.68,33900,56.80
2004-07-26,5.54,5.88,5.35,5.45,47400,54.50
2004-07-23,5.91,5.95,5.55,5.60,48000,56.00
2004-07-22,5.76,6.00,5.42,5.77,65700,57.70
2004-07-21,6.10,6.35,5.76,5.77,40400,57.70
2004-07-20,5.99,6.21,5.95,6.14,51200,61.40
2004-07-19,6.02,6.25,5.93,6.02,84300,60.20
2004-07-16,6.10,6.17,5.95,6.05,58600,60.50
2004-07-15,6.02,6.21,5.93,6.08,123200,60.80
2004-07-14,6.32,6.45,6.05,6.29,93200,62.90
2004-07-13,6.50,6.72,6.29,6.45,69600,64.50
2004-07-12,6.52,6.59,6.13,6.45,100700,64.50
2004-07-09,6.69,6.72,6.53,6.57,57100,65.70
2004-07-08,7.24,7.26,6.44,6.59,92600,65.90
2004-07-07,7.10,7.38,7.06,7.09,64800,70.90
2004-07-06,7.29,7.29,6.58,6.95,76800,69.50
2004-07-02,7.30,7.46,7.25,7.27,20000,72.70
2004-07-01,7.43,7.55,7.30,7.31,30200,73.10
2004-06-30,7.50,7.62,7.33,7.48,35700,74.80
2004-06-29,7.40,7.61,7.34,7.50,39400,75.00
2004-06-28,7.60,7.62,7.35,7.42,46100,74.20
2004-06-25,7.45,7.60,7.09,7.55,116600,75.50
2004-06-24,7.44,7.55,7.30,7.42,46700,74.20
2004-06-23,7.15,7.39,7.11,7.31,53100,73.10
2004-06-22,7.16,7.30,7.09,7.20,55600,72.00
2004-06-21,7.10,7.18,6.99,7.04,51700,70.40
2004-06-18,7.29,7.50,6.85,7.04,102800,70.40
2004-06-17,7.46,7.61,7.15,7.22,36500,72.20
2004-06-16,7.42,7.49,7.19,7.46,43100,74.60
2004-06-15,7.23,7.49,7.18,7.36,49400,73.60
2004-06-14,7.25,7.32,7.15,7.24,45700,72.40
2004-06-10,7.41,7.55,7.25,7.28,54600,72.80
2004-06-09,7.54,7.70,7.37,7.37,85200,73.70
2004-06-08,7.59,7.77,7.26,7.49,114200,74.90
2004-06-07,7.21,7.49,7.21,7.46,41200,74.60
2004-06-04,7.42,7.48,7.14,7.19,75100,71.90
2004-06-03,7.50,7.51,7.23,7.32,115900,73.20
2004-06-02,8.03,8.03,7.51,7.58,62500,75.80
2004-06-01,7.68,7.98,7.60,7.82,117200,78.20
2004-05-28,7.66,7.69,7.50,7.61,48200,76.10
2004-05-27,7.77,7.93,7.59,7.68,73900,76.80
2004-05-26,7.93,7.97,7.30,7.68,74700,76.80
2004-05-25,8.20,8.20,7.80,7.89,168100,78.90
2004-05-24,7.64,8.55,7.64,8.39,149300,83.90
2004-05-21,7.59,7.72,7.54,7.61,40800,76.10
2004-05-20,7.49,7.58,7.29,7.50,58600,75.00
2004-05-19,7.57,7.90,7.45,7.46,67600,74.60
2004-05-18,7.56,7.59,7.38,7.50,45400,75.00
2004-05-17,7.64,7.73,7.41,7.41,41500,74.10
2004-05-14,7.80,7.82,7.60,7.71,40400,77.10
2004-05-13,7.93,7.98,7.60,7.76,40500,77.60
2004-05-12,8.20,8.38,7.70,7.90,90600,79.00
2004-05-11,7.70,8.21,7.56,7.99,78600,79.90
2004-05-10,7.61,7.71,7.25,7.56,59800,75.60
2004-05-07,7.76,8.20,7.59,7.60,60100,76.00
2004-05-06,8.00,8.00,7.35,7.82,102900,78.20
2004-05-05,8.22,8.26,8.06,8.06,41500,80.60
2004-05-04,8.30,8.34,7.97,8.02,66000,80.20
2004-05-03,7.91,8.40,7.81,8.17,91700,81.70
2004-04-30,8.28,8.38,7.75,7.77,90600,77.70
2004-04-29,8.52,8.71,7.98,8.22,99200,82.20
2004-04-28,9.00,9.23,8.38,8.50,107700,85.00
2004-04-27,9.20,9.40,8.80,8.90,83000,89.00
2004-04-26,9.04,9.73,9.04,9.09,97300,90.90
2004-04-23,9.05,9.29,8.80,9.14,73200,91.40
2004-04-22,9.18,9.32,9.05,9.18,178500,91.80
2004-04-21,9.20,9.55,9.05,9.22,70100,92.20
2004-04-20,9.53,10.24,8.99,9.15,216100,91.50
2004-04-19,9.65,9.75,9.04,9.64,159300,96.40
2004-04-16,8.43,9.84,8.31,9.65,358900,96.50
2004-04-15,8.75,8.88,8.27,8.40,62200,84.00
2004-04-14,8.71,9.07,8.55,8.74,69100,87.40
2004-04-13,9.14,9.31,8.53,8.71,132200,87.10
2004-04-12,8.40,9.15,8.28,8.87,225500,88.70
2004-04-08,7.95,8.39,7.84,8.19,83600,81.90
2004-04-07,7.83,7.99,7.81,7.89,21000,78.90
2004-04-06,7.90,8.04,7.83,7.94,30800,79.40
2004-04-05,7.91,8.00,7.66,7.98,47200,79.80
2004-04-02,7.93,8.00,7.74,7.94,75700,79.40
2004-04-01,7.75,7.90,7.59,7.70,66400,77.00
2004-03-31,7.80,7.84,7.55,7.72,41200,77.20
2004-03-30,7.85,7.90,7.52,7.77,42500,77.70
2004-03-29,7.65,7.85,7.41,7.74,37000,77.40
2004-03-26,7.62,7.64,7.48,7.54,25100,75.40
2004-03-25,7.49,7.65,7.37,7.58,57500,75.80
2004-03-24,7.39,7.49,7.15,7.26,38000,72.60
2004-03-23,7.40,7.60,7.06,7.37,60100,73.70
2004-03-22,7.50,7.50,7.13,7.24,48900,72.40
2004-03-19,7.55,7.90,7.44,7.52,64600,75.20
2004-03-18,7.58,7.91,7.40,7.55,88900,75.50
2004-03-17,7.40,7.50,7.25,7.46,37000,74.60
2004-03-16,7.38,7.52,7.06,7.28,41500,72.80
2004-03-15,7.63,7.75,7.16,7.23,60300,72.30
2004-03-12,7.30,7.75,7.22,7.72,52400,77.20
2004-03-11,7.18,7.59,6.75,7.16,80200,71.60
2004-03-10,7.56,7.70,7.20,7.24,54200,72.40
2004-03-09,7.90,8.12,7.58,7.58,62200,75.80
2004-03-08,8.35,8.44,7.64,7.77,128300,77.70
2004-03-05,8.50,8.58,8.19,8.42,86100,84.20
2004-03-04,8.21,8.57,8.10,8.53,165200,85.30
2004-03-03,7.83,8.18,7.63,7.96,158200,79.60
2004-03-02,7.26,7.94,7.20,7.90,190100,79.00
2004-03-01,6.95,7.34,6.81,7.29,166200,72.90
2004-02-27,6.98,7.25,6.95,7.06,184900,70.60
2004-02-26,7.30,7.53,7.03,7.29,243600,72.90
2004-02-25,8.09,8.10,7.45,7.88,189300,78.80
2004-02-24,8.41,8.50,8.04,8.25,96300,82.50
2004-02-23,9.09,9.09,8.45,8.49,64300,84.90
2004-02-20,9.19,9.30,8.88,8.90,68300,89.00
2004-02-19,9.50,9.59,9.10,9.12,31300,91.20
2004-02-18,9.57,9.79,9.41,9.42,35300,94.20
2004-02-17,9.30,9.75,9.24,9.59,75400,95.90
2004-02-13,9.49,9.62,9.23,9.28,35300,92.80
2004-02-12,9.29,9.80,9.26,9.39,62400,93.90
2004-02-11,9.40,9.42,9.21,9.31,45700,93.10
2004-02-10,9.26,9.26,9.05,9.20,36500,92.00
2004-02-09,8.71,9.21,8.56,9.09,51700,90.90
2004-02-06,8.51,8.90,8.15,8.85,79400,88.50
2004-02-05,8.77,9.00,8.29,8.55,77300,85.50
2004-02-04,9.21,9.21,8.55,8.79,107500,87.90
2004-02-03,9.33,9.48,9.11,9.19,62400,91.90
2004-02-02,9.45,9.51,9.22,9.27,132300,92.70
2004-01-30,9.35,9.49,9.15,9.44,64400,94.40
2004-01-29,9.88,9.91,9.05,9.13,144600,91.30
2004-01-28,10.07,10.10,9.45,9.50,216000,95.00
2004-01-27,9.99,10.00,9.40,9.50,96400,95.00
2004-01-26,9.60,9.91,9.44,9.90,57800,99.00
2004-01-23,9.65,9.65,9.25,9.48,54800,94.80
2004-01-22,9.51,9.72,9.17,9.42,80900,94.20
2004-01-21,10.12,10.21,9.09,9.43,171500,94.30
2004-01-20,9.80,10.48,9.55,10.46,202700,104.60
2004-01-16,9.25,9.72,9.25,9.55,69700,95.50
2004-01-15,9.88,9.99,8.88,9.25,177400,92.50
2004-01-14,9.60,10.65,9.52,9.99,234300,99.90
2004-01-13,9.03,9.65,8.85,9.58,175200,95.80
2004-01-12,8.25,9.03,8.16,9.01,126100,90.10
2004-01-09,7.80,8.31,7.59,8.05,89200,80.50
2004-01-08,7.86,7.86,7.60,7.85,53300,78.50
2004-01-07,7.72,7.86,7.56,7.85,57000,78.50
2004-01-06,7.80,7.82,7.47,7.59,68700,75.90
2004-01-05,7.73,7.80,7.59,7.80,66800,78.00
2004-01-02,7.25,7.74,7.19,7.48,66700,74.80
2003-12-31,7.35,7.50,7.06,7.25,49900,72.50
2003-12-30,7.05,7.39,6.98,7.34,83900,73.40
2003-12-29,6.69,7.05,6.66,6.99,45900,69.90
2003-12-26,7.00,7.05,6.73,6.82,30500,68.20
2003-12-24,6.90,7.10,6.85,7.07,38700,70.70
2003-12-23,6.77,6.96,6.70,6.95,101700,69.50
2003-12-22,6.51,6.80,6.38,6.73,93500,67.30
2003-12-19,6.40,6.50,6.30,6.44,52700,64.40
2003-12-18,5.96,6.40,5.95,6.40,94900,64.00
2003-12-17,5.85,5.96,5.73,5.89,40000,58.90
2003-12-16,5.81,5.87,5.74,5.87,29100,58.70
2003-12-15,6.00,6.02,5.82,5.83,42400,58.30
2003-12-12,5.85,5.97,5.76,5.92,41000,59.20
2003-12-11,5.77,5.90,5.68,5.86,33800,58.60
2003-12-10,6.07,6.10,5.66,5.74,86500,57.40
2003-12-09,6.15,6.17,5.85,6.05,63700,60.50
2003-12-08,6.12,6.18,5.98,6.09,70400,60.90
2003-12-05,6.00,6.17,6.00,6.13,85500,61.30
2003-12-04,6.25,6.25,5.87,6.05,82400,60.50
2003-12-03,6.00,6.28,5.98,6.15,180400,61.50
2003-12-02,5.60,6.00,5.56,5.94,102700,59.40
2003-12-01,5.79,5.80,5.56,5.75,81200,57.50
2003-11-28,5.67,5.79,5.52,5.78,36500,57.80
2003-11-26,5.56,5.74,5.51,5.72,118000,57.20
2003-11-25,5.40,5.60,5.23,5.52,224200,55.20
2003-11-24,5.15,5.16,4.98,5.15,73900,51.50
2003-11-21,5.04,5.15,5.01,5.03,39100,50.30
2003-11-20,5.04,5.20,4.92,5.08,74000,50.80
2003-11-19,5.18,5.22,4.90,5.02,120600,50.20
2003-11-18,5.37,5.47,5.20,5.24,57100,52.40
2003-11-17,5.67,5.67,5.12,5.32,98600,53.20
2003-11-14,5.30,5.64,5.25,5.58,243800,55.80
2003-11-13,5.15,5.25,5.12,5.25,105000,52.50
2003-11-12,5.10,5.21,5.04,5.10,167300,51.00
2003-11-11,5.19,5.20,4.88,5.04,618900,50.40
2003-11-10,6.12,6.17,5.73,5.79,67700,57.90
2003-11-07,6.63,6.65,6.00,6.01,99300,60.10
2003-11-06,6.85,6.85,6.40,6.45,43800,64.50
2003-11-05,6.60,6.84,6.40,6.80,53800,68.00
2003-11-04,6.57,6.94,6.40,6.61,95700,66.10
2003-11-03,6.39,6.73,6.34,6.58,45700,65.80
2003-10-31,6.40,6.40,6.11,6.32,19500,63.20
2003-10-30,6.54,6.59,6.09,6.26,36000,62.60
2003-10-29,6.40,6.60,6.23,6.58,29200,65.80
2003-10-28,6.05,6.38,6.05,6.27,28300,62.70
2003-10-27,6.06,6.11,5.95,6.09,42300,60.90
2003-10-24,5.86,6.07,5.85,5.91,23300,59.10
2003-10-23,6.10,6.15,5.85,5.95,72000,59.50
2003-10-22,6.70,6.88,6.25,6.36,60300,63.60
2003-10-21,6.63,6.70,6.47,6.68,30100,66.80
2003-10-20,6.32,6.66,6.32,6.63,42400,66.30
2003-10-17,6.72,6.72,6.41,6.45,50300,64.50
2003-10-16,7.09,7.21,6.63,6.69,79200,66.90
2003-10-15,7.24,7.50,6.81,7.06,97300,70.60
2003-10-14,6.95,7.16,6.65,6.99,70000,69.90
2003-10-13,6.48,6.84,6.38,6.77,75900,67.70
2003-10-10,6.66,6.66,6.32,6.39,25100,63.90
2003-10-09,6.51,6.72,6.32,6.55,76000,65.50
2003-10-08,6.36,6.51,6.21,6.35,43800,63.50
2003-10-07,6.18,6.75,6.05,6.39,156400,63.90
2003-10-06,6.01,6.36,6.00,6.14,69800,61.40
2003-10-03,6.39,6.39,5.77,5.98,77500,59.80
2003-10-02,5.56,6.10,5.50,6.02,117400,60.20
2003-10-01,5.20,5.38,5.12,5.31,22500,53.10
2003-09-30,5.40,5.45,5.11,5.13,30400,51.30
2003-09-29,5.39,5.56,5.20,5.38,37800,53.80
2003-09-26,5.59,5.59,5.18,5.18,54600,51.80
2003-09-25,6.39,6.39,5.44,5.47,123900,54.70
2003-09-24,6.20,6.58,6.11,6.40,208100,64.00
2003-09-23,5.50,6.12,5.50,5.94,167700,59.40
2003-09-22,5.14,5.56,5.02,5.41,116500,54.10
2003-09-19,5.26,5.29,5.07,5.27,39200,52.70
2003-09-18,4.94,5.30,4.94,5.30,76700,53.00
2003-09-17,4.95,5.08,4.90,4.95,33800,49.50
2003-09-16,4.95,5.06,4.91,4.97,20500,49.70
2003-09-15,5.11,5.12,4.90,4.91,30600,49.10
2003-09-12,5.07,5.07,4.86,4.99,13800,49.90
2003-09-11,4.85,5.08,4.85,5.05,24200,50.50
2003-09-10,5.14,5.17,4.85,4.86,42900,48.60
2003-09-09,5.06,5.19,5.06,5.18,49700,51.80
2003-09-08,5.16,5.20,5.02,5.09,41200,50.90
2003-09-05,5.09,5.19,5.02,5.15,23500,51.50
2003-09-04,5.11,5.13,4.93,5.13,31400,51.30
2003-09-03,5.12,5.15,5.06,5.13,28600,51.30
2003-09-02,5.14,5.25,5.05,5.06,29800,50.60
2003-08-29,5.10,5.24,5.08,5.11,39700,51.10
2003-08-28,5.16,5.29,5.05,5.15,53800,51.50
2003-08-27,5.21,5.21,5.00,5.18,28000,51.80
2003-08-26,5.33,5.36,4.98,5.13,66600,51.30
2003-08-25,5.13,5.49,5.05,5.28,45500,52.80
2003-08-22,5.45,5.46,5.01,5.13,72800,51.30
2003-08-21,4.86,5.45,4.81,5.44,237800,54.40
2003-08-20,4.64,4.82,4.58,4.67,75600,46.70
2003-08-19,4.80,5.00,4.55,4.82,133500,48.20
2003-08-18,5.31,5.68,4.96,5.00,544600,50.00
2003-08-15,4.60,5.21,4.54,5.16,486200,51.60
2003-08-14,4.17,4.24,4.06,4.18,6800,41.80
2003-08-13,4.12,4.24,4.09,4.12,9800,41.20
2003-08-12,4.07,4.14,4.05,4.10,9300,41.00
2003-08-11,4.28,4.30,4.00,4.06,11700,40.60
2003-08-08,4.05,4.22,3.97,4.20,34400,42.00
2003-08-07,4.18,4.18,3.85,3.95,26000,39.50
2003-08-06,4.23,4.28,4.09,4.09,16500,40.90
2003-08-05,4.30,4.40,4.21,4.21,10600,42.10
2003-08-04,4.41,4.50,4.19,4.35,12500,43.50
2003-08-01,4.40,4.53,4.31,4.41,10000,44.10
2003-07-31,4.45,4.59,4.37,4.41,19500,44.10
2003-07-30,4.77,4.86,4.55,4.57,24600,45.70
2003-07-29,4.55,4.68,4.54,4.55,6000,45.50
2003-07-28,4.51,4.65,4.42,4.65,14200,46.50
2003-07-25,4.49,4.58,4.31,4.49,10300,44.90
2003-07-24,4.60,4.63,4.36,4.56,16100,45.60
2003-07-23,4.60,4.60,4.46,4.57,11300,45.70
2003-07-22,4.43,4.54,4.35,4.53,11600,45.30
2003-07-21,4.51,4.61,4.34,4.46,20400,44.60
2003-07-18,4.76,4.90,4.19,4.65,55100,46.50
2003-07-17,4.75,4.76,4.62,4.76,12900,47.60
2003-07-16,4.75,4.87,4.70,4.79,8200,47.90
2003-07-15,4.86,4.94,4.71,4.89,24100,48.90
2003-07-14,5.02,5.12,4.91,4.96,11500,49.60
2003-07-11,4.95,5.09,4.90,5.02,11100,50.20
2003-07-10,4.99,5.05,4.88,4.95,14700,49.50
2003-07-09,5.07,5.10,4.92,5.00,19100,50.00
2003-07-08,4.89,5.07,4.76,5.06,29300,50.60
2003-07-07,4.67,4.90,4.44,4.85,20200,48.50
2003-07-03,4.59,4.68,4.50,4.56,18400,45.60
2003-07-02,4.72,4.72,4.55,4.58,17500,45.80
2003-07-01,4.70,4.70,4.36,4.58,32500,45.80
2003-06-30,4.84,4.89,4.50,4.67,40800,46.70
2003-06-27,4.85,5.00,4.77,4.80,20000,48.00
2003-06-26,4.81,4.92,4.74,4.85,14300,48.50
2003-06-25,4.87,5.00,4.80,4.81,17300,48.10
2003-06-24,4.95,5.00,4.75,4.83,32700,48.30
2003-06-23,5.10,5.14,4.93,4.97,33800,49.70
2003-06-20,5.15,5.21,5.07,5.08,34300,50.80
2003-06-19,5.09,5.25,5.08,5.08,15600,50.80
2003-06-18,5.20,5.30,5.07,5.14,19200,51.40
2003-06-17,5.30,5.37,5.15,5.26,36200,52.60
2003-06-16,5.24,5.28,5.12,5.22,21400,52.20
2003-06-13,5.29,5.32,5.01,5.11,33000,51.10
2003-06-12,5.37,5.39,5.22,5.30,21400,53.00
2003-06-11,5.46,5.47,5.26,5.36,18500,53.60
2003-06-10,5.33,5.49,5.30,5.45,13400,54.50
2003-06-09,5.40,5.65,5.31,5.32,24800,53.20
2003-06-06,5.63,5.71,5.50,5.54,23800,55.40
2003-06-05,5.60,5.68,5.50,5.59,15600,55.90
2003-06-04,5.48,5.70,5.46,5.60,42600,56.00
2003-06-03,5.26,5.46,5.22,5.45,22100,54.50
2003-06-02,5.40,5.45,5.28,5.34,26600,53.40
2003-05-30,5.38,5.50,5.27,5.43,28000,54.30
2003-05-29,5.46,5.52,5.25,5.39,48800,53.90
2003-05-28,5.43,5.50,5.21,5.44,40200,54.40
2003-05-27,5.05,5.40,5.03,5.29,93700,52.90
2003-05-23,5.04,5.13,5.00,5.08,24600,50.80
2003-05-22,5.07,5.17,4.95,5.02,35700,50.20
2003-05-21,5.12,5.20,5.02,5.02,18200,50.20
2003-05-20,5.28,5.43,5.08,5.12,28200,51.20
2003-05-19,5.25,5.64,5.25,5.26,31000,52.60
2003-05-16,5.23,5.66,5.21,5.39,44100,53.90
2003-05-15,5.75,5.94,5.35,5.43,89100,54.30
2003-05-14,5.10,6.18,5.00,5.92,170100,59.20
2003-05-13,5.06,5.14,5.00,5.05,22200,50.50
2003-05-12,5.12,5.14,5.05,5.09,19800,50.90
2003-05-09,5.29,5.37,5.03,5.09,42300,50.90
2003-05-08,5.15,5.29,5.01,5.29,23800,52.90
2003-05-07,5.10,5.15,5.03,5.13,28200,51.30
2003-05-06,5.01,5.14,5.00,5.09,26400,50.90
2003-05-05,5.08,5.14,5.01,5.01,32200,50.10
2003-05-02,5.00,5.13,4.89,5.09,51400,50.90
2003-05-01,5.06,5.13,4.95,5.01,27400,50.10
2003-04-30,5.17,5.18,5.02,5.07,29500,50.70
2003-04-29,5.29,5.31,5.03,5.13,16500,51.30
2003-04-28,5.18,5.25,5.11,5.19,13500,51.90
2003-04-25,5.47,5.48,5.02,5.08,23500,50.80
2003-04-24,5.02,5.19,5.00,5.05,24700,50.50
2003-04-23,4.98,5.00,4.92,4.98,14700,49.80
2003-04-22,4.87,4.97,4.84,4.96,11600,49.60
2003-04-21,4.90,4.95,4.85,4.85,11800,48.50
2003-04-17,4.99,4.99,4.89,4.90,8500,49.00
2003-04-16,4.93,4.99,4.86,4.89,14600,48.90
2003-04-15,4.98,5.04,4.85,4.94,12100,49.40
2003-04-14,4.91,5.00,4.87,4.96,7600,49.60
2003-04-11,5.04,5.04,4.85,4.91,6100,49.10
2003-04-10,5.10,5.10,4.90,4.99,6600,49.90
2003-04-09,5.10,5.11,4.94,5.04,6400,50.40
2003-04-08,4.92,5.17,4.92,5.09,8000,50.90
2003-04-07,5.00,5.10,4.95,5.01,13300,50.10
2003-04-04,5.02,5.08,4.85,4.88,12200,48.80
2003-04-03,5.12,5.15,4.92,4.93,16200,49.30
2003-04-02,5.02,5.15,4.98,5.10,14100,51.00
2003-04-01,5.06,5.15,4.83,4.87,14200,48.70
2003-03-31,4.85,5.10,4.81,5.06,22900,50.60
2003-03-28,5.19,5.19,4.95,4.95,10600,49.50
2003-03-27,5.05,5.21,5.02,5.15,6900,51.50
2003-03-26,5.20,5.29,5.06,5.17,13800,51.70
2003-03-25,5.02,5.29,4.98,5.29,14000,52.90
2003-03-24,5.05,5.05,4.90,5.00,21200,50.00
2003-03-21,5.13,5.18,4.99,5.03,26000,50.30
2003-03-20,5.10,5.20,5.00,5.06,10900,50.60
2003-03-19,5.18,5.28,5.01,5.10,23600,51.00
2003-03-18,4.97,5.17,4.90,5.12,19900,51.20
2003-03-17,4.78,5.15,4.75,4.89,28000,48.90
2003-03-14,5.05,5.06,4.95,4.95,13900,49.50
2003-03-13,5.02,5.10,5.00,5.03,20800,50.30
2003-03-12,5.04,5.04,4.97,5.00,11500,50.00
2003-03-11,5.02,5.14,5.00,5.04,12200,50.40
2003-03-10,5.01,5.14,5.01,5.09,13900,50.90
2003-03-07,5.00,5.18,5.00,5.11,21800,51.10
2003-03-06,5.16,5.17,4.94,5.00,16100,50.00
2003-03-05,5.20,5.21,5.05,5.06,15700,50.60
2003-03-04,5.41,5.41,5.16,5.16,9000,51.60
2003-03-03,5.47,5.50,5.23,5.38,15400,53.80
2003-02-28,5.45,5.60,5.33,5.35,11800,53.50
2003-02-27,5.31,5.50,5.25,5.45,30100,54.50
2003-02-26,5.55,5.56,5.27,5.30,46900,53.00
2003-02-25,5.45,5.75,5.45,5.71,33300,57.10
2003-02-24,5.55,5.60,5.42,5.47,24300,54.70
2003-02-21,5.32,5.40,5.29,5.40,10800,54.00
2003-02-20,5.42,5.49,5.30,5.36,11200,53.60
2003-02-19,5.30,5.45,5.24,5.39,24100,53.90
2003-02-18,5.17,5.26,5.11,5.15,20300,51.50
2003-02-14,5.01,5.16,4.97,5.10,15700,51.00
2003-02-13,5.22,5.26,4.94,4.99,21900,49.90
2003-02-12,5.07,5.24,4.92,5.19,14300,51.90
2003-02-11,5.20,5.45,5.02,5.13,45300,51.30
2003-02-10,5.07,5.15,4.91,5.03,28500,50.30
2003-02-07,5.45,5.45,5.05,5.05,51600,50.50
2003-02-06,4.81,5.85,4.81,5.23,201200,52.30
2003-02-05,4.85,4.85,4.68,4.80,17600,48.00
2003-02-04,4.86,4.90,4.60,4.72,32100,47.20
2003-02-03,5.14,5.19,4.82,5.03,36700,50.30
2003-01-31,5.15,5.23,4.98,5.13,45700,51.30
2003-01-30,5.26,5.45,5.00,5.21,98600,52.10
2003-01-29,6.31,6.34,5.27,5.29,581600,52.90
2003-01-28,4.22,5.59,4.20,5.39,166500,53.90
2003-01-27,4.18,4.19,4.04,4.05,11900,40.50
2003-01-24,4.54,4.54,4.27,4.27,10100,42.70
2003-01-23,4.11,4.65,4.11,4.41,19500,44.10
2003-01-22,4.23,4.25,4.06,4.16,15800,41.60
2003-01-21,4.50,4.59,4.20,4.20,12900,42.00
2003-01-17,4.50,4.55,4.32,4.44,16600,44.40
2003-01-16,4.73,4.85,4.58,4.58,9200,45.80
2003-01-15,4.85,4.95,4.68,4.78,10100,47.80
2003-01-14,4.76,4.91,4.71,4.89,9800,48.90
2003-01-13,5.00,5.11,4.75,4.80,14500,48.00
2003-01-10,5.20,5.20,4.95,5.01,13000,50.10
2003-01-09,5.01,5.24,5.00,5.19,12000,51.90
2003-01-08,5.18,5.21,5.00,5.05,8000,50.50
2003-01-07,5.12,5.21,5.10,5.15,11300,51.50
2003-01-06,4.86,5.20,4.76,5.10,18200,51.00
2003-01-03,4.67,4.89,4.67,4.80,9400,48.00
2003-01-02,4.61,4.74,4.51,4.73,15800,47.30
2002-12-31,4.43,4.58,4.26,4.49,20400,44.90
2002-12-30,4.56,4.60,4.27,4.53,27300,45.30
2002-12-27,4.68,4.91,4.51,4.61,15300,46.10
2002-12-26,4.97,5.15,4.67,4.73,13300,47.30
2002-12-24,5.00,5.15,4.90,5.00,6200,50.00
2002-12-23,4.95,5.24,4.95,5.04,16600,50.40
2002-12-20,5.05,5.11,4.94,5.00,13400,50.00
2002-12-19,5.18,5.20,5.00,5.07,12800,50.70
2002-12-18,5.46,5.55,5.18,5.18,10700,51.80
2002-12-17,5.69,5.70,5.46,5.53,9400,55.30
2002-12-16,5.55,5.70,5.51,5.67,13400,56.70
2002-12-13,5.49,5.67,5.49,5.51,6700,55.10
2002-12-12,5.65,5.73,5.51,5.58,7200,55.80
2002-12-11,5.69,5.71,5.55,5.69,7300,56.90
2002-12-10,5.30,5.75,5.30,5.70,16900,57.00
2002-12-09,5.65,5.70,5.27,5.28,15000,52.80
2002-12-06,5.50,5.70,5.35,5.69,18100,56.90
2002-12-05,5.60,5.71,5.54,5.62,19800,56.20
2002-12-04,5.95,5.96,5.50,5.55,32400,55.50
2002-12-03,6.65,6.68,5.90,5.95,27800,59.50
2002-12-02,7.05,7.18,6.44,6.50,25400,65.00
2002-11-29,6.99,7.30,6.87,7.01,12600,70.10
2002-11-27,6.61,7.02,6.58,6.98,23700,69.80
2002-11-26,6.33,6.78,6.25,6.59,39100,65.90
2002-11-25,6.08,6.47,5.90,6.40,28000,64.00
2002-11-22,5.94,6.18,5.71,5.97,15700,59.70
2002-11-21,5.62,5.94,5.62,5.83,24200,58.30
2002-11-20,5.30,5.75,5.25,5.61,16800,56.10
2002-11-19,5.40,5.49,5.30,5.32,8600,53.20
2002-11-18,5.34,5.49,5.25,5.36,10200,53.60
2002-11-15,5.34,5.35,5.14,5.29,8300,52.90
2002-11-14,5.38,5.54,5.27,5.40,13400,54.00
2002-11-13,5.20,5.35,5.11,5.35,16700,53.50
2002-11-12,5.44,5.45,5.05,5.11,21700,51.10
2002-11-11,5.67,5.68,5.50,5.50,7000,55.00
2002-11-08,5.53,5.74,5.50,5.68,7200,56.80
2002-11-07,5.99,6.03,5.53,5.53,13100,55.30
2002-11-06,5.99,6.05,5.86,6.05,12100,60.50
2002-11-05,6.07,6.07,5.74,5.99,12200,59.90
2002-11-04,6.05,6.15,5.94,6.07,21100,60.70
2002-11-01,6.28,6.28,5.89,6.00,19600,60.00
2002-10-31,6.80,6.82,6.13,6.28,20800,62.80
2002-10-30,6.67,6.78,6.42,6.75,26000,67.50
2002-10-29,5.60,6.61,5.57,6.48,25900,64.80
2002-10-28,5.22,5.67,5.21,5.51,15500,55.10
2002-10-25,5.41,5.46,5.18,5.27,10700,52.70
2002-10-24,5.34,5.62,5.31,5.41,17200,54.10
2002-10-23,5.19,5.34,4.92,5.34,11800,53.40
2002-10-22,5.39,5.43,5.13,5.16,13700,51.60
2002-10-21,5.25,5.45,5.15,5.38,11200,53.80
2002-10-18,5.39,5.39,5.15,5.25,20200,52.50
2002-10-17,4.98,5.40,4.98,5.29,30700,52.90
2002-10-16,4.69,4.81,4.38,4.67,16400,46.70
2002-10-15,4.55,5.05,4.55,4.97,18800,49.70
2002-10-14,4.16,4.46,4.11,4.45,11900,44.50
2002-10-11,4.11,4.34,4.11,4.22,15300,42.20
2002-10-10,3.48,4.11,3.48,4.00,22500,40.00
2002-10-09,3.45,3.70,3.40,3.47,17400,34.70
2002-10-08,3.60,3.87,3.39,3.45,24500,34.50
2002-10-07,4.30,4.30,3.44,3.44,18700,34.40
2002-10-04,4.71,4.78,4.11,4.17,24100,41.70
2002-10-03,4.71,4.81,4.68,4.75,5700,47.50
2002-10-02,4.78,4.89,4.70,4.78,10200,47.80
2002-10-01,4.90,4.93,4.62,4.79,18200,47.90
2002-09-30,5.20,5.21,4.75,4.78,15400,47.80
2002-09-27,5.29,5.32,5.02,5.21,9100,52.10
2002-09-26,5.29,5.37,5.13,5.27,11200,52.70
2002-09-25,5.08,5.39,5.00,5.24,14100,52.40
2002-09-24,5.09,5.25,5.00,5.00,11500,50.00
2002-09-23,5.33,5.46,5.10,5.17,7400,51.70
2002-09-20,5.52,5.64,5.15,5.40,21400,54.00
2002-09-19,5.65,5.76,5.54,5.56,7000,55.60
2002-09-18,5.82,6.00,5.61,5.69,6900,56.90
2002-09-17,6.08,6.23,5.83,5.83,9000,58.30
2002-09-16,6.21,6.23,6.11,6.13,9200,61.30
2002-09-13,6.13,6.24,6.04,6.22,12400,62.20
2002-09-12,6.08,6.19,6.00,6.11,8800,61.10
2002-09-11,5.91,6.30,5.91,6.10,15600,61.00
2002-09-10,5.76,6.09,5.63,5.91,11800,59.10
2002-09-09,5.85,5.91,5.50,5.62,11000,56.20
2002-09-06,5.87,5.97,5.70,5.80,11600,58.00
2002-09-05,5.93,5.93,5.73,5.80,8400,58.00
2002-09-04,5.83,5.97,5.73,5.90,8100,59.00
2002-09-03,5.89,5.94,5.70,5.84,11400,58.40
2002-08-30,5.95,6.82,5.85,5.88,28300,58.80
2002-08-29,5.88,5.88,5.75,5.83,7500,58.30
2002-08-28,5.87,5.92,5.66,5.75,9300,57.50
2002-08-27,6.12,6.12,5.84,5.90,7400,59.00
2002-08-26,6.19,6.19,5.81,6.10,10900,61.00
2002-08-23,6.19,6.19,5.96,6.01,9000,60.10
2002-08-22,6.07,6.27,5.99,6.18,13900,61.80
2002-08-21,6.00,6.19,5.69,6.00,18600,60.00
2002-08-20,6.12,6.15,5.90,6.13,8000,61.30
2002-08-19,6.05,6.20,6.00,6.15,12800,61.50
2002-08-16,6.24,6.24,6.05,6.10,4800,61.00
2002-08-15,6.25,6.35,6.05,6.13,10100,61.30
2002-08-14,5.93,6.30,5.85,6.25,11200,62.50
2002-08-13,5.88,6.43,5.68,5.92,27400,59.20
2002-08-12,5.40,6.00,5.35,5.84,16500,58.40
2002-08-09,5.16,5.45,5.02,5.37,12400,53.70
2002-08-08,5.24,5.35,5.05,5.16,10600,51.60
2002-08-07,5.85,5.85,4.85,5.21,16200,52.10
2002-08-06,4.85,5.12,4.62,4.95,21000,49.50
2002-08-05,4.88,5.09,4.62,4.62,9700,46.20
2002-08-02,5.39,5.39,4.75,4.76,19700,47.60
2002-08-01,5.39,5.50,5.20,5.36,7900,53.60
2002-07-31,5.51,5.75,5.40,5.51,11600,55.10
2002-07-30,5.85,5.86,5.46,5.51,22400,55.10
2002-07-29,5.33,5.88,5.27,5.58,31000,55.80
2002-07-26,5.25,5.25,5.02,5.14,11800,51.40
2002-07-25,5.00,5.50,5.00,5.02,26900,50.20
2002-07-24,4.80,5.21,4.04,5.00,45100,50.00
2002-07-23,5.51,5.79,4.79,4.84,41200,48.40
2002-07-22,6.08,6.30,5.24,5.48,38800,54.80
2002-07-19,6.50,6.56,6.01,6.15,21100,61.50
2002-07-18,6.55,6.60,6.50,6.51,7300,65.10
2002-07-17,6.80,6.85,6.51,6.69,10400,66.90
2002-07-16,6.55,6.82,6.51,6.58,13500,65.80
2002-07-15,6.68,6.81,6.51,6.64,17800,66.40
2002-07-12,7.04,7.25,6.85,6.91,13900,69.10
2002-07-11,7.16,7.23,6.75,7.00,19200,70.00
2002-07-10,7.26,7.55,6.95,7.13,12000,71.30
2002-07-09,7.43,7.80,7.24,7.34,7800,73.40
2002-07-08,7.55,8.00,7.46,7.46,16800,74.60
2002-07-05,7.05,7.66,7.05,7.50,15100,75.00
2002-07-03,7.10,7.20,6.58,7.01,19700,70.10
2002-07-02,7.50,7.59,7.07,7.53,14700,75.30
2002-07-01,8.00,8.00,7.45,7.52,10900,75.20
2002-06-28,7.61,8.25,7.41,7.91,66900,79.10
2002-06-27,7.19,7.60,7.14,7.60,16400,76.00
2002-06-26,7.04,7.14,6.61,7.14,20100,71.40
2002-06-25,7.25,7.39,7.06,7.08,17400,70.80
2002-06-24,7.74,7.75,7.01,7.07,24500,70.70
2002-06-21,7.77,7.90,7.51,7.51,14400,75.10
2002-06-20,7.75,7.95,7.50,7.74,19800,77.40
2002-06-19,7.55,7.69,7.27,7.56,17700,75.60
2002-06-18,7.04,7.74,7.00,7.52,20900,75.20
2002-06-17,7.23,7.40,6.92,6.92,16300,69.20
2002-06-14,7.01,7.16,6.70,7.00,17200,70.00
2002-06-13,7.00,7.20,6.95,7.00,10100,70.00
2002-06-12,6.97,7.24,6.80,6.99,17400,69.90
2002-06-11,7.61,7.88,6.93,6.99,17600,69.90
2002-06-10,7.68,7.85,7.50,7.50,10700,75.00
2002-06-07,7.15,7.77,6.84,7.62,22800,76.20
2002-06-06,7.65,7.85,7.13,7.13,35200,71.30
2002-06-05,8.40,8.70,7.34,7.50,49700,75.00
2002-06-04,8.60,8.67,8.10,8.40,14700,84.00
2002-06-03,8.67,8.87,8.50,8.61,11800,86.10
2002-05-31,8.70,9.00,8.57,8.65,12500,86.50
2002-05-30,9.17,9.17,8.54,8.66,24200,86.60
2002-05-29,9.26,9.27,9.06,9.06,8700,90.60
2002-05-28,9.20,9.78,9.10,9.27,14800,92.70
2002-05-24,9.26,9.42,9.12,9.16,13300,91.60
2002-05-23,9.27,9.48,9.26,9.37,12600,93.70
2002-05-22,9.70,9.70,9.15,9.26,25200,92.60
2002-05-21,10.20,10.39,9.67,9.70,13300,97.00
2002-05-20,10.48,10.55,10.12,10.16,7700,101.60
2002-05-17,10.20,10.55,10.20,10.55,11500,105.50
2002-05-16,10.32,10.55,10.00,10.23,13200,102.30
2002-05-15,10.64,10.70,10.43,10.44,13300,104.40
2002-05-14,11.06,11.16,10.45,10.63,30900,106.30
2002-05-13,9.62,10.10,9.50,10.05,17100,100.50
2002-05-10,9.93,9.99,9.51,9.60,15400,96.00
2002-05-09,9.85,10.00,9.45,9.77,18300,97.70
2002-05-08,9.66,10.12,9.60,10.10,25600,101.00
2002-05-07,10.26,10.35,9.40,9.49,31600,94.90
2002-05-06,10.31,10.50,10.23,10.23,17500,102.30
2002-05-03,10.80,10.90,10.20,10.54,12500,105.40
2002-05-02,10.76,11.28,10.75,10.80,19200,108.00
2002-05-01,10.55,11.20,10.54,10.63,35800,106.30
2002-04-30,10.23,10.75,10.23,10.46,35100,104.60
2002-04-29,11.16,11.25,10.15,10.18,39200,101.80
2002-04-26,12.19,12.20,11.02,11.10,26900,111.00
2002-04-25,11.95,12.31,11.26,12.00,44700,120.00
2002-04-24,11.80,12.58,11.51,11.94,109300,119.40
2002-04-23,11.51,11.95,11.36,11.84,76800,118.40
2002-04-22,10.81,11.86,10.60,11.69,50000,116.90
2002-04-19,10.80,10.95,10.60,10.83,15000,108.30
2002-04-18,11.17,11.27,10.60,10.60,19700,106.00
2002-04-17,10.99,11.45,10.66,11.17,41900,111.70
2002-04-16,10.12,11.20,10.08,10.87,46200,108.70
2002-04-15,10.31,10.45,10.10,10.10,11900,101.00
2002-04-12,10.20,10.41,10.20,10.26,12500,102.60
2002-04-11,10.75,10.75,10.14,10.30,16000,103.00
2002-04-10,10.75,10.79,10.45,10.56,38400,105.60
2002-04-09,10.74,10.78,10.34,10.78,19500,107.80
2002-04-08,10.50,10.95,10.25,10.63,28200,106.30
2002-04-05,10.60,10.85,10.10,10.23,21800,102.30
2002-04-04,10.70,10.94,10.52,10.60,16200,106.00
2002-04-03,11.46,11.47,10.50,10.83,44600,108.30
2002-04-02,10.11,11.58,10.07,11.10,114700,111.00
2002-04-01,10.25,10.37,10.10,10.18,10700,101.80
2002-03-28,10.61,10.89,10.20,10.37,21100,103.70
2002-03-27,9.95,10.95,9.90,10.78,37100,107.80
2002-03-26,9.95,10.20,9.95,10.01,12600,100.10
2002-03-25,10.13,10.16,9.90,9.99,8300,99.90
2002-03-22,10.19,10.49,10.05,10.13,14100,101.30
2002-03-21,10.34,10.49,9.90,10.08,20300,100.80
2002-03-20,10.24,10.72,10.15,10.24,14800,102.40
2002-03-19,10.16,10.89,10.11,10.39,36600,103.90
2002-03-18,10.05,10.24,9.95,10.11,10700,101.10
2002-03-15,10.21,10.45,9.95,9.95,11100,99.50
2002-03-14,10.36,10.50,10.16,10.17,13200,101.70
2002-03-13,10.00,10.95,9.89,10.39,49000,103.90
2002-03-12,9.78,10.10,9.75,10.03,15500,100.30
2002-03-11,9.90,10.10,9.76,9.79,10900,97.90
2002-03-08,10.10,10.30,9.80,10.04,21400,100.40
2002-03-07,9.46,10.10,9.36,9.84,36100,98.40
2002-03-06,9.20,9.59,9.19,9.43,12500,94.30
2002-03-05,9.31,9.75,9.11,9.37,23000,93.70
2002-03-04,8.95,9.69,8.80,9.47,90100,94.70
2002-03-01,8.69,9.00,8.55,8.81,11200,88.10
2002-02-28,8.85,8.85,8.53,8.66,11100,86.60
2002-02-27,8.89,8.92,8.70,8.85,19700,88.50
2002-02-26,9.00,9.38,8.74,8.76,39200,87.60
2002-02-25,8.54,9.26,8.50,8.60,30400,86.00
2002-02-22,9.13,9.18,8.35,8.62,28000,86.20
2002-02-21,8.46,9.70,8.41,9.11,44900,91.10
2002-02-20,8.70,9.00,8.26,8.46,18700,84.60
2002-02-19,8.90,9.15,8.50,8.71,21900,87.10
2002-02-15,8.95,9.10,8.75,8.87,14100,88.70
2002-02-14,9.69,10.10,8.87,8.91,37200,89.10
2002-02-13,9.26,10.23,8.80,9.80,38900,98.00
2002-02-12,8.90,9.40,8.80,9.13,23400,91.30
2002-02-11,8.99,9.22,8.76,8.95,21700,89.50
2002-02-08,8.99,9.10,8.50,8.65,31000,86.50
2002-02-07,9.00,9.30,8.75,8.85,32900,88.50
2002-02-06,9.55,9.84,8.89,9.00,41200,90.00
2002-02-05,9.93,10.13,9.20,9.43,51400,94.30
2002-02-04,10.98,11.40,9.84,9.98,101600,99.80
2002-02-01,9.90,11.53,9.45,11.20,125100,112.00
2002-01-31,9.66,9.97,9.40,9.81,24700,98.10
2002-01-30,9.69,9.90,9.20,9.62,42900,96.20
2002-01-29,9.66,10.21,9.50,9.77,47700,97.70
2002-01-28,10.14,10.15,9.61,9.66,29500,96.60
2002-01-25,10.49,10.49,9.92,9.95,35100,99.50
2002-01-24,10.12,10.78,10.00,10.27,62200,102.70
2002-01-23,10.17,10.53,9.93,10.06,39000,100.60
2002-01-22,9.89,10.15,9.70,9.96,52300,99.60
2002-01-18,9.90,10.10,9.54,9.73,48800,97.30
2002-01-17,9.65,10.18,9.61,10.10,76600,101.00
2002-01-16,9.22,9.86,9.00,9.60,59800,96.00
2002-01-15,9.73,9.83,9.05,9.26,51400,92.60
2002-01-14,10.20,10.70,9.51,9.65,68800,96.50
2002-01-11,9.95,10.80,9.90,10.58,71700,105.80
2002-01-10,10.63,10.70,9.97,10.06,104800,100.60
2002-01-09,12.66,13.10,10.40,10.50,737200,105.00
2002-01-08,8.79,12.04,8.62,12.04,386000,120.40
2002-01-07,8.90,9.00,8.62,8.66,29800,86.60
2002-01-04,9.24,9.29,8.65,8.99,28600,89.90
2002-01-03,8.70,9.31,8.70,9.07,46800,90.70
2002-01-02,8.83,8.85,8.50,8.60,10800,86.00
2001-12-31,8.70,9.05,8.50,8.74,32000,87.40
2001-12-28,9.07,9.25,8.56,8.85,37700,88.50
2001-12-27,7.87,9.15,7.85,9.08,50200,90.80
2001-12-26,7.78,8.13,7.75,7.75,20800,77.50
2001-12-24,7.81,8.06,7.75,7.86,9600,78.60
2001-12-21,8.03,8.13,7.80,7.85,17700,78.50
2001-12-20,8.05,8.15,7.82,7.85,21800,78.50
2001-12-19,7.96,8.20,7.80,8.10,25500,81.00
2001-12-18,7.55,8.27,7.53,8.23,26200,82.30
2001-12-17,7.66,7.82,7.50,7.55,15200,75.50
2001-12-14,7.87,7.90,7.50,7.61,22300,76.10
2001-12-13,7.76,8.00,7.75,7.87,10400,78.70
2001-12-12,8.00,8.22,7.95,7.98,12800,79.80
2001-12-11,8.15,8.29,7.90,8.00,17300,80.00
2001-12-10,8.15,8.49,8.10,8.20,18600,82.00
2001-12-07,8.37,8.45,8.12,8.24,17500,82.40
2001-12-06,8.70,8.70,8.35,8.47,15800,84.70
2001-12-05,8.25,8.80,8.21,8.49,28300,84.90
2001-12-04,8.40,8.48,8.17,8.27,42600,82.70
2001-12-03,8.66,8.85,8.41,8.41,20400,84.10
2001-11-30,8.57,8.83,8.51,8.65,19300,86.50
2001-11-29,8.40,8.89,8.30,8.75,18200,87.50
2001-11-28,9.13,9.19,8.22,8.50,30900,85.00
2001-11-27,9.08,9.41,9.07,9.10,20100,91.00
2001-11-26,9.20,9.25,8.92,9.05,22700,90.50
2001-11-23,9.25,9.25,9.05,9.24,5000,92.40
2001-11-21,9.45,9.65,9.05,9.08,15700,90.80
2001-11-20,9.45,9.72,9.30,9.33,22200,93.30
2001-11-19,9.80,9.84,9.35,9.37,25200,93.70
2001-11-16,10.15,10.15,9.50,9.65,55300,96.50
2001-11-15,8.26,10.19,8.20,10.02,141000,100.20
2001-11-14,8.61,8.85,8.32,8.53,12900,85.30
2001-11-13,8.56,8.90,8.50,8.53,21500,85.30
2001-11-12,8.52,8.60,8.33,8.49,15000,84.90
2001-11-09,8.63,8.64,8.30,8.32,15300,83.20
2001-11-08,8.59,8.87,8.33,8.36,21500,83.60
2001-11-07,8.28,8.74,8.25,8.40,24400,84.00
2001-11-06,8.75,8.75,8.23,8.25,20500,82.50
2001-11-05,8.61,9.10,8.37,8.55,29200,85.50
2001-11-02,8.47,8.69,8.20,8.20,16500,82.00
2001-11-01,8.60,8.75,8.26,8.30,27100,83.00
2001-10-31,7.91,8.50,7.82,8.30,31400,83.00
2001-10-30,8.10,8.20,7.53,7.57,31400,75.70
2001-10-29,9.20,9.40,7.95,8.20,48800,82.00
2001-10-26,7.46,9.33,7.46,9.30,80000,93.00
2001-10-25,7.40,7.62,7.19,7.53,33400,75.30
2001-10-24,8.02,8.02,7.35,7.66,45800,76.60
2001-10-23,8.10,8.40,7.80,8.03,28400,80.30
2001-10-22,8.03,8.45,8.00,8.04,22500,80.40
2001-10-19,8.13,8.30,7.82,8.01,23700,80.10
2001-10-18,8.90,8.90,7.90,8.38,39800,83.80
2001-10-17,9.30,9.42,8.61,8.79,43500,87.90
2001-10-16,9.05,9.10,8.90,9.02,34900,90.20
2001-10-15,9.50,9.57,8.95,9.04,35800,90.40
2001-10-12,9.80,9.89,9.08,9.35,29100,93.50
2001-10-11,10.04,10.04,9.50,9.50,40400,95.00
2001-10-10,9.54,9.97,8.85,9.25,40900,92.50
2001-10-09,9.18,9.48,8.87,9.09,17900,90.90
2001-10-08,9.60,9.85,9.05,9.34,16600,93.40
2001-10-05,9.51,9.94,8.90,9.79,21800,97.90
2001-10-04,10.28,10.31,9.30,9.56,41400,95.60
2001-10-03,9.90,10.50,9.83,10.00,33000,100.00
2001-10-02,9.63,10.70,9.62,9.76,38600,97.60
2001-10-01,9.68,9.78,9.35,9.50,14300,95.00
2001-09-28,9.80,9.99,9.05,9.62,29700,96.20
2001-09-27,9.90,9.90,8.75,9.78,47000,97.80
2001-09-26,10.24,10.32,9.50,9.99,41900,99.90
2001-09-25,10.50,11.40,9.92,10.18,118300,101.80
2001-09-24,9.20,10.09,8.94,9.92,103300,99.20
2001-09-21,6.80,8.22,6.01,7.73,81300,77.30
2001-09-20,7.19,7.50,6.55,6.70,49100,67.00
2001-09-19,9.16,9.16,7.10,7.64,61400,76.40
2001-09-18,9.50,9.50,8.75,8.90,20300,89.00
2001-09-17,9.65,9.79,8.91,9.08,37800,90.80
2001-09-10,9.02,9.90,8.30,9.78,90500,97.80
2001-09-07,9.11,9.32,8.75,9.11,26400,91.10
2001-09-06,9.50,9.51,9.03,9.12,20700,91.20
2001-09-05,9.93,10.16,9.10,9.36,21800,93.60
2001-09-04,10.02,10.90,9.63,9.70,33800,97.00
2001-08-31,9.63,10.10,9.46,9.97,28400,99.70
2001-08-30,10.20,10.42,9.25,9.46,42500,94.60
2001-08-29,10.40,10.75,10.00,10.00,24600,100.00
2001-08-28,10.80,10.80,10.10,10.12,14800,101.20
2001-08-27,10.58,11.08,10.50,10.94,22200,109.40
2001-08-24,10.36,10.80,10.35,10.55,21600,105.50
2001-08-23,10.59,10.80,10.22,10.22,19200,102.20
2001-08-22,10.80,10.90,10.38,10.38,24700,103.80
2001-08-21,10.34,10.93,10.05,10.32,31200,103.20
2001-08-20,10.76,10.85,9.88,10.35,41700,103.50
2001-08-17,11.00,11.15,10.75,10.88,21700,108.80
2001-08-16,11.50,11.55,10.65,11.20,44300,112.00
2001-08-15,12.01,12.10,11.50,11.68,29900,116.80
2001-08-14,12.04,12.24,12.00,12.01,26500,120.10
2001-08-13,12.40,12.42,11.75,11.90,44500,119.00
2001-08-10,12.61,12.70,12.00,12.34,38000,123.40
2001-08-09,13.03,13.04,12.05,12.70,42800,127.00
2001-08-08,13.53,13.74,12.70,12.83,46600,128.30
2001-08-07,13.59,13.95,13.05,13.40,31000,134.00
2001-08-06,13.40,14.00,13.01,13.04,38000,130.40
2001-08-03,13.00,13.47,12.60,13.32,39800,133.20
2001-08-02,13.51,13.60,12.66,12.66,56100,126.60
2001-08-01,12.56,13.35,12.55,13.14,88700,131.40
2001-07-31,12.50,12.88,12.25,12.48,52200,124.80
2001-07-30,12.50,12.55,12.00,12.31,58700,123.10
2001-07-27,12.50,12.55,11.55,11.75,104200,117.50
2001-07-26,12.41,12.60,11.10,11.80,91900,118.00
2001-07-25,12.60,12.70,11.86,12.02,163200,120.20
2001-07-24,12.92,13.17,12.26,12.50,68000,125.00
2001-07-23,12.91,13.14,12.55,12.90,75800,129.00
2001-07-20,13.01,14.06,12.15,12.46,527700,124.60
2001-07-19,16.00,17.15,14.35,14.50,122200,145.00
2001-07-18,16.91,16.92,15.05,15.71,88400,157.10
2001-07-17,17.49,17.59,16.70,17.07,31400,170.70
2001-07-16,18.94,18.99,17.45,17.45,18800,174.50
2001-07-13,18.30,19.45,18.25,18.55,24800,185.50
2001-07-12,18.01,18.89,17.40,18.35,22900,183.50
2001-07-11,18.01,18.25,16.92,17.54,30700,175.40
2001-07-10,19.44,20.24,18.00,18.10,25400,181.00
2001-07-09,19.91,19.91,19.09,19.35,15300,193.50
2001-07-06,20.19,20.35,19.10,20.25,28400,202.50
2001-07-05,20.31,20.92,19.50,20.40,25100,204.00
2001-07-03,21.13,21.20,20.23,20.55,23800,205.50
2001-07-02,21.30,22.27,20.15,21.43,46800,214.30
2001-06-29,21.26,21.53,20.21,21.53,30100,215.30
2001-06-28,22.99,23.10,20.67,21.02,66100,210.20
2001-06-27,21.45,23.89,21.43,21.74,207800,217.40
2001-06-26,17.71,20.70,16.75,20.10,156900,201.00
2001-06-25,18.08,18.44,17.15,17.70,44700,177.00
2001-06-22,20.27,20.36,18.38,18.73,29100,187.30
2001-06-21,18.60,20.17,18.07,19.73,60700,197.30
2001-06-20,17.53,19.14,17.16,18.26,59400,182.60
2001-06-19,20.45,21.27,18.00,18.49,65400,184.90
2001-06-18,22.63,23.74,19.38,19.75,53700,197.50
2001-06-15,22.28,23.27,20.70,22.63,78500,226.30
2001-06-14,25.78,25.78,22.71,22.77,63100,227.70
2001-06-13,25.50,26.90,25.25,25.50,55400,255.00
2001-06-12,27.30,27.90,25.51,25.60,113600,256.00
2001-06-11,26.01,29.50,25.20,28.99,154900,289.90
2001-06-08,30.00,30.00,28.00,28.14,42700,281.40
2001-06-07,29.42,30.36,29.10,29.70,52600,297.00
2001-06-06,29.84,31.57,29.02,29.30,105200,293.00
2001-06-05,30.21,30.21,29.00,29.70,106700,297.00
2001-06-04,33.01,33.01,29.71,30.30,96800,303.00
2001-06-01,35.84,35.99,32.00,32.78,127500,327.80
2001-05-31,30.32,34.50,30.10,33.24,155600,332.40
2001-05-30,31.89,31.89,28.17,28.75,133400,287.50
2001-05-29,36.53,38.00,32.80,33.00,154100,330.00
2001-05-25,34.75,37.35,34.29,35.40,255000,354.00
2001-05-24,29.77,33.80,29.76,33.25,241600,332.50
2001-05-23,30.00,30.00,28.00,28.17,108700,281.70
2001-05-22,31.81,33.21,30.10,30.79,131000,307.90
2001-05-21,33.44,34.92,31.60,31.93,214400,319.30
2001-05-18,29.51,34.00,28.15,32.12,322900,321.20
2001-05-17,24.88,29.78,24.10,29.14,312600,291.40
2001-05-16,22.40,24.80,22.40,24.53,73700,245.30
2001-05-15,22.90,23.27,22.45,22.80,27100,228.00
2001-05-14,22.50,22.85,21.39,22.54,24000,225.40
2001-05-11,22.52,23.05,21.10,21.25,18100,212.50
2001-05-10,23.94,23.94,22.47,22.47,22100,224.70
2001-05-09,21.58,24.00,21.05,22.60,77800,226.00
2001-05-08,22.10,22.35,20.75,21.64,21800,216.40
2001-05-07,21.55,22.50,21.50,21.99,20600,219.90
2001-05-04,20.97,21.79,20.50,21.48,39300,214.80
2001-05-03,23.46,24.14,21.10,21.96,63600,219.60
2001-05-02,24.00,24.50,23.00,24.50,118800,245.00
2001-05-01,20.11,23.00,19.80,22.99,126800,229.90
2001-04-30,19.09,20.20,18.89,20.20,81100,202.00
2001-04-27,19.80,19.96,18.51,18.86,44700,188.60
2001-04-26,18.11,19.50,18.10,19.25,63300,192.50
2001-04-25,18.95,18.99,17.65,18.00,20500,180.00
2001-04-24,18.13,18.99,17.82,18.65,17600,186.50
2001-04-23,18.73,18.88,17.00,17.94,25200,179.40
2001-04-20,18.90,19.62,18.55,18.95,44200,189.50
2001-04-19,19.04,19.20,18.75,18.96,38100,189.60
2001-04-18,19.86,19.95,18.05,18.91,82500,189.10
2001-04-17,20.45,21.50,18.87,18.93,153000,189.30
2001-04-16,15.49,18.89,15.09,18.75,133300,187.50
2001-04-12,14.81,15.00,14.41,14.93,17000,149.30
2001-04-11,15.19,15.50,14.58,14.70,22400,147.00
2001-04-10,14.19,15.25,14.19,14.78,33700,147.80
2001-04-09,13.61,13.75,13.41,13.68,9300,136.80
2001-04-06,13.63,14.44,13.25,13.38,20400,133.75
2001-04-05,13.38,13.88,13.13,13.69,19700,136.88
2001-04-04,13.50,13.80,12.88,12.88,15700,128.75
2001-04-03,13.81,14.00,12.88,13.56,23800,135.63
2001-04-02,14.28,14.38,13.19,14.19,18900,141.88
2001-03-30,14.06,14.75,13.63,14.31,21400,143.13
2001-03-29,14.13,14.38,13.56,14.19,14400,141.88
2001-03-28,14.53,15.00,13.63,14.31,32500,143.13
2001-03-27,14.97,15.06,14.31,15.00,23800,150.00
2001-03-26,14.50,15.00,13.50,14.88,23400,148.75
2001-03-23,14.50,14.75,13.50,14.00,32900,140.00
2001-03-22,14.06,14.13,12.50,14.13,27300,141.25
2001-03-21,15.44,15.50,13.44,14.00,23000,140.00
2001-03-20,15.88,16.31,14.81,14.88,53500,148.75
2001-03-19,13.44,15.00,12.63,14.81,42500,148.13
2001-03-16,13.44,13.44,12.50,13.31,24700,133.13
2001-03-15,13.38,13.69,13.16,13.31,22000,133.13
2001-03-14,13.06,13.56,12.63,12.69,16400,126.88
2001-03-13,13.75,13.75,13.06,13.75,19800,137.50
2001-03-12,13.75,14.13,13.19,13.63,14600,136.25
2001-03-09,14.56,14.56,13.88,14.13,18900,141.25
2001-03-08,14.63,14.94,14.13,14.81,29800,148.13
2001-03-07,14.72,15.00,14.06,14.44,56200,144.38
2001-03-06,15.44,15.50,14.31,14.56,29700,145.63
2001-03-05,14.75,15.38,14.69,15.13,8500,151.25
2001-03-02,14.50,15.31,13.81,15.00,14700,150.00
2001-03-01,15.31,15.88,12.50,15.06,45200,150.63
2001-02-28,16.22,16.25,15.00,15.75,26500,157.50
2001-02-27,17.06,17.44,15.75,16.13,36400,161.25
2001-02-26,17.44,17.81,16.75,17.06,17900,170.63
2001-02-23,17.41,17.50,17.00,17.38,20800,173.75
2001-02-22,17.06,17.63,16.56,17.63,38400,176.25
2001-02-21,17.63,18.44,16.69,17.56,24600,175.63
2001-02-20,19.81,20.25,17.44,17.88,26700,178.75
2001-02-16,19.44,19.75,18.50,19.69,20200,196.88
2001-02-15,19.41,20.50,19.41,20.00,32400,200.00
2001-02-14,19.63,19.88,18.75,19.19,38400,191.88
2001-02-13,20.38,20.38,18.81,19.00,51500,190.00
2001-02-12,19.38,19.63,17.56,18.88,36800,188.75
2001-02-09,22.31,23.00,19.13,20.19,65400,201.88
2001-02-08,23.13,23.56,22.63,22.63,20500,226.25
2001-02-07,24.06,24.31,22.19,22.88,21400,228.75
2001-02-06,24.44,25.50,24.00,24.25,13700,242.50
2001-02-05,25.13,25.19,23.06,24.44,16900,244.38
2001-02-02,26.81,26.81,24.38,25.56,24400,255.63
2001-02-01,26.88,27.34,25.13,26.44,35700,264.38
2001-01-31,27.47,29.00,25.00,26.63,65600,266.25
2001-01-30,24.63,27.50,24.52,27.00,57500,270.00
2001-01-29,25.13,25.25,24.31,24.50,23900,245.00
2001-01-26,23.25,25.50,23.13,25.06,39500,250.63
2001-01-25,25.44,26.50,23.44,23.50,39600,235.00
2001-01-24,25.44,27.38,24.75,25.06,95700,250.63
2001-01-23,25.00,25.06,23.00,24.63,66800,246.25
2001-01-22,25.94,26.75,22.50,24.94,115600,249.38
2001-01-19,31.81,32.25,24.13,24.81,265200,248.13
2001-01-18,28.00,33.00,26.88,31.38,283600,313.75
2001-01-17,25.00,27.31,23.56,27.00,196900,270.00
2001-01-16,20.69,25.25,20.19,22.81,196500,228.13
2001-01-12,18.44,20.13,17.19,19.94,80500,199.38
2001-01-11,14.94,18.44,14.69,17.94,64900,179.38
2001-01-10,14.81,15.25,14.56,15.00,25800,150.00
2001-01-09,15.56,16.25,14.63,15.00,18600,150.00
2001-01-08,15.47,15.88,15.25,15.50,18800,155.00
2001-01-05,17.25,17.31,15.00,15.25,24700,152.50
2001-01-04,15.94,17.25,15.88,17.25,42600,172.50
2001-01-03,15.88,16.25,14.94,16.00,56400,160.00
2001-01-02,15.19,16.63,15.00,15.88,54700,158.75
2000-12-29,16.44,17.63,14.63,14.69,76000,146.88
2000-12-28,12.94,16.56,12.81,15.81,96100,158.13
2000-12-27,11.94,12.88,11.88,12.81,36600,128.13
2000-12-26,11.31,12.75,11.25,11.94,32400,119.38
2000-12-22,10.38,11.63,10.25,11.19,29600,111.88
2000-12-21,9.44,10.50,9.13,10.48,41300,104.84
2000-12-20,10.44,10.44,9.19,9.44,35100,94.38
2000-12-19,10.75,11.50,10.38,10.38,53400,103.75
2000-12-18,12.00,12.00,10.44,10.44,40600,104.38
2000-12-15,11.88,12.06,10.94,11.19,37100,111.88
2000-12-14,12.75,13.00,11.00,11.50,35600,115.00
2000-12-13,13.56,13.69,12.00,12.69,34600,126.88
2000-12-12,14.13,14.13,12.75,13.06,25300,130.63
2000-12-11,14.75,14.88,13.13,14.25,40800,142.50
2000-12-08,14.38,14.81,13.88,14.06,40300,140.63
2000-12-07,14.47,14.88,12.88,13.75,28300,137.50
2000-12-06,13.19,16.00,13.00,14.88,62000,148.75
2000-12-05,13.50,14.19,13.25,13.38,23300,133.75
2000-12-04,13.31,13.75,12.88,12.88,35200,128.75
2000-12-01,12.19,13.44,12.00,13.31,33100,133.13
2000-11-30,13.13,13.25,10.44,11.81,40600,118.13
2000-11-29,14.47,14.50,13.00,13.19,21300,131.88
2000-11-28,15.56,15.63,13.88,14.38,26700,143.75
2000-11-27,17.13,18.00,15.00,15.19,30800,151.88
2000-11-24,15.56,16.94,15.13,16.50,24800,165.00
2000-11-22,16.69,16.75,14.56,14.81,20300,148.13
2000-11-21,16.78,17.00,16.31,16.38,26200,163.75
2000-11-20,17.75,18.00,16.31,16.31,29700,163.13
2000-11-17,19.00,19.56,18.00,18.06,14900,180.63
2000-11-16,20.34,21.19,18.63,19.25,26500,192.50
2000-11-15,21.28,21.92,21.00,21.31,25300,213.13
2000-11-14,21.44,22.00,20.50,21.19,25100,211.88
2000-11-13,20.13,21.00,19.06,20.56,29400,205.63
2000-11-10,22.00,22.63,20.75,21.00,19900,210.00
2000-11-09,22.94,22.94,19.00,22.13,48000,221.25
2000-11-08,21.63,25.25,21.63,23.44,100900,234.38
2000-11-07,21.97,22.13,21.25,21.56,39100,215.63
2000-11-06,23.44,24.00,21.75,21.81,48500,218.13
2000-11-03,24.50,24.63,23.13,23.63,47500,236.25
2000-11-02,23.03,25.25,22.75,24.00,43700,240.00
2000-11-01,24.06,25.50,22.50,22.81,68700,228.13
2000-10-31,24.66,25.88,23.50,23.94,39900,239.38
2000-10-30,26.28,26.31,24.63,25.06,23200,250.63
2000-10-27,28.00,28.25,26.00,26.50,16200,265.00
2000-10-26,28.81,29.88,25.69,27.00,40100,270.00
2000-10-25,30.72,31.00,27.25,27.50,22700,275.00
2000-10-24,28.00,32.50,27.75,31.31,57400,313.13
2000-10-23,28.25,28.50,26.19,27.75,33200,277.50
2000-10-20,25.69,28.63,25.69,27.44,18300,274.38
2000-10-19,26.47,26.50,25.13,25.88,14000,258.75
2000-10-18,24.78,25.44,23.13,24.25,31300,242.50
2000-10-17,28.72,29.13,25.06,25.56,19700,255.63
2000-10-16,27.94,29.38,26.88,28.50,30400,285.00
2000-10-13,25.38,27.69,25.38,27.50,27800,275.00
2000-10-12,26.75,27.38,25.00,25.25,35700,252.50
2000-10-11,26.13,27.88,25.06,25.75,28800,257.50
2000-10-10,27.19,29.13,26.75,27.19,24900,271.88
2000-10-09,27.63,28.63,25.13,28.00,31600,280.00
2000-10-06,29.75,31.38,27.13,29.78,55500,297.81
2000-10-05,30.13,32.88,29.00,31.13,115900,311.25
2000-10-04,26.50,29.73,25.06,27.50,104200,275.00
2000-10-03,36.81,37.25,28.44,28.56,95200,285.63
2000-10-02,38.13,39.13,36.13,36.50,21200,365.00
2000-09-29,38.16,40.56,37.00,37.25,34500,372.50
2000-09-28,39.88,40.06,36.75,38.44,47300,384.38
2000-09-27,44.38,45.31,40.00,40.25,56700,402.50
2000-09-26,45.00,47.25,43.50,44.38,47000,443.75
2000-09-25,44.00,46.25,42.50,45.50,69700,455.00
2000-09-22,45.25,47.25,43.00,44.00,52600,440.00
2000-09-21,47.56,49.50,46.69,47.38,52100,473.75
2000-09-20,45.69,49.75,45.63,47.69,114700,476.88
2000-09-19,47.06,47.88,44.50,45.63,74100,456.25
2000-09-18,49.00,53.25,46.50,47.00,112600,470.00
2000-09-15,48.75,54.38,48.25,49.25,212800,492.50
2000-09-14,57.00,57.50,50.06,50.94,186100,509.38
2000-09-13,54.25,61.88,52.75,55.00,499200,550.00
2000-09-12,43.63,59.88,42.81,52.50,557100,525.00
2000-09-11,42.81,43.50,41.00,41.38,42000,413.75
2000-09-08,44.72,45.38,42.00,43.31,17400,433.13
2000-09-07,43.94,45.88,42.88,44.25,36400,442.50
2000-09-06,43.09,45.13,42.19,43.09,45800,430.94
2000-09-05,43.75,44.88,42.50,42.81,21600,428.13
2000-09-01,44.44,46.19,42.69,42.94,25800,429.38
2000-08-31,44.69,45.31,44.00,44.75,9600,447.50
2000-08-30,46.25,46.38,43.63,44.50,23400,445.00
2000-08-29,45.44,47.38,45.19,46.13,22100,461.25
2000-08-28,48.44,48.50,44.75,45.06,32400,450.63
2000-08-25,41.63,48.81,41.50,48.75,80200,487.50
2000-08-24,39.75,41.38,39.63,41.19,54700,411.88
2000-08-23,45.19,45.75,42.63,43.13,19500,431.25
2000-08-22,45.03,46.38,44.06,46.25,9700,462.50
2000-08-21,45.25,46.13,44.13,45.81,7200,458.13
2000-08-18,44.22,45.38,43.00,45.13,16600,451.25
2000-08-17,43.97,45.00,42.81,44.38,11500,443.75
2000-08-16,42.00,44.00,41.56,44.00,9500,440.00
2000-08-15,42.97,43.00,41.50,41.50,9400,415.00
2000-08-14,42.38,42.88,41.44,42.50,6600,425.00
2000-08-11,42.69,43.06,41.25,41.63,10700,416.25
2000-08-10,40.38,44.50,40.00,41.63,34400,416.25
2000-08-09,41.94,43.13,39.13,40.00,26500,400.00
2000-08-08,43.56,45.13,41.00,41.13,44900,411.25
2000-08-07,40.47,43.13,39.25,42.50,38000,425.00
2000-08-04,37.66,40.80,36.69,39.13,45900,391.25
2000-08-03,37.88,39.63,36.00,36.02,78000,360.16
2000-08-02,49.50,50.38,38.25,39.50,140400,395.00
2000-08-01,50.25,53.00,50.25,51.89,15200,518.91
2000-07-31,55.13,55.25,50.00,50.06,27800,500.63
2000-07-28,57.25,58.00,53.00,53.31,12900,533.13
2000-07-27,54.16,58.94,53.00,58.50,20200,585.00
2000-07-26,57.81,58.75,54.50,56.00,14300,560.00
2000-07-25,57.31,58.00,56.00,57.94,11000,579.38
2000-07-24,59.53,59.69,55.75,55.94,17700,559.38
2000-07-21,62.13,62.13,58.69,58.75,23400,587.50
2000-07-20,63.25,65.38,62.63,63.00,10400,630.00
2000-07-19,65.56,67.63,61.88,63.25,11800,632.50
2000-07-18,69.66,69.94,64.13,65.31,25300,653.13
2000-07-17,70.38,70.94,69.38,70.00,26200,700.00
2000-07-14,68.50,71.00,68.38,70.00,26400,700.00
2000-07-13,69.13,71.63,66.50,67.31,27900,673.13
2000-07-12,64.25,70.00,64.25,68.75,26200,687.50
2000-07-11,66.06,67.00,63.50,64.06,13300,640.63
2000-07-10,66.59,68.44,63.00,66.06,32000,660.63
2000-07-07,61.56,69.50,61.00,66.06,61800,660.63
2000-07-06,60.69,64.50,59.25,61.50,19100,615.00
2000-07-05,61.97,62.00,57.94,61.00,15800,610.00
2000-07-03,62.00,63.13,61.63,62.00,5000,620.00
2000-06-30,61.03,64.63,58.63,62.50,36300,625.00
2000-06-29,58.06,61.00,55.75,61.00,24500,610.00
2000-06-28,56.91,59.94,56.91,58.50,18000,585.00
2000-06-27,57.03,57.50,56.06,57.38,6800,573.75
2000-06-26,54.69,57.50,54.13,57.06,16500,570.63
2000-06-23,56.75,57.50,53.50,54.00,15100,540.00
2000-06-22,59.73,60.69,57.00,57.06,23100,570.63
2000-06-21,60.38,61.69,56.50,58.00,60600,580.00
2000-06-20,51.69,62.75,51.00,62.50,130900,625.00
2000-06-19,51.00,51.88,50.44,51.50,23800,515.00
2000-06-16,52.00,52.63,50.25,51.00,10000,510.00
2000-06-15,55.59,55.63,51.56,52.94,12300,529.38
2000-06-14,51.41,55.00,50.00,54.63,13400,546.25
2000-06-13,51.88,51.88,49.50,51.00,16300,510.00
2000-06-12,56.00,56.75,52.19,53.06,16700,530.63
2000-06-09,52.31,56.00,52.25,54.00,9600,540.00
2000-06-08,55.78,56.00,52.25,52.25,9500,522.50
2000-06-07,52.50,56.25,52.50,55.44,14700,554.38
2000-06-06,55.75,56.00,52.50,52.69,21900,526.88
2000-06-05,54.97,55.00,51.00,53.44,13200,534.38
2000-06-02,51.06,56.13,51.06,54.88,34900,548.75
2000-06-01,47.63,50.88,46.25,50.19,26400,501.88
2000-05-31,46.25,49.50,45.50,46.00,21800,460.00
2000-05-30,40.00,47.38,40.00,47.25,33700,472.50
2000-05-26,40.38,40.63,38.00,39.44,31300,394.38
2000-05-25,43.19,44.75,40.50,41.13,22400,411.25
2000-05-24,46.19,46.50,40.25,44.50,53600,445.00
2000-05-23,49.63,49.75,46.25,47.50,17700,475.00
2000-05-22,50.06,50.13,46.75,49.88,17600,498.75
2000-05-19,51.09,51.63,48.13,50.63,23100,506.25
2000-05-18,53.50,54.00,52.38,52.69,10800,526.88
2000-05-17,53.88,54.13,51.50,52.88,16400,528.75
2000-05-16,56.75,59.00,53.88,54.00,45300,540.00
2000-05-15,56.19,56.25,52.06,55.63,15100,556.25
2000-05-12,53.38,56.13,53.00,55.50,35400,555.00
2000-05-11,52.94,53.25,51.13,51.81,26700,518.13
2000-05-10,50.19,53.13,48.00,50.38,42700,503.75
2000-05-09,56.13,56.13,50.00,50.50,66900,505.00
2000-05-08,52.00,58.75,51.94,56.25,70700,562.50
2000-05-05,53.94,64.00,47.38,56.00,454400,560.00
2000-05-04,75.06,78.06,57.50,59.44,233200,594.38
2000-05-03,80.25,82.13,75.25,81.31,24400,813.13
2000-05-02,86.94,87.00,80.06,81.00,25100,810.00
2000-05-01,84.69,87.50,82.00,87.00,29000,870.00
2000-04-28,76.13,85.50,75.88,80.00,71000,800.00
2000-04-27,60.88,76.50,58.06,73.00,71800,730.00
2000-04-26,65.44,65.44,61.50,62.00,25600,620.00
2000-04-25,59.81,66.88,59.81,64.13,55200,641.25
2000-04-24,60.00,60.25,54.63,58.13,45800,581.25
2000-04-20,67.00,68.94,60.13,62.88,31400,628.75
2000-04-19,74.50,74.50,65.00,65.00,51100,650.00
2000-04-18,62.63,79.00,60.06,71.19,74200,711.88
2000-04-17,50.00,55.88,45.00,54.50,77500,545.00
2000-04-14,65.38,65.63,54.38,55.19,63900,551.88
2000-04-13,75.00,75.69,69.00,69.38,41500,693.75
2000-04-12,82.00,82.00,73.50,75.25,34300,752.50
2000-04-11,81.56,82.69,75.00,81.25,36800,812.50
2000-04-10,92.45,92.50,80.00,81.44,29500,814.38
2000-04-07,92.88,94.88,87.63,88.75,14400,887.50
2000-04-06,92.69,96.69,89.75,91.00,25200,910.00
2000-04-05,83.44,97.00,82.38,92.00,47500,920.00
2000-04-04,85.50,88.00,73.00,83.00,102400,830.00
2000-04-03,86.31,88.00,74.75,76.19,42500,761.88
2000-03-31,83.88,90.88,83.88,85.00,48900,850.00
2000-03-30,81.13,89.00,80.00,83.75,34500,837.50
2000-03-29,92.50,92.50,79.75,84.75,77900,847.50
2000-03-28,96.25,97.00,91.00,91.69,36900,916.88
2000-03-27,103.00,104.00,94.63,96.81,49300,968.13
2000-03-24,110.75,111.25,99.25,101.56,57500,1015.63
2000-03-23,110.56,115.00,105.50,108.00,30100,1080.00
2000-03-22,108.94,109.44,106.56,109.25,27000,1092.50
2000-03-21,107.56,111.00,93.38,106.44,70700,1064.38
2000-03-20,123.00,123.50,109.50,110.56,42300,1105.63
2000-03-17,124.75,130.00,121.00,121.88,16400,1218.75
2000-03-16,122.00,126.38,118.38,123.50,27800,1235.00
2000-03-15,123.00,123.00,115.19,118.25,55100,1182.50
2000-03-14,142.19,143.50,116.00,117.00,63000,1170.00
2000-03-13,140.75,153.00,130.00,140.00,88400,1400.00
2000-03-10,127.75,151.00,127.00,149.75,189400,1497.50
2000-03-09,119.88,124.00,117.69,119.13,25100,1191.25
2000-03-08,111.00,117.00,110.50,116.88,35000,1168.75
2000-03-07,117.00,117.50,108.19,111.00,25100,1110.00
2000-03-06,120.38,121.00,116.19,117.13,20700,1171.25
2000-03-03,122.06,125.00,120.75,120.88,22600,1208.75
2000-03-02,115.56,129.00,115.25,121.00,49100,1210.00
2000-03-01,120.25,121.44,115.75,117.25,21300,1172.50
2000-02-29,109.13,125.88,108.00,117.44,57400,1174.38
2000-02-28,114.50,114.75,100.13,106.75,77600,1067.50
2000-02-25,121.75,122.81,114.63,115.25,25900,1152.50
2000-02-24,128.00,128.00,116.00,120.63,39700,1206.25
2000-02-23,133.00,134.00,126.00,126.94,19300,1269.38
2000-02-22,135.13,139.00,126.00,130.38,64500,1303.75
2000-02-18,132.00,138.63,125.06,131.00,67600,1310.00
2000-02-17,117.75,131.50,116.75,128.75,70300,1287.50
2000-02-16,122.06,125.00,117.00,119.63,40400,1196.25
2000-02-15,136.25,136.44,121.56,126.38,71300,1263.75
2000-02-14,116.44,135.00,113.50,133.50,156700,1335.00
2000-02-11,106.63,113.00,105.06,112.13,24900,1121.25
2000-02-10,111.75,111.75,105.31,109.13,41400,1091.25
2000-02-09,117.00,117.13,109.19,111.50,30700,1115.00
2000-02-08,114.25,115.06,110.00,113.00,46000,1130.00
2000-02-07,118.38,119.38,105.63,109.00,81700,1090.00
2000-02-04,116.13,129.00,112.00,115.00,141000,1150.00
2000-02-03,100.13,114.75,100.06,111.00,127500,1110.00
2000-02-02,108.75,113.38,102.50,103.00,132100,1030.00
2000-02-01,97.19,115.50,90.00,113.44,327700,1134.38
2000-01-31,77.50,96.00,76.25,93.75,289200,937.50
2000-01-28,90.63,94.75,81.50,83.50,225500,835.00
2000-01-27,119.06,119.88,95.56,98.94,226000,989.38
2000-01-26,127.38,128.00,118.00,119.88,115200,1198.75
2000-01-25,139.75,140.38,115.00,131.00,266100,1310.00
2000-01-24,128.25,156.50,123.00,136.50,411600,1365.00
2000-01-21,91.50,114.38,85.00,108.88,307400,1088.75
2000-01-20,83.13,86.00,75.13,85.00,145100,850.00
2000-01-19,67.75,87.00,64.56,77.75,275600,777.50
2000-01-18,58.00,65.00,56.63,63.50,76400,635.00
2000-01-14,58.63,60.25,55.00,55.00,40600,550.00
2000-01-13,59.75,59.75,55.00,57.88,53900,578.75
2000-01-12,53.00,65.00,52.25,56.88,213800,568.75
2000-01-11,58.13,58.50,48.13,50.69,132600,506.88
2000-01-10,74.61,74.94,58.25,58.81,373300,588.13
2000-01-07,41.25,84.75,41.00,79.00,596000,790.00
2000-01-06,33.25,43.38,32.00,36.25,165200,362.50
2000-01-05,26.50,30.00,26.25,29.50,37600,295.00
2000-01-04,26.19,27.00,25.75,25.75,10100,257.50
2000-01-03,27.25,28.00,26.00,27.00,15900,270.00
1999-12-31,28.06,28.38,27.75,28.25,2500,282.50
1999-12-30,25.88,29.00,25.50,28.00,12700,280.00
1999-12-29,26.75,27.63,25.00,26.13,6600,261.25
1999-12-28,28.75,28.75,26.75,27.13,7600,271.25
1999-12-27,28.50,29.50,27.75,28.50,6300,285.00
1999-12-23,27.38,28.00,26.75,28.00,17400,280.00
1999-12-22,30.00,30.38,26.75,26.75,16100,267.50
1999-12-21,26.25,29.00,25.50,28.25,29000,282.50
1999-12-20,25.75,26.94,25.50,26.06,19800,260.63
1999-12-17,23.88,25.75,23.81,24.50,33600,245.00
1999-12-16,27.00,27.75,23.00,23.88,39900,238.75
1999-12-15,27.81,30.00,25.75,25.88,37100,258.75
1999-12-14,32.25,32.38,26.38,27.50,55000,275.00
1999-12-13,33.50,34.50,31.75,32.25,35100,322.50
1999-12-10,29.19,34.50,29.00,31.63,39900,316.25
1999-12-09,30.38,30.69,26.25,28.75,34200,287.50
1999-12-08,29.50,31.38,28.50,30.13,45900,301.25
1999-12-07,30.94,30.94,28.00,28.50,47100,285.00
1999-12-06,27.94,30.94,27.00,27.50,105200,275.00
1999-12-03,21.56,24.50,21.56,24.19,60500,241.88
1999-12-02,20.00,21.00,19.75,20.81,41700,208.13
1999-12-01,19.25,20.75,18.88,19.31,77200,193.13
1999-11-30,17.25,18.50,17.25,18.38,85000,183.75
1999-11-29,17.00,17.25,16.75,17.00,14200,170.00
1999-11-26,16.81,17.00,16.50,16.75,10400,167.50
1999-11-24,16.88,17.00,16.56,16.69,9700,166.88
1999-11-23,16.94,17.50,16.75,16.75,45400,167.50
1999-11-22,17.06,17.06,16.50,16.75,13000,167.50
1999-11-19,17.06,17.38,16.88,16.88,14500,168.75
1999-11-18,17.06,17.13,16.75,17.00,15200,170.00
1999-11-17,17.06,17.19,16.50,17.00,18200,170.00
1999-11-16,17.50,17.63,17.00,17.06,13600,170.63
1999-11-15,18.31,18.50,17.13,17.44,25100,174.38
1999-11-12,18.25,18.31,17.75,18.00,9100,180.00
1999-11-11,18.13,18.44,17.56,18.06,9300,180.63
1999-11-10,18.38,18.63,17.50,18.06,15600,180.63
1999-11-09,18.47,18.81,18.19,18.63,31200,186.25
1999-11-08,18.38,18.50,17.50,18.13,27300,181.25
1999-11-05,19.09,19.50,17.38,17.38,48900,173.75
1999-11-04,19.44,19.88,18.63,19.06,48000,190.63
1999-11-03,18.88,19.31,18.13,18.63,68300,186.25
1999-11-02,16.44,20.00,16.38,17.88,170100,178.75
1999-11-01,16.75,16.75,15.00,16.00,150600,160.00
1999-10-29,15.75,19.69,15.00,16.00,542600,160.00
