Date,Open,High,Low,Close,Volume,Adj Close
2014-06-19,6.24,6.32,6.24,6.26,22600,6.26
2014-06-18,6.24,6.34,6.23,6.29,46700,6.29
2014-06-17,6.25,6.30,6.21,6.22,23500,6.22
2014-06-16,6.25,6.26,6.23,6.23,14300,6.23
2014-06-13,6.21,6.30,6.21,6.25,42100,6.25
2014-06-12,6.25,6.28,6.22,6.23,32200,6.23
2014-06-11,6.36,6.37,6.34,6.36,16900,6.24
2014-06-10,6.34,6.40,6.33,6.38,32100,6.26
2014-06-09,6.31,6.36,6.29,6.36,32000,6.24
2014-06-06,6.29,6.31,6.28,6.31,7900,6.19
2014-06-05,6.19,6.32,6.19,6.27,9900,6.15
2014-06-04,6.24,6.26,6.20,6.23,36600,6.11
2014-06-03,6.25,6.29,6.24,6.24,16900,6.12
2014-06-02,6.28,6.28,6.22,6.27,18000,6.15
2014-05-30,6.22,6.26,6.21,6.25,15900,6.13
2014-05-29,6.28,6.34,6.17,6.21,110100,6.09
2014-05-28,6.30,6.31,6.27,6.30,3300,6.18
2014-05-27,6.26,6.34,6.26,6.31,18300,6.19
2014-05-23,6.24,6.33,6.23,6.31,42900,6.19
2014-05-22,6.21,6.23,6.20,6.23,9400,6.11
2014-05-21,6.21,6.21,6.19,6.21,9700,6.09
2014-05-20,6.20,6.21,6.17,6.19,14700,6.07
2014-05-19,6.17,6.21,6.17,6.19,10100,6.07
2014-05-16,6.21,6.21,6.16,6.17,42900,6.05
2014-05-15,6.22,6.26,6.15,6.22,15400,6.10
2014-05-14,6.22,6.24,6.21,6.24,34100,6.12
2014-05-13,6.19,6.23,6.18,6.20,36100,6.08
2014-05-12,6.14,6.20,6.13,6.20,8700,6.08
2014-05-09,6.12,6.16,6.12,6.14,29500,6.02
2014-05-08,6.19,6.22,6.14,6.15,7600,6.03
2014-05-07,6.16,6.17,6.14,6.17,11500,6.05
2014-05-06,6.15,6.17,6.11,6.15,61400,6.03
2014-05-05,6.12,6.20,6.12,6.17,73100,6.05
2014-05-02,6.17,6.24,6.14,6.18,27200,6.06
2014-05-01,6.12,6.17,6.12,6.16,38900,6.04
2014-04-30,6.17,6.17,6.14,6.15,46000,6.03
2014-04-29,6.13,6.20,6.13,6.17,30700,6.05
2014-04-28,6.14,6.16,6.11,6.14,25400,6.02
2014-04-25,6.15,6.18,6.13,6.13,5900,6.01
2014-04-24,6.14,6.19,6.14,6.16,9200,6.04
2014-04-23,6.12,6.17,6.11,6.17,14400,6.05
2014-04-22,6.15,6.18,6.13,6.13,27900,6.01
2014-04-21,6.17,6.25,6.12,6.15,6900,6.03
2014-04-17,6.05,6.16,6.05,6.12,78000,6.00
2014-04-16,6.01,6.09,6.01,6.09,41700,5.98
2014-04-15,6.01,6.04,5.96,6.03,35300,5.92
2014-04-14,6.05,6.05,5.99,6.02,24000,5.91
2014-04-11,6.05,6.05,5.98,6.01,32200,5.90
2014-04-10,6.05,6.10,6.04,6.05,87800,5.94
2014-04-09,6.08,6.14,6.04,6.12,42600,6.00
2014-04-08,6.04,6.10,6.02,6.09,86300,5.98
2014-04-07,6.10,6.16,6.03,6.07,105900,5.96
2014-04-04,6.18,6.21,6.13,6.16,46100,6.04
2014-04-03,6.21,6.21,6.15,6.19,20200,6.07
2014-04-02,6.21,6.30,6.20,6.23,69500,6.11
2014-04-01,6.23,6.26,6.17,6.23,32500,6.11
2014-03-31,6.17,6.35,6.15,6.18,62200,6.06
2014-03-28,6.17,6.23,6.16,6.19,13700,6.07
2014-03-27,6.20,6.23,6.17,6.17,13000,6.05
2014-03-26,6.16,6.27,6.16,6.21,61600,6.09
2014-03-25,6.27,6.27,6.14,6.16,79300,6.04
2014-03-24,6.34,6.34,6.12,6.15,31200,6.03
2014-03-21,6.13,6.35,6.13,6.35,25400,6.23
2014-03-20,6.15,6.22,6.14,6.16,21700,6.04
2014-03-19,6.22,6.23,6.13,6.16,38200,6.04
2014-03-18,6.19,6.23,6.17,6.22,17500,6.10
2014-03-17,6.11,6.22,6.11,6.19,27100,6.07
2014-03-14,6.09,6.16,6.09,6.11,20700,5.99
2014-03-13,6.15,6.17,6.11,6.12,20900,6.00
2014-03-12,6.25,6.25,6.19,6.23,94800,5.99
2014-03-11,6.29,6.32,6.25,6.25,50300,6.01
2014-03-10,6.29,6.32,6.26,6.28,35000,6.04
2014-03-07,6.28,6.30,6.27,6.30,15700,6.06
2014-03-06,6.30,6.33,6.29,6.29,7800,6.05
2014-03-05,6.32,6.34,6.28,6.31,29100,6.07
2014-03-04,6.25,6.36,6.25,6.31,20300,6.07
2014-03-03,6.30,6.30,6.25,6.25,16200,6.01
2014-02-28,6.27,6.31,6.24,6.28,32000,6.04
2014-02-27,6.24,6.39,6.24,6.28,76700,6.04
2014-02-26,6.22,6.26,6.18,6.24,16300,6.00
2014-02-25,6.23,6.24,6.18,6.23,14500,5.99
2014-02-24,6.22,6.25,6.22,6.24,20900,6.00
2014-02-21,6.14,6.25,6.14,6.23,45400,5.99
2014-02-20,6.17,6.19,6.16,6.17,10600,5.94
2014-02-19,6.15,6.17,6.12,6.16,39300,5.93
2014-02-18,6.13,6.15,6.08,6.15,20200,5.92
2014-02-14,6.11,6.15,6.09,6.14,22400,5.91
2014-02-13,6.07,6.10,6.07,6.10,28500,5.87
2014-02-12,6.03,6.09,6.03,6.07,9100,5.84
2014-02-11,6.09,6.09,6.04,6.05,32000,5.82
2014-02-10,6.04,6.05,6.01,6.03,6000,5.80
2014-02-07,5.95,6.03,5.95,6.02,21900,5.79
2014-02-06,5.96,6.02,5.96,5.98,15000,5.75
2014-02-05,6.00,6.00,5.92,5.94,21300,5.72
2014-02-04,5.93,6.00,5.93,5.98,35100,5.75
2014-02-03,5.96,6.00,5.84,5.92,75200,5.70
2014-01-31,5.94,6.09,5.94,6.03,41000,5.80
2014-01-30,6.04,6.09,6.02,6.08,10800,5.85
2014-01-29,6.06,6.14,5.99,6.02,71900,5.79
2014-01-28,5.98,6.20,5.98,6.03,76500,5.80
2014-01-27,6.10,6.10,5.99,5.99,20200,5.76
2014-01-24,6.15,6.16,6.06,6.08,15500,5.85
2014-01-23,6.18,6.18,6.16,6.16,16500,5.93
2014-01-22,6.19,6.22,6.15,6.16,12800,5.93
2014-01-21,6.16,6.18,6.12,6.18,7200,5.95
2014-01-17,6.11,6.16,6.10,6.16,24300,5.93
2014-01-16,6.16,6.16,6.12,6.13,18200,5.90
2014-01-15,6.12,6.16,6.11,6.14,27600,5.91
2014-01-14,6.10,6.16,6.06,6.11,38600,5.88
2014-01-13,6.11,6.17,6.09,6.10,18200,5.87
2014-01-10,6.14,6.20,6.10,6.13,62200,5.90
2014-01-09,6.13,6.17,6.10,6.12,21600,5.89
2014-01-08,6.16,6.18,6.03,6.11,33100,5.88
2014-01-07,6.13,6.22,6.10,6.19,45500,5.96
2014-01-06,6.09,6.13,6.00,6.08,45400,5.85
2014-01-03,6.14,6.17,6.08,6.09,43300,5.86
2014-01-02,6.20,6.20,6.10,6.16,7800,5.93
2013-12-31,6.16,6.20,6.15,6.16,32100,5.93
2013-12-30,6.23,6.24,6.15,6.18,25400,5.95
2013-12-27,6.22,6.28,6.20,6.24,28200,6.00
2013-12-26,6.26,6.26,6.21,6.22,17400,5.99
2013-12-24,6.14,6.26,6.14,6.20,43000,5.97
2013-12-23,6.18,6.27,6.11,6.18,49000,5.95
2013-12-20,6.08,6.28,6.06,6.18,61600,5.95
2013-12-19,6.12,6.12,6.05,6.07,35100,5.84
2013-12-18,6.03,6.08,5.98,6.08,33900,5.85
2013-12-17,6.00,6.04,5.98,6.01,42600,5.78
2013-12-16,6.01,6.02,5.98,6.01,73400,5.78
2013-12-13,5.99,6.00,5.98,6.00,9000,5.77
2013-12-12,5.99,6.05,5.98,6.02,35200,5.79
2013-12-11,6.01,6.06,5.99,6.03,59500,5.80
2013-12-10,6.11,6.17,6.10,6.16,34800,5.81
2013-12-09,6.11,6.25,6.11,6.15,19400,5.80
2013-12-06,6.11,6.19,6.08,6.09,33000,5.75
2013-12-05,6.04,6.09,6.04,6.06,26900,5.72
2013-12-04,6.12,6.15,6.03,6.06,81900,5.72
2013-12-03,6.17,6.21,6.14,6.14,23000,5.79
2013-12-02,6.19,6.30,6.13,6.21,34400,5.86
2013-11-29,6.12,6.28,6.12,6.14,26200,5.79
2013-11-27,6.14,6.16,6.14,6.14,1300,5.79
2013-11-26,6.13,6.21,6.12,6.14,35100,5.79
2013-11-25,6.17,6.22,6.12,6.12,17600,5.77
2013-11-22,6.18,6.18,6.10,6.13,18500,5.78
2013-11-21,6.08,6.14,6.08,6.13,40800,5.78
2013-11-20,6.17,6.24,6.16,6.20,16200,5.85
2013-11-19,6.14,6.21,6.13,6.15,10600,5.80
2013-11-18,6.18,6.23,6.14,6.21,14000,5.86
2013-11-15,6.16,6.25,6.10,6.20,26100,5.85
2013-11-14,6.08,6.19,6.08,6.16,11000,5.81
2013-11-13,6.01,6.12,6.01,6.10,9200,5.76
2013-11-12,6.10,6.19,6.06,6.06,9900,5.72
2013-11-11,6.15,6.17,6.14,6.15,6800,5.80
2013-11-08,6.17,6.18,6.13,6.16,10800,5.81
2013-11-07,6.16,6.17,6.06,6.11,17200,5.76
2013-11-06,6.14,6.21,6.14,6.14,32700,5.79
2013-11-05,6.17,6.20,6.12,6.12,50500,5.77
2013-11-04,6.13,6.20,6.12,6.19,15600,5.84
2013-11-01,6.21,6.25,6.13,6.15,88100,5.80
2013-10-31,6.17,6.26,6.12,6.17,14800,5.82
2013-10-30,6.14,6.26,6.12,6.16,39500,5.81
2013-10-29,6.19,6.20,6.09,6.15,30100,5.80
2013-10-28,6.18,6.24,6.18,6.24,14100,5.89
2013-10-25,6.19,6.21,6.18,6.20,1400,5.85
2013-10-24,6.13,6.18,6.12,6.15,11900,5.80
2013-10-23,6.01,6.15,6.01,6.15,28800,5.80
2013-10-22,6.12,6.13,6.05,6.13,10900,5.78
2013-10-21,6.12,6.16,6.07,6.11,17900,5.76
2013-10-18,6.14,6.16,6.04,6.15,31100,5.80
2013-10-17,5.98,6.14,5.92,6.10,37200,5.76
2013-10-16,5.97,6.02,5.87,6.01,30400,5.67
2013-10-15,5.99,6.00,5.94,5.96,27400,5.62
2013-10-14,5.92,6.07,5.89,5.95,30300,5.61
2013-10-11,5.96,6.05,5.95,6.00,9000,5.66
2013-10-10,5.92,6.03,5.85,6.03,19500,5.69
2013-10-09,5.77,5.84,5.70,5.83,41500,5.50
2013-10-08,5.89,5.91,5.73,5.79,45500,5.46
2013-10-07,6.14,6.15,5.77,5.87,99900,5.54
2013-10-04,6.12,6.18,6.12,6.16,7300,5.81
2013-10-03,6.12,6.20,6.11,6.12,20600,5.77
2013-10-02,6.11,6.20,6.07,6.17,25900,5.82
2013-10-01,6.19,6.32,6.13,6.19,28900,5.84
2013-09-30,6.25,6.26,6.15,6.22,16300,5.87
2013-09-27,6.25,6.27,6.25,6.27,4900,5.92
2013-09-26,6.37,6.38,6.30,6.33,9700,5.97
2013-09-25,6.44,6.44,6.34,6.39,21900,6.03
2013-09-24,6.45,6.45,6.33,6.44,24000,6.08
2013-09-23,6.39,6.42,6.25,6.41,18300,6.05
2013-09-20,6.26,6.32,6.20,6.32,24000,5.96
2013-09-19,6.27,6.30,6.23,6.27,11700,5.92
2013-09-18,6.16,6.35,6.16,6.29,35700,5.93
2013-09-17,6.33,6.33,6.15,6.22,24200,5.87
2013-09-16,6.25,6.44,6.20,6.37,30100,6.01
2013-09-13,6.12,6.26,6.08,6.21,22800,5.86
2013-09-12,6.13,6.22,6.02,6.13,28000,5.78
2013-09-11,6.18,6.28,6.18,6.22,13900,5.76
2013-09-10,6.16,6.30,6.14,6.24,44500,5.77
2013-09-09,6.23,6.26,6.13,6.18,32600,5.72
2013-09-06,6.29,6.33,6.16,6.21,40800,5.75
2013-09-05,6.28,6.31,6.21,6.22,19100,5.76
2013-09-04,6.21,6.30,6.11,6.22,41300,5.76
2013-09-03,6.23,6.35,6.20,6.24,11800,5.77
2013-08-30,6.24,6.35,6.19,6.22,6900,5.76
2013-08-29,6.22,6.39,6.17,6.19,9200,5.73
2013-08-28,6.16,6.32,6.16,6.26,11900,5.79
2013-08-27,6.25,6.30,6.16,6.16,11800,5.70
2013-08-26,6.25,6.32,6.24,6.29,24200,5.82
2013-08-23,6.17,6.29,6.17,6.26,61900,5.79
2013-08-22,6.16,6.25,6.14,6.18,6800,5.72
2013-08-21,6.10,6.25,6.10,6.16,79900,5.70
2013-08-20,6.14,6.24,6.10,6.10,63300,5.64
2013-08-19,6.20,6.27,6.14,6.15,61500,5.69
2013-08-16,6.27,6.38,6.22,6.29,21900,5.82
2013-08-15,6.17,6.48,6.16,6.21,21600,5.75
2013-08-14,6.29,6.40,6.26,6.26,10200,5.79
2013-08-13,6.31,6.35,6.25,6.33,14000,5.86
2013-08-12,6.33,6.35,6.13,6.31,29700,5.84
2013-08-09,6.26,6.32,6.26,6.29,5500,5.82
2013-08-08,6.45,6.45,6.26,6.32,35400,5.85
2013-08-07,6.35,6.42,6.28,6.36,13000,5.88
2013-08-06,6.36,6.45,6.23,6.29,70300,5.82
2013-08-05,6.36,6.70,6.35,6.37,21900,5.89
2013-08-02,6.54,6.54,6.35,6.36,34300,5.88
2013-08-01,6.35,6.59,6.23,6.49,20200,6.01
2013-07-31,6.29,6.43,6.16,6.26,39300,5.79
2013-07-30,6.56,6.59,6.12,6.22,29900,5.76
2013-07-29,6.50,6.64,6.46,6.49,8500,6.01
2013-07-26,6.45,6.76,6.45,6.59,10100,6.10
2013-07-25,6.35,6.46,6.25,6.43,15100,5.95
2013-07-24,6.28,6.61,6.28,6.42,22000,5.94
2013-07-23,6.31,6.40,6.24,6.28,10000,5.81
2013-07-22,6.28,6.30,6.24,6.27,5800,5.80
2013-07-19,6.24,6.29,6.16,6.24,21600,5.77
2013-07-18,6.20,6.25,6.14,6.23,11400,5.76
2013-07-17,6.19,6.28,6.14,6.23,13400,5.76
2013-07-16,6.23,6.37,6.19,6.21,20800,5.75
2013-07-15,6.36,6.45,6.23,6.29,19800,5.82
2013-07-12,6.28,6.38,6.22,6.25,16900,5.78
2013-07-11,6.21,6.37,6.18,6.20,8300,5.74
2013-07-10,6.14,6.20,6.03,6.17,14400,5.71
2013-07-09,6.04,6.23,6.00,6.03,27900,5.58
2013-07-08,6.04,6.08,5.90,5.99,18800,5.54
2013-07-05,6.17,6.17,5.88,5.96,20800,5.51
2013-07-03,6.09,6.22,6.02,6.06,13000,5.61
2013-07-02,6.38,6.56,6.02,6.07,15300,5.62
2013-07-01,6.79,6.79,6.25,6.30,14800,5.83
2013-06-28,6.11,6.29,6.08,6.18,16300,5.72
2013-06-27,6.36,6.62,6.09,6.16,50300,5.70
2013-06-26,6.00,6.44,6.00,6.28,12900,5.81
2013-06-25,5.97,6.08,5.82,6.04,31300,5.59
2013-06-24,6.24,6.35,5.84,5.96,47300,5.51
2013-06-21,6.20,6.30,6.15,6.20,35700,5.74
2013-06-20,6.12,6.28,6.02,6.13,34400,5.67
2013-06-19,6.20,6.46,6.09,6.14,26900,5.68
2013-06-18,6.10,6.29,6.08,6.26,30300,5.79
2013-06-17,6.03,6.10,6.03,6.10,15300,5.64
2013-06-14,6.08,6.09,6.02,6.02,5900,5.57
2013-06-13,5.93,6.11,5.92,6.01,29100,5.56
2013-06-12,6.08,6.43,5.92,5.95,35000,5.51
2013-06-11,6.42,6.57,6.16,6.23,30000,5.65
2013-06-10,6.26,7.23,6.25,6.40,55000,5.81
2013-06-07,6.13,6.49,6.13,6.32,20300,5.74
2013-06-06,6.13,6.15,6.04,6.11,19100,5.54
2013-06-05,6.44,6.71,6.10,6.18,53900,5.61
2013-06-04,6.41,6.44,6.35,6.37,22300,5.78
2013-06-03,6.27,6.45,6.23,6.38,30500,5.79
2013-05-31,6.31,6.31,6.20,6.21,11900,5.64
2013-05-30,6.16,6.29,6.16,6.27,20800,5.69
2013-05-29,6.29,6.30,6.12,6.16,22400,5.59
2013-05-28,6.45,6.45,6.29,6.37,32100,5.78
2013-05-24,6.28,6.35,6.26,6.27,6300,5.69
2013-05-23,6.22,6.32,6.15,6.21,25500,5.64
2013-05-22,6.25,6.32,6.25,6.30,25300,5.72
2013-05-21,6.25,6.26,6.24,6.26,32600,5.68
2013-05-20,6.20,6.26,6.20,6.23,20800,5.65
2013-05-17,6.30,6.30,6.22,6.24,9100,5.66
2013-05-16,6.21,6.31,6.21,6.25,18100,5.67
2013-05-15,6.16,6.28,6.13,6.20,38800,5.63
2013-05-14,6.20,6.24,6.09,6.15,30800,5.58
2013-05-13,6.24,6.24,6.14,6.15,17400,5.58
2013-05-10,6.12,6.21,6.12,6.21,14700,5.64
2013-05-09,6.28,6.32,6.13,6.13,30400,5.56
2013-05-08,6.33,6.35,6.20,6.20,18900,5.63
2013-05-07,6.18,6.46,6.18,6.37,10900,5.78
2013-05-06,6.10,6.25,6.10,6.20,26500,5.63
2013-05-03,6.23,6.23,6.08,6.11,17100,5.54
2013-05-02,6.10,6.28,6.10,6.17,28400,5.60
2013-05-01,6.09,6.10,6.03,6.10,12800,5.54
2013-04-30,6.03,6.09,6.03,6.07,15000,5.51
2013-04-29,6.07,6.09,5.91,6.06,23400,5.50
2013-04-26,5.98,6.01,5.98,6.00,2600,5.44
2013-04-25,6.01,6.11,5.90,5.98,21800,5.43
2013-04-24,5.87,6.09,5.87,5.91,19300,5.36
2013-04-23,5.96,5.99,5.90,5.91,13400,5.36
2013-04-22,5.92,5.92,5.82,5.89,34900,5.34
2013-04-19,5.78,5.83,5.78,5.79,9300,5.25
2013-04-18,5.92,5.92,5.73,5.77,14600,5.24
2013-04-17,5.90,6.10,5.80,5.91,15200,5.36
2013-04-16,5.76,5.92,5.76,5.92,31400,5.37
2013-04-15,5.87,5.88,5.77,5.77,29100,5.24
2013-04-12,5.86,5.91,5.86,5.87,17400,5.33
2013-04-11,5.91,5.94,5.86,5.89,26700,5.34
2013-04-10,5.84,5.95,5.84,5.86,24800,5.32
2013-04-09,5.82,5.93,5.82,5.83,26600,5.29
2013-04-08,5.85,5.89,5.80,5.85,24200,5.31
2013-04-05,5.83,5.84,5.77,5.81,20400,5.27
2013-04-04,5.85,5.88,5.83,5.83,16800,5.29
2013-04-03,6.00,6.00,5.85,5.85,16600,5.31
2013-04-02,5.98,6.04,5.89,5.94,32700,5.39
2013-04-01,6.11,6.11,5.99,5.99,16700,5.44
2013-03-28,6.00,6.37,5.95,6.15,28100,5.58
2013-03-27,5.92,6.00,5.90,5.95,23800,5.40
2013-03-26,5.94,6.07,5.85,5.96,41300,5.41
2013-03-25,5.86,5.96,5.82,5.90,43400,5.35
2013-03-22,5.85,5.97,5.79,5.92,67000,5.37
2013-03-21,5.85,5.90,5.79,5.79,70700,5.25
2013-03-20,5.76,5.87,5.76,5.80,14000,5.26
2013-03-19,5.78,5.84,5.74,5.76,28400,5.23
2013-03-18,5.77,5.78,5.73,5.78,21800,5.25
2013-03-15,5.73,5.77,5.72,5.72,7300,5.19
2013-03-14,5.70,5.76,5.70,5.73,35100,5.20
2013-03-13,5.73,5.74,5.71,5.73,20300,5.20
2013-03-12,5.69,5.99,5.69,5.75,57200,5.22
2013-03-11,5.80,5.87,5.80,5.85,18500,5.20
2013-03-08,5.77,5.83,5.77,5.81,34000,5.16
2013-03-07,5.70,5.79,5.70,5.76,40800,5.12
2013-03-06,5.80,5.82,5.71,5.75,19000,5.11
2013-03-05,5.68,5.84,5.68,5.73,26000,5.09
2013-03-04,5.66,5.68,5.64,5.66,29500,5.03
2013-03-01,5.63,5.71,5.60,5.70,29500,5.07
2013-02-28,5.61,5.69,5.61,5.68,25100,5.05
2013-02-27,5.57,5.68,5.57,5.63,11000,5.00
2013-02-26,5.61,5.63,5.59,5.60,16300,4.98
2013-02-25,5.67,5.69,5.61,5.61,22400,4.99
2013-02-22,5.64,5.67,5.63,5.64,14700,5.01
2013-02-21,5.66,5.71,5.61,5.61,46900,4.99
2013-02-20,5.74,5.77,5.69,5.69,16600,5.06
2013-02-19,5.82,5.82,5.74,5.77,31400,5.13
2013-02-15,5.73,5.76,5.71,5.74,18200,5.10
2013-02-14,5.67,5.71,5.67,5.71,16400,5.08
2013-02-13,5.67,5.73,5.67,5.67,31100,5.04
2013-02-12,5.70,5.72,5.68,5.68,35100,5.05
2013-02-11,5.70,5.75,5.69,5.70,34100,5.07
2013-02-08,5.69,5.74,5.69,5.72,20800,5.08
2013-02-07,5.71,5.73,5.70,5.70,28100,5.07
2013-02-06,5.70,5.78,5.70,5.72,44600,5.08
2013-02-05,5.65,5.73,5.65,5.73,9800,5.09
2013-02-04,5.73,5.73,5.66,5.66,21300,5.03
2013-02-01,5.75,5.76,5.68,5.76,37500,5.12
2013-01-31,5.70,5.71,5.68,5.68,13800,5.05
2013-01-30,5.68,5.73,5.68,5.70,18900,5.07
2013-01-29,5.72,5.73,5.68,5.71,17200,5.08
2013-01-28,5.72,5.75,5.72,5.73,15000,5.09
2013-01-25,5.71,5.75,5.68,5.74,17600,5.10
2013-01-24,5.70,5.77,5.66,5.66,26600,5.03
2013-01-23,5.69,5.74,5.68,5.73,21100,5.09
2013-01-22,5.68,5.74,5.64,5.67,32200,5.04
2013-01-18,5.66,5.81,5.66,5.71,24300,5.08
2013-01-17,5.62,5.71,5.61,5.67,48500,5.04
2013-01-16,5.52,5.63,5.52,5.63,38800,5.00
2013-01-15,5.52,5.56,5.51,5.53,26100,4.92
2013-01-14,5.51,5.54,5.50,5.50,15200,4.89
2013-01-11,5.51,5.55,5.51,5.53,11900,4.92
2013-01-10,5.49,5.54,5.49,5.52,12900,4.91
2013-01-09,5.47,5.51,5.47,5.50,31500,4.89
2013-01-08,5.48,5.51,5.48,5.48,19300,4.87
2013-01-07,5.39,5.49,5.39,5.49,20300,4.88
2013-01-04,5.34,5.44,5.34,5.41,44900,4.81
2013-01-03,5.37,5.45,5.37,5.40,19400,4.80
2013-01-02,5.36,5.43,5.36,5.40,20800,4.80
2012-12-31,5.25,5.38,5.25,5.33,30600,4.74
2012-12-28,5.22,5.31,5.22,5.29,57700,4.70
2012-12-27,5.28,5.31,5.20,5.24,51500,4.66
2012-12-26,5.31,5.34,5.29,5.30,18000,4.71
2012-12-24,5.27,5.36,5.27,5.34,20700,4.75
2012-12-21,5.26,5.33,5.25,5.31,84400,4.72
2012-12-20,5.34,5.34,5.21,5.25,48900,4.67
2012-12-19,5.30,5.31,5.23,5.27,39500,4.68
2012-12-18,5.19,5.28,5.19,5.28,30700,4.69
2012-12-17,5.25,5.25,5.18,5.21,64400,4.63
2012-12-14,5.14,5.27,5.14,5.20,26000,4.62
2012-12-13,5.19,5.20,5.16,5.17,56000,4.60
2012-12-12,5.19,5.25,5.19,5.19,32600,4.61
2012-12-11,5.28,5.34,5.28,5.32,31700,4.62
2012-12-10,5.30,5.35,5.28,5.28,27200,4.59
2012-12-07,5.41,5.43,5.25,5.33,58300,4.63
2012-12-06,5.33,5.37,5.31,5.33,30800,4.63
2012-12-05,5.36,5.38,5.33,5.33,22300,4.63
2012-12-04,5.40,5.42,5.35,5.35,19100,4.65
2012-12-03,5.36,5.44,5.36,5.44,24500,4.73
2012-11-30,5.42,5.45,5.38,5.39,20400,4.68
2012-11-29,5.36,5.44,5.34,5.43,27900,4.72
2012-11-28,5.38,5.41,5.34,5.35,21900,4.65
2012-11-27,5.36,5.42,5.36,5.40,16500,4.69
2012-11-26,5.35,5.43,5.34,5.39,17600,4.68
2012-11-23,5.36,5.41,5.36,5.41,2500,4.70
2012-11-21,5.29,5.36,5.28,5.34,22200,4.64
2012-11-20,5.30,5.30,5.20,5.30,17600,4.60
2012-11-19,5.24,5.32,5.19,5.29,18400,4.60
2012-11-16,5.02,5.26,5.02,5.26,40000,4.57
2012-11-15,5.10,5.10,4.95,5.04,43700,4.38
2012-11-14,5.28,5.35,5.08,5.09,30800,4.42
2012-11-13,5.36,5.37,5.27,5.27,20200,4.58
2012-11-12,5.35,5.44,5.35,5.37,20400,4.67
2012-11-09,5.40,5.40,5.34,5.34,33400,4.64
2012-11-08,5.43,5.49,5.35,5.35,36400,4.65
2012-11-07,5.50,5.51,5.43,5.45,30300,4.73
2012-11-06,5.54,5.59,5.54,5.57,5800,4.84
2012-11-05,5.51,5.62,5.51,5.56,21700,4.83
2012-11-02,5.56,5.62,5.53,5.53,9500,4.80
2012-11-01,5.53,5.66,5.51,5.56,20500,4.83
2012-10-31,5.52,5.56,5.49,5.56,26400,4.83
2012-10-26,5.56,5.59,5.51,5.57,26100,4.84
2012-10-25,5.63,5.63,5.58,5.58,5800,4.85
2012-10-24,5.60,5.64,5.58,5.58,5100,4.85
2012-10-23,5.61,5.67,5.53,5.62,23000,4.88
2012-10-22,5.64,5.66,5.64,5.64,5300,4.90
2012-10-19,5.65,5.65,5.58,5.63,5600,4.89
2012-10-18,5.61,5.70,5.61,5.69,14500,4.94
2012-10-17,5.66,5.69,5.65,5.66,14600,4.92
2012-10-16,5.61,5.73,5.58,5.70,22200,4.95
2012-10-15,5.58,5.65,5.52,5.60,17900,4.87
2012-10-12,5.61,5.75,5.59,5.59,34100,4.86
2012-10-11,5.67,5.71,5.59,5.59,12500,4.86
2012-10-10,5.77,5.77,5.59,5.67,17100,4.93
2012-10-09,5.80,5.80,5.70,5.73,11700,4.98
2012-10-08,5.71,5.85,5.71,5.85,16700,5.08
2012-10-05,5.71,5.74,5.69,5.74,7700,4.99
2012-10-04,5.68,5.76,5.68,5.70,22700,4.95
2012-10-03,5.73,5.76,5.65,5.67,29700,4.93
2012-10-02,5.77,5.78,5.67,5.68,22300,4.93
2012-10-01,5.75,5.80,5.70,5.71,25200,4.96
2012-09-28,5.78,5.79,5.70,5.77,9400,5.01
2012-09-27,5.70,5.77,5.62,5.76,19900,5.00
2012-09-26,5.86,5.86,5.62,5.63,8400,4.89
2012-09-25,5.76,5.90,5.70,5.85,19700,5.08
2012-09-24,5.77,5.81,5.75,5.75,21000,5.00
2012-09-21,5.82,5.82,5.54,5.73,25400,4.98
2012-09-20,5.74,5.76,5.71,5.73,14900,4.98
2012-09-19,5.81,5.81,5.69,5.71,17300,4.96
2012-09-18,5.66,5.75,5.62,5.71,6500,4.96
2012-09-17,5.65,5.72,5.59,5.63,38900,4.89
2012-09-14,5.74,5.74,5.65,5.66,23300,4.92
2012-09-13,5.67,5.75,5.67,5.73,6900,4.98
2012-09-12,5.67,5.69,5.66,5.68,14800,4.93
2012-09-11,5.67,5.85,5.66,5.74,23700,4.88
2012-09-10,5.68,5.69,5.67,5.67,7400,4.82
2012-09-07,5.78,5.78,5.66,5.68,10900,4.83
2012-09-06,5.81,5.81,5.69,5.71,18000,4.86
2012-09-05,5.69,5.72,5.65,5.72,16000,4.87
2012-09-04,5.70,5.71,5.62,5.67,7600,4.82
2012-08-31,5.72,5.75,5.54,5.69,26500,4.84
2012-08-30,5.76,5.76,5.56,5.71,55300,4.86
2012-08-29,5.78,5.85,5.71,5.84,9600,4.97
2012-08-28,5.74,5.87,5.59,5.80,44700,4.93
2012-08-27,5.91,5.91,5.73,5.77,21600,4.91
2012-08-24,5.83,5.91,5.75,5.91,17600,5.03
2012-08-23,5.91,5.92,5.57,5.78,68200,4.92
2012-08-22,5.84,5.86,5.78,5.86,8400,4.98
2012-08-21,5.65,5.99,5.65,5.87,71100,4.99
2012-08-20,5.61,5.70,5.61,5.70,15700,4.85
2012-08-17,5.63,5.68,5.60,5.62,13100,4.78
2012-08-16,5.76,5.76,5.52,5.67,76000,4.82
2012-08-15,5.66,5.75,5.65,5.75,37000,4.89
2012-08-14,5.62,5.76,5.59,5.67,14200,4.82
2012-08-13,5.64,5.67,5.57,5.64,21300,4.80
2012-08-10,5.70,5.77,5.54,5.58,26200,4.75
2012-08-09,5.63,5.77,5.58,5.73,18600,4.87
2012-08-08,5.67,5.68,5.59,5.64,15900,4.80
2012-08-07,5.59,5.66,5.56,5.64,9300,4.80
2012-08-06,5.59,5.61,5.58,5.60,15100,4.76
2012-08-03,5.58,5.64,5.52,5.55,8000,4.72
2012-08-02,5.55,5.58,5.47,5.58,10900,4.75
2012-08-01,5.59,5.60,5.53,5.60,5800,4.76
2012-07-31,5.57,5.58,5.53,5.53,10100,4.70
2012-07-30,5.62,5.62,5.54,5.57,4800,4.74
2012-07-27,5.57,5.69,5.50,5.58,18100,4.75
2012-07-26,5.53,5.54,5.47,5.53,11400,4.70
2012-07-25,5.44,5.47,5.44,5.45,20400,4.64
2012-07-24,5.43,5.46,5.42,5.45,9600,4.64
2012-07-23,5.41,5.48,5.40,5.42,14400,4.61
2012-07-20,5.49,5.51,5.40,5.43,18900,4.62
2012-07-19,5.46,5.51,5.42,5.48,29700,4.66
2012-07-18,5.44,5.49,5.44,5.45,8000,4.64
2012-07-17,5.44,5.47,5.40,5.46,25900,4.64
2012-07-16,5.44,5.48,5.40,5.48,10000,4.66
2012-07-13,5.43,5.49,5.40,5.42,31400,4.61
2012-07-12,5.44,5.49,5.37,5.47,15800,4.65
2012-07-11,5.48,5.48,5.38,5.43,16800,4.62
2012-07-10,5.67,5.68,5.34,5.44,27400,4.63
2012-07-09,5.63,5.65,5.58,5.62,23200,4.78
2012-07-06,5.62,5.62,5.54,5.57,6700,4.74
2012-07-05,5.61,5.61,5.56,5.58,8500,4.75
2012-07-03,5.58,5.60,5.55,5.58,3400,4.75
2012-07-02,5.60,5.63,5.47,5.54,7700,4.71
2012-06-29,5.58,5.61,5.42,5.50,33000,4.68
2012-06-28,5.41,5.46,5.40,5.46,11600,4.64
2012-06-27,5.39,5.53,5.38,5.45,8400,4.64
2012-06-26,5.42,5.45,5.33,5.42,18400,4.61
2012-06-25,5.38,5.50,5.33,5.42,70900,4.61
2012-06-22,5.37,5.40,5.34,5.38,22700,4.58
2012-06-21,5.34,5.44,5.25,5.28,35700,4.49
2012-06-20,5.35,5.40,5.33,5.36,23800,4.56
2012-06-19,5.31,5.43,5.31,5.34,40200,4.54
2012-06-18,5.33,5.43,5.28,5.37,4900,4.57
2012-06-15,5.35,5.36,5.26,5.31,16100,4.52
2012-06-14,5.38,5.39,5.27,5.31,12200,4.52
2012-06-13,5.24,5.40,5.24,5.40,7200,4.59
2012-06-12,5.27,5.42,5.27,5.37,11300,4.47
2012-06-11,5.48,5.51,5.05,5.05,11400,4.20
2012-06-08,5.48,5.48,5.37,5.40,10500,4.49
2012-06-07,5.41,5.51,5.41,5.46,9400,4.54
2012-06-06,5.31,5.65,5.25,5.42,30400,4.51
2012-06-05,5.38,5.38,5.23,5.31,18400,4.42
2012-06-04,5.26,5.34,5.22,5.30,23900,4.41
2012-06-01,5.31,5.34,5.15,5.32,42200,4.42
2012-05-31,5.41,5.41,5.24,5.31,24900,4.42
2012-05-30,5.39,5.47,5.32,5.39,5700,4.48
2012-05-29,5.47,5.54,5.36,5.36,13400,4.46
2012-05-25,5.42,5.46,5.34,5.42,8500,4.51
2012-05-24,5.38,5.44,5.28,5.42,18100,4.51
2012-05-23,5.30,5.43,5.27,5.40,17000,4.49
2012-05-22,5.30,5.48,5.22,5.35,35000,4.45
2012-05-21,5.21,5.27,5.19,5.27,10300,4.38
2012-05-18,5.28,5.28,5.21,5.21,2300,4.33
2012-05-17,5.32,5.32,5.24,5.25,11300,4.37
2012-05-16,5.44,5.45,5.32,5.32,7400,4.42
2012-05-15,5.41,5.42,5.38,5.40,11000,4.49
2012-05-14,5.49,5.49,5.40,5.44,13300,4.52
2012-05-11,5.55,5.62,5.48,5.49,9500,4.57
2012-05-10,5.52,5.58,5.50,5.57,10000,4.63
2012-05-09,5.54,5.54,5.47,5.47,12000,4.55
2012-05-08,5.52,5.55,5.49,5.55,11700,4.62
2012-05-07,5.58,5.59,5.53,5.55,4000,4.62
2012-05-04,5.61,5.61,5.54,5.58,13400,4.64
2012-05-03,5.65,5.65,5.57,5.58,8400,4.64
2012-05-02,5.66,5.66,5.60,5.62,10000,4.67
2012-05-01,5.63,5.63,5.60,5.63,5100,4.68
2012-04-30,5.54,5.63,5.54,5.63,9200,4.68
2012-04-27,5.66,5.66,5.55,5.55,9500,4.62
2012-04-26,5.57,5.63,5.55,5.63,7500,4.68
2012-04-25,5.56,5.60,5.52,5.54,20500,4.61
2012-04-24,5.53,5.60,5.50,5.57,13700,4.63
2012-04-23,5.52,5.54,5.44,5.49,14200,4.57
2012-04-20,5.56,5.56,5.44,5.52,41000,4.59
2012-04-19,5.51,5.55,5.50,5.52,23400,4.59
2012-04-18,5.58,5.62,5.49,5.54,26100,4.61
2012-04-17,5.56,5.69,5.52,5.58,10800,4.64
2012-04-16,5.47,5.56,5.45,5.49,14900,4.57
2012-04-13,5.53,5.54,5.40,5.50,12900,4.57
2012-04-12,5.53,5.59,5.44,5.51,18200,4.58
2012-04-11,5.66,5.66,5.46,5.49,22100,4.57
2012-04-10,5.59,5.60,5.48,5.57,20300,4.63
2012-04-09,5.54,5.64,5.49,5.63,20000,4.68
2012-04-05,5.52,5.66,5.50,5.66,15200,4.71
2012-04-04,5.64,5.85,5.53,5.57,42200,4.63
2012-04-03,5.92,6.05,5.63,5.67,24800,4.72
2012-04-02,5.85,5.85,5.72,5.85,17600,4.87
2012-03-30,5.66,6.05,5.66,5.87,24900,4.88
2012-03-29,5.83,5.83,5.66,5.69,8900,4.73
2012-03-28,5.83,5.83,5.76,5.82,37000,4.84
2012-03-27,5.78,5.83,5.70,5.83,31200,4.85
2012-03-26,5.65,5.83,5.59,5.75,63000,4.78
2012-03-23,5.66,5.66,5.50,5.56,43800,4.62
2012-03-22,5.58,5.61,5.52,5.61,54900,4.67
2012-03-21,5.55,5.61,5.54,5.60,25200,4.66
2012-03-20,5.60,5.60,5.54,5.59,30000,4.65
2012-03-19,5.64,5.65,5.56,5.57,56600,4.63
2012-03-16,5.55,5.76,5.54,5.68,26400,4.72
2012-03-15,5.63,5.63,5.51,5.58,28900,4.64
2012-03-14,5.50,5.60,5.49,5.53,49200,4.60
2012-03-13,5.63,5.71,5.60,5.64,85500,4.59
2012-03-12,5.60,5.60,5.54,5.58,9800,4.54
2012-03-09,5.59,5.60,5.54,5.57,24500,4.53
2012-03-08,5.56,5.57,5.54,5.56,11100,4.53
2012-03-07,5.54,5.57,5.51,5.56,16600,4.53
2012-03-06,5.63,5.63,5.48,5.48,23200,4.46
2012-03-05,5.66,5.68,5.59,5.63,16100,4.58
2012-03-02,5.72,5.72,5.65,5.71,22600,4.65
2012-03-01,5.70,5.70,5.64,5.65,12000,4.60
2012-02-29,5.71,5.71,5.58,5.66,23900,4.61
2012-02-28,5.68,5.68,5.62,5.67,14900,4.62
2012-02-27,5.69,5.71,5.62,5.69,23300,4.63
2012-02-24,5.64,5.65,5.58,5.65,18800,4.60
2012-02-23,5.63,5.63,5.48,5.60,13000,4.56
2012-02-22,5.52,5.60,5.52,5.60,10800,4.56
2012-02-21,5.62,5.64,5.53,5.54,28900,4.51
2012-02-17,5.57,5.60,5.55,5.59,24300,4.55
2012-02-16,5.56,5.60,5.54,5.54,23900,4.51
2012-02-15,5.52,5.58,5.52,5.56,24700,4.53
2012-02-14,5.60,5.60,5.53,5.54,33000,4.51
2012-02-13,5.60,5.60,5.55,5.59,9300,4.55
2012-02-10,5.60,5.60,5.57,5.57,24500,4.53
2012-02-09,5.57,5.60,5.57,5.60,7100,4.56
2012-02-08,5.59,5.60,5.55,5.60,23900,4.56
2012-02-07,5.55,5.56,5.50,5.56,19900,4.53
2012-02-06,5.54,5.54,5.46,5.51,16400,4.48
2012-02-03,5.50,5.57,5.46,5.55,14500,4.52
2012-02-02,5.42,5.50,5.42,5.50,9700,4.48
2012-02-01,5.45,5.48,5.43,5.45,28600,4.44
2012-01-31,5.45,5.45,5.39,5.42,28200,4.41
2012-01-30,5.38,5.42,5.31,5.42,17400,4.41
2012-01-27,5.36,5.40,5.35,5.40,30300,4.40
2012-01-26,5.43,5.44,5.37,5.37,37000,4.37
2012-01-25,5.38,5.41,5.35,5.38,35800,4.38
2012-01-24,5.35,5.39,5.34,5.34,23000,4.35
2012-01-23,5.36,5.39,5.34,5.37,16000,4.37
2012-01-20,5.31,5.36,5.30,5.36,18700,4.36
2012-01-19,5.39,5.39,5.31,5.31,20200,4.32
2012-01-18,5.35,5.35,5.30,5.33,20700,4.34
2012-01-17,5.40,5.40,5.27,5.32,39000,4.33
2012-01-13,5.30,5.31,5.23,5.31,28700,4.32
2012-01-12,5.29,5.29,5.23,5.28,20600,4.30
2012-01-11,5.33,5.33,5.27,5.29,19000,4.31
2012-01-10,5.31,5.34,5.29,5.30,11700,4.31
2012-01-09,5.29,5.31,5.25,5.30,22400,4.31
2012-01-06,5.24,5.30,5.23,5.24,32800,4.27
2012-01-05,5.27,5.29,5.19,5.28,7500,4.30
2012-01-04,5.26,5.26,5.21,5.26,13200,4.28
2012-01-03,5.22,5.26,5.19,5.24,23900,4.27
2011-12-30,5.21,5.21,5.08,5.11,29200,4.16
2011-12-29,5.14,5.17,5.05,5.17,23400,4.21
2011-12-28,5.15,5.15,5.05,5.10,79900,4.15
2011-12-27,5.29,5.29,5.15,5.18,50200,4.22
2011-12-23,5.33,5.33,5.21,5.26,24300,4.28
2011-12-22,5.30,5.31,5.21,5.31,39900,4.32
2011-12-21,5.19,5.30,5.17,5.30,37700,4.31
2011-12-20,5.25,5.27,5.20,5.22,33800,4.25
2011-12-19,5.20,5.21,5.12,5.17,45700,4.21
2011-12-16,5.22,5.22,5.11,5.17,25600,4.21
2011-12-15,5.21,5.21,5.07,5.14,11300,4.18
2011-12-14,5.17,5.17,5.06,5.13,16800,4.18
2011-12-13,5.20,5.20,5.10,5.14,16200,4.18
2011-12-12,5.24,5.26,5.12,5.17,19800,4.21
2011-12-09,5.27,5.30,5.12,5.21,51400,4.24
2011-12-08,5.30,5.33,5.24,5.33,19500,4.24
2011-12-07,5.27,5.36,5.23,5.36,25800,4.26
2011-12-06,5.33,5.33,5.25,5.31,19800,4.22
2011-12-05,5.40,5.40,5.27,5.38,9000,4.28
2011-12-02,5.31,5.32,5.17,5.29,30300,4.21
2011-12-01,5.21,5.26,5.21,5.25,19400,4.18
2011-11-30,5.14,5.23,5.12,5.22,19300,4.15
2011-11-29,5.09,5.13,5.00,5.02,19000,3.99
2011-11-28,5.17,5.17,5.06,5.12,12800,4.07
2011-11-25,5.03,5.09,4.98,5.05,13500,4.02
2011-11-23,5.08,5.10,5.00,5.03,32500,4.00
2011-11-22,5.09,5.10,5.07,5.08,13800,4.04
2011-11-21,5.09,5.13,4.97,5.07,34100,4.03
2011-11-18,5.18,5.23,5.07,5.07,15800,4.03
2011-11-17,5.14,5.19,5.10,5.11,51800,4.07
2011-11-16,5.22,5.23,5.11,5.19,34900,4.13
2011-11-15,5.13,5.22,5.13,5.17,18400,4.11
2011-11-14,5.21,5.28,5.18,5.18,22100,4.12
2011-11-11,5.28,5.29,5.21,5.21,16400,4.15
2011-11-10,5.29,5.32,5.20,5.20,17500,4.14
2011-11-09,5.33,5.33,5.21,5.25,19000,4.18
2011-11-08,5.29,5.36,5.29,5.33,9900,4.24
2011-11-07,5.32,5.37,5.17,5.25,12900,4.18
2011-11-04,5.31,5.35,5.27,5.30,19300,4.22
2011-11-03,5.42,5.42,5.28,5.40,39200,4.30
2011-11-02,5.32,5.34,5.27,5.34,18200,4.25
2011-11-01,5.25,5.26,5.20,5.22,12000,4.15
2011-10-31,5.38,5.40,5.31,5.32,21200,4.23
2011-10-28,5.28,5.41,5.28,5.41,15400,4.30
2011-10-27,5.37,5.39,5.28,5.36,26800,4.26
2011-10-26,5.28,5.28,5.17,5.28,18800,4.20
2011-10-25,5.23,5.25,5.19,5.22,22800,4.15
2011-10-24,5.30,5.30,5.23,5.27,7900,4.19
2011-10-21,5.23,5.27,5.19,5.25,12500,4.18
2011-10-20,5.22,5.23,5.11,5.23,25200,4.16
2011-10-19,5.07,5.21,5.07,5.16,38500,4.11
2011-10-18,5.06,5.14,5.06,5.08,28000,4.04
2011-10-17,5.14,5.14,5.07,5.07,8300,4.03
2011-10-14,5.10,5.10,5.07,5.10,19800,4.06
2011-10-13,5.13,5.15,4.93,5.10,28100,4.06
2011-10-12,5.03,5.11,5.03,5.09,9100,4.05
2011-10-11,5.02,5.06,5.02,5.02,4600,3.99
2011-10-10,5.01,5.08,4.97,5.08,2900,4.04
2011-10-07,5.01,5.05,4.90,5.00,30600,3.98
2011-10-06,4.86,5.03,4.84,5.01,25000,3.99
2011-10-05,4.75,4.96,4.72,4.90,36600,3.90
2011-10-04,4.98,4.98,4.72,4.72,60400,3.76
2011-10-03,5.06,5.09,4.98,5.02,23300,3.99
2011-09-30,5.11,5.13,5.05,5.10,19300,4.06
2011-09-29,5.24,5.24,5.12,5.12,4600,4.07
2011-09-28,5.17,5.23,5.13,5.22,40600,4.15
2011-09-27,5.12,5.23,5.09,5.14,39100,4.09
2011-09-26,5.13,5.14,4.93,5.09,55700,4.05
2011-09-23,5.22,5.22,4.95,5.03,34500,4.00
2011-09-22,5.06,5.06,4.91,5.03,16300,4.00
2011-09-21,5.23,5.25,5.11,5.11,18300,4.07
2011-09-20,5.31,5.31,5.24,5.25,32900,4.18
2011-09-19,5.30,5.30,5.22,5.27,32200,4.19
2011-09-16,5.31,5.41,5.29,5.32,31100,4.23
2011-09-15,5.50,5.54,5.20,5.33,38200,4.24
2011-09-14,5.31,5.48,5.30,5.48,39300,4.36
2011-09-13,5.45,5.48,5.41,5.41,10000,4.21
2011-09-12,5.47,5.47,5.38,5.41,13700,4.21
2011-09-09,5.50,5.51,5.47,5.48,4900,4.26
2011-09-08,5.60,5.65,5.50,5.55,13600,4.32
2011-09-07,5.61,5.65,5.50,5.58,22900,4.34
2011-09-06,5.51,5.51,5.38,5.43,12500,4.22
2011-09-02,5.53,5.53,5.48,5.50,9000,4.28
2011-09-01,5.64,5.64,5.56,5.58,10900,4.34
2011-08-31,5.54,5.63,5.54,5.60,13700,4.36
2011-08-30,5.50,5.55,5.50,5.55,8200,4.32
2011-08-29,5.49,5.58,5.48,5.50,40100,4.28
2011-08-26,5.35,5.49,5.35,5.47,3200,4.26
2011-08-25,5.49,5.49,5.35,5.42,14500,4.22
2011-08-24,5.37,5.47,5.37,5.44,21100,4.23
2011-08-23,5.31,5.41,5.31,5.41,1900,4.21
2011-08-22,5.27,5.36,5.27,5.30,16000,4.12
2011-08-19,5.20,5.44,5.16,5.24,14600,4.08
2011-08-18,5.13,5.38,5.13,5.36,16800,4.17
2011-08-17,5.46,5.55,5.25,5.46,12900,4.25
2011-08-16,5.46,5.55,5.44,5.46,14400,4.25
2011-08-15,5.45,5.56,5.44,5.54,18500,4.31
2011-08-12,5.51,5.51,5.38,5.42,16100,4.22
2011-08-11,5.25,5.42,5.20,5.37,17200,4.18
2011-08-10,5.11,5.31,5.10,5.21,25100,4.05
2011-08-09,5.18,5.28,5.12,5.21,55000,4.05
2011-08-08,5.40,5.40,5.00,5.03,46700,3.91
2011-08-05,5.64,5.64,5.29,5.45,36200,4.24
2011-08-04,5.80,5.80,5.40,5.56,42500,4.33
2011-08-03,5.74,5.80,5.70,5.79,22500,4.50
2011-08-02,5.75,5.79,5.73,5.76,11800,4.48
2011-08-01,5.80,5.86,5.78,5.79,21700,4.50
2011-07-29,5.81,5.81,5.72,5.76,12400,4.48
2011-07-28,5.79,5.91,5.70,5.80,37600,4.51
2011-07-27,5.94,5.94,5.83,5.83,53200,4.54
2011-07-26,5.95,6.01,5.95,6.01,21500,4.68
2011-07-25,5.94,5.99,5.94,5.97,20300,4.64
2011-07-22,6.08,6.08,6.01,6.06,18200,4.71
2011-07-21,5.99,6.06,5.99,6.06,34500,4.71
2011-07-20,5.97,6.04,5.97,6.00,12300,4.67
2011-07-19,6.06,6.08,5.96,5.99,3700,4.66
2011-07-18,6.03,6.08,5.98,6.01,14700,4.68
2011-07-15,6.02,6.14,6.00,6.01,21300,4.68
2011-07-14,6.13,6.13,6.02,6.02,16300,4.68
2011-07-13,6.11,6.17,6.11,6.16,5100,4.79
2011-07-12,6.20,6.20,6.09,6.13,11000,4.77
2011-07-11,6.15,6.21,6.10,6.17,21700,4.80
2011-07-08,6.19,6.24,6.13,6.15,13600,4.78
2011-07-07,6.14,6.35,6.13,6.25,59900,4.86
2011-07-06,6.26,6.32,6.06,6.15,57000,4.78
2011-07-05,6.23,6.40,6.23,6.32,8800,4.92
2011-07-01,6.19,6.37,6.19,6.26,13800,4.87
2011-06-30,6.21,6.33,6.21,6.23,11400,4.85
2011-06-29,6.20,6.24,6.15,6.24,5500,4.85
2011-06-28,6.18,6.23,6.06,6.23,29300,4.85
2011-06-27,6.22,6.31,6.10,6.19,30700,4.82
2011-06-24,6.26,6.29,6.12,6.21,13500,4.83
2011-06-23,6.14,6.26,6.07,6.26,13000,4.87
2011-06-22,6.06,6.27,6.06,6.13,11900,4.77
2011-06-21,6.07,6.20,6.04,6.10,4600,4.75
2011-06-20,6.06,6.09,6.00,6.09,8100,4.74
2011-06-17,6.01,6.12,5.97,6.04,34300,4.70
2011-06-16,6.01,6.25,5.94,6.04,31300,4.70
2011-06-15,5.95,6.14,5.85,5.97,37100,4.64
2011-06-14,5.95,6.01,5.85,6.01,26900,4.68
2011-06-13,5.97,6.14,5.91,6.00,35700,4.57
2011-06-10,6.02,6.03,5.96,5.96,13700,4.54
2011-06-09,6.04,6.09,6.02,6.05,26400,4.61
2011-06-08,6.16,6.19,6.05,6.09,18400,4.64
2011-06-07,6.16,6.24,6.13,6.13,17600,4.67
2011-06-06,6.25,6.25,6.15,6.17,14900,4.70
2011-06-03,6.27,6.32,6.26,6.27,7100,4.78
2011-06-02,6.35,6.37,6.22,6.29,34100,4.80
2011-06-01,6.31,6.40,6.31,6.35,23800,4.84
2011-05-31,6.41,6.41,6.21,6.29,32200,4.80
2011-05-27,6.46,6.46,6.36,6.37,2700,4.86
2011-05-26,6.40,6.43,6.36,6.38,11300,4.86
2011-05-25,6.42,6.42,6.36,6.40,16100,4.88
2011-05-24,6.45,6.45,6.41,6.44,9900,4.91
2011-05-23,6.45,6.50,6.44,6.45,11200,4.92
2011-05-20,6.45,6.51,6.45,6.48,11400,4.94
2011-05-19,6.50,6.53,6.47,6.51,8800,4.96
2011-05-18,6.46,6.50,6.46,6.46,11300,4.93
2011-05-17,6.53,6.53,6.43,6.45,16800,4.92
2011-05-16,6.49,6.53,6.45,6.49,6800,4.95
2011-05-13,6.59,6.59,6.42,6.44,18600,4.91
2011-05-12,6.52,6.53,6.49,6.52,2900,4.97
2011-05-11,6.54,6.57,6.51,6.55,4100,4.99
2011-05-10,6.44,6.57,6.44,6.55,6200,4.99
2011-05-09,6.67,6.67,6.38,6.45,21000,4.92
2011-05-06,6.61,6.61,6.53,6.61,6300,5.04
2011-05-05,6.65,6.69,6.55,6.61,10100,5.04
2011-05-04,6.68,6.68,6.57,6.62,12000,5.05
2011-05-03,6.59,6.70,6.56,6.65,16000,5.07
2011-05-02,6.55,6.59,6.52,6.59,11000,5.02
2011-04-29,6.47,6.55,6.47,6.55,28000,4.99
2011-04-28,6.44,6.48,6.41,6.48,19400,4.94
2011-04-27,6.36,6.43,6.34,6.41,15300,4.89
2011-04-26,6.44,6.44,6.32,6.32,34500,4.82
2011-04-25,6.49,6.50,6.33,6.39,41300,4.87
2011-04-21,6.44,6.47,6.38,6.45,15400,4.92
2011-04-20,6.45,6.45,6.38,6.43,15600,4.90
2011-04-19,6.40,6.44,6.32,6.44,15200,4.91
2011-04-18,6.40,6.40,6.26,6.34,18800,4.83
2011-04-15,6.38,6.42,6.32,6.42,13000,4.89
2011-04-14,6.31,6.39,6.21,6.36,19500,4.85
2011-04-13,6.30,6.32,6.24,6.30,16100,4.80
2011-04-12,6.40,6.40,6.27,6.31,11900,4.81
2011-04-11,6.51,6.51,6.38,6.40,14900,4.88
2011-04-08,6.61,6.61,6.46,6.51,9200,4.96
2011-04-07,6.56,6.58,6.51,6.58,4300,5.02
2011-04-06,6.62,6.62,6.51,6.52,19100,4.97
2011-04-05,6.58,6.58,6.48,6.52,9300,4.97
2011-04-04,6.52,6.61,6.44,6.59,30700,5.02
2011-04-01,6.53,6.54,6.47,6.48,24100,4.94
2011-03-31,6.56,6.62,6.52,6.56,30600,5.00
2011-03-30,6.62,6.62,6.51,6.58,16900,5.02
2011-03-29,6.55,6.55,6.49,6.51,13500,4.96
2011-03-28,6.57,6.58,6.53,6.55,16000,4.99
2011-03-25,6.58,6.62,6.52,6.58,22500,5.02
2011-03-24,6.49,6.59,6.49,6.53,20700,4.98
2011-03-23,6.59,6.59,6.40,6.50,9700,4.96
2011-03-22,6.56,6.63,6.43,6.63,22000,5.05
2011-03-21,6.54,6.57,6.44,6.55,17900,4.99
2011-03-18,6.35,6.46,6.29,6.41,11600,4.89
2011-03-17,6.22,6.33,6.22,6.28,23100,4.79
2011-03-16,6.33,6.34,6.19,6.19,20500,4.72
2011-03-15,6.29,6.35,6.25,6.29,28500,4.80
2011-03-14,6.48,6.50,6.45,6.48,25800,4.85
2011-03-11,6.52,6.53,6.45,6.52,11700,4.88
2011-03-10,6.59,6.60,6.45,6.48,13100,4.85
2011-03-09,6.58,6.64,6.47,6.56,30900,4.91
2011-03-08,6.39,6.56,6.39,6.48,18300,4.85
2011-03-07,6.46,6.62,6.37,6.41,42100,4.80
2011-03-04,6.41,6.59,6.41,6.45,36100,4.83
2011-03-03,6.64,6.70,6.45,6.47,70700,4.84
2011-03-02,6.63,6.68,6.63,6.63,7900,4.96
2011-03-01,6.70,6.70,6.60,6.62,75000,4.95
2011-02-28,6.70,6.77,6.52,6.71,21000,5.02
2011-02-25,6.78,6.79,6.62,6.65,44200,4.98
2011-02-24,6.73,6.81,6.70,6.73,52600,5.04
2011-02-23,6.76,6.79,6.65,6.75,44700,5.05
2011-02-22,6.68,6.85,6.42,6.80,36400,5.09
2011-02-18,6.69,6.83,6.66,6.82,29400,5.10
2011-02-17,6.45,6.67,6.45,6.67,19300,4.99
2011-02-16,6.58,6.64,6.56,6.57,23700,4.92
2011-02-15,6.65,6.67,6.53,6.59,15100,4.93
2011-02-14,6.63,6.66,6.54,6.59,12600,4.93
2011-02-11,6.57,6.66,6.53,6.60,13400,4.94
2011-02-10,6.50,6.66,6.48,6.53,52600,4.89
2011-02-09,6.57,6.58,6.52,6.55,14400,4.90
2011-02-08,6.42,6.60,6.37,6.60,33000,4.94
2011-02-07,6.36,6.45,6.36,6.37,17600,4.77
2011-02-04,6.50,6.51,6.35,6.38,50200,4.77
2011-02-03,6.52,6.52,6.40,6.40,18700,4.79
2011-02-02,6.55,6.62,6.43,6.48,22300,4.85
2011-02-01,6.39,6.54,6.35,6.52,23900,4.88
2011-01-31,6.29,6.48,6.29,6.39,22000,4.78
2011-01-28,6.36,6.36,6.30,6.36,14000,4.76
2011-01-27,6.27,6.36,6.27,6.36,25100,4.76
2011-01-26,6.26,6.36,6.26,6.27,24700,4.69
2011-01-25,6.26,6.35,6.23,6.31,29300,4.72
2011-01-24,6.39,6.39,6.20,6.20,33100,4.64
2011-01-21,6.32,6.39,6.25,6.39,29100,4.78
2011-01-20,6.32,6.32,6.24,6.32,22000,4.73
2011-01-19,6.20,6.31,6.17,6.30,30700,4.71
2011-01-18,6.27,6.27,6.19,6.20,14800,4.64
2011-01-14,6.23,6.28,6.22,6.25,13000,4.68
2011-01-13,6.30,6.30,6.16,6.16,17000,4.61
2011-01-12,6.21,6.30,6.15,6.30,15300,4.71
2011-01-11,6.12,6.17,6.08,6.17,29500,4.62
2011-01-10,6.08,6.13,6.07,6.08,9400,4.55
2011-01-07,6.09,6.12,6.07,6.11,31000,4.57
2011-01-06,6.13,6.13,6.00,6.07,56300,4.54
2011-01-05,6.13,6.15,6.04,6.09,18400,4.56
2011-01-04,6.11,6.12,6.05,6.12,10300,4.58
2011-01-03,6.15,6.17,6.04,6.07,23000,4.54
2010-12-31,6.12,6.14,6.07,6.12,14300,4.58
2010-12-30,6.13,6.15,6.01,6.02,63400,4.50
2010-12-29,6.01,6.11,6.01,6.01,14900,4.50
2010-12-28,6.12,6.12,6.03,6.04,18700,4.52
2010-12-27,6.15,6.15,6.06,6.10,8900,4.56
2010-12-23,6.14,6.15,6.05,6.15,11600,4.60
2010-12-22,6.00,6.13,6.00,6.12,11700,4.58
2010-12-21,6.07,6.15,6.02,6.03,11300,4.51
2010-12-20,6.02,6.18,6.02,6.05,21700,4.53
2010-12-17,6.25,6.26,6.03,6.03,21800,4.51
2010-12-16,6.14,6.34,6.08,6.14,22000,4.59
2010-12-15,6.05,6.12,6.00,6.11,14600,4.57
2010-12-14,6.09,6.22,6.00,6.03,22200,4.51
2010-12-13,6.20,6.24,6.03,6.10,13700,4.56
2010-12-10,6.07,6.12,6.00,6.00,16300,4.49
2010-12-09,6.02,6.21,6.02,6.18,20200,4.52
2010-12-08,6.17,6.21,6.14,6.19,23500,4.53
2010-12-07,6.15,6.25,6.12,6.14,77200,4.49
2010-12-06,6.17,6.17,6.08,6.12,24100,4.48
2010-12-03,6.05,6.14,6.05,6.12,29100,4.48
2010-12-02,6.02,6.09,6.02,6.09,8000,4.45
2010-12-01,6.07,6.07,6.02,6.06,33900,4.43
2010-11-30,6.05,6.05,6.00,6.01,9600,4.40
2010-11-29,6.08,6.08,5.97,6.01,13400,4.40
2010-11-26,6.04,6.06,6.01,6.01,7100,4.40
2010-11-24,6.12,6.12,6.00,6.00,22600,4.39
2010-11-23,6.04,6.04,5.98,5.99,24300,4.38
2010-11-22,5.98,6.08,5.98,6.04,22500,4.42
2010-11-19,6.04,6.07,6.00,6.03,24600,4.41
2010-11-18,6.09,6.09,5.97,6.00,11300,4.39
2010-11-17,5.97,6.03,5.90,6.01,12400,4.40
2010-11-16,5.98,5.98,5.90,5.93,51900,4.34
2010-11-15,6.00,6.02,5.96,6.01,32900,4.40
2010-11-12,6.01,6.05,5.94,5.96,25100,4.36
2010-11-11,6.07,6.07,5.96,6.01,28700,4.40
2010-11-10,6.00,6.03,5.99,6.03,31700,4.41
2010-11-09,6.05,6.06,5.98,6.01,21700,4.40
2010-11-08,6.04,6.06,6.00,6.00,24900,4.39
2010-11-05,6.02,6.05,5.98,6.05,29200,4.42
2010-11-04,5.98,6.01,5.98,6.01,21600,4.40
2010-11-03,5.97,5.99,5.95,5.99,19300,4.38
2010-11-02,5.93,5.96,5.93,5.95,15200,4.35
2010-11-01,5.96,5.96,5.92,5.92,14000,4.33
2010-10-29,5.94,5.95,5.91,5.91,8900,4.32
2010-10-28,5.93,5.97,5.93,5.97,6300,4.37
2010-10-27,5.95,5.95,5.86,5.93,15300,4.34
2010-10-26,5.90,5.97,5.88,5.93,51900,4.34
2010-10-25,5.94,5.94,5.88,5.91,15200,4.32
2010-10-22,5.93,5.93,5.90,5.90,5700,4.31
2010-10-21,5.92,5.94,5.87,5.93,29600,4.34
2010-10-20,5.89,5.92,5.89,5.89,18400,4.31
2010-10-19,5.88,5.91,5.85,5.85,16200,4.28
2010-10-18,5.89,5.92,5.86,5.88,17200,4.30
2010-10-15,5.95,5.95,5.84,5.86,26400,4.29
2010-10-14,5.92,5.94,5.90,5.90,14400,4.31
2010-10-13,5.91,5.95,5.91,5.94,13600,4.34
2010-10-12,5.86,5.90,5.81,5.90,59200,4.31
2010-10-11,5.93,5.93,5.88,5.91,14500,4.32
2010-10-08,5.85,5.90,5.84,5.90,12100,4.31
2010-10-07,5.91,5.91,5.82,5.86,23700,4.29
2010-10-06,5.93,5.93,5.86,5.88,7200,4.30
2010-10-05,5.82,5.92,5.82,5.89,7200,4.31
2010-10-04,5.92,5.95,5.80,5.84,26900,4.27
2010-10-01,5.84,5.91,5.84,5.89,12600,4.31
2010-09-30,5.87,5.94,5.82,5.86,24800,4.29
2010-09-29,5.86,5.98,5.86,5.91,31900,4.32
2010-09-28,5.86,5.94,5.80,5.89,64700,4.31
2010-09-27,5.79,5.86,5.79,5.83,53400,4.26
2010-09-24,5.89,5.89,5.79,5.81,40500,4.25
2010-09-23,5.83,5.87,5.79,5.79,15000,4.23
2010-09-22,5.85,5.85,5.80,5.80,7800,4.24
2010-09-21,5.85,5.85,5.77,5.80,11700,4.24
2010-09-20,5.74,5.87,5.72,5.82,37900,4.26
2010-09-17,5.66,5.72,5.66,5.72,6500,4.18
2010-09-16,5.66,5.70,5.66,5.70,7300,4.17
2010-09-15,5.70,5.70,5.65,5.68,11600,4.15
2010-09-14,5.75,5.75,5.65,5.70,8800,4.17
2010-09-13,5.90,5.90,5.76,5.76,13900,4.13
2010-09-10,5.77,5.80,5.76,5.80,21200,4.16
2010-09-09,5.83,5.83,5.73,5.79,18500,4.15
2010-09-08,5.72,5.78,5.72,5.74,15300,4.12
2010-09-07,5.75,5.75,5.71,5.74,13400,4.12
2010-09-03,5.72,5.78,5.72,5.75,9400,4.12
2010-09-02,5.77,5.80,5.68,5.71,20900,4.10
2010-09-01,5.64,5.83,5.64,5.76,51600,4.13
2010-08-31,5.66,5.80,5.66,5.68,36900,4.07
2010-08-30,5.62,5.74,5.62,5.68,22600,4.07
2010-08-27,5.67,5.70,5.60,5.62,23500,4.03
2010-08-26,5.70,5.73,5.62,5.69,26500,4.08
2010-08-25,5.69,5.70,5.60,5.70,10200,4.09
2010-08-24,5.80,5.80,5.65,5.69,22800,4.08
2010-08-23,5.78,5.78,5.71,5.73,27700,4.11
2010-08-20,5.75,5.75,5.67,5.74,11000,4.12
2010-08-19,5.82,5.82,5.70,5.70,10200,4.09
2010-08-18,5.82,5.82,5.74,5.78,18400,4.15
2010-08-17,5.84,5.84,5.76,5.79,9500,4.15
2010-08-16,5.85,5.85,5.74,5.79,10000,4.15
2010-08-13,5.77,5.78,5.72,5.78,7900,4.15
2010-08-12,5.79,5.98,5.67,5.75,25500,4.12
2010-08-11,5.84,5.88,5.75,5.77,6500,4.14
2010-08-10,5.96,5.96,5.85,5.85,5700,4.20
2010-08-09,5.94,5.94,5.88,5.94,13300,4.26
2010-08-06,5.95,5.95,5.85,5.91,10100,4.24
2010-08-05,5.95,5.95,5.87,5.91,9600,4.24
2010-08-04,5.97,5.97,5.86,5.94,6100,4.26
2010-08-03,5.97,5.97,5.90,5.94,9000,4.26
2010-08-02,5.90,5.93,5.84,5.93,8400,4.25
2010-07-30,5.87,5.89,5.75,5.86,10700,4.20
2010-07-29,5.89,5.89,5.87,5.87,7900,4.21
2010-07-28,5.87,5.93,5.87,5.88,9300,4.22
2010-07-27,5.98,5.98,5.77,5.85,13500,4.20
2010-07-26,5.91,5.97,5.86,5.96,10200,4.28
2010-07-23,5.88,5.88,5.80,5.86,12100,4.20
2010-07-22,5.74,5.87,5.74,5.84,21400,4.19
2010-07-21,5.63,5.77,5.63,5.66,14700,4.06
2010-07-20,5.59,5.72,5.49,5.64,42100,4.05
2010-07-19,5.58,5.71,5.53,5.69,48800,4.08
2010-07-16,5.65,5.69,5.55,5.59,13500,4.01
2010-07-15,5.74,5.77,5.63,5.70,11600,4.09
2010-07-14,5.68,5.77,5.65,5.77,9800,4.14
2010-07-13,5.58,5.76,5.58,5.72,19000,4.10
2010-07-12,5.52,5.69,5.52,5.63,24000,4.04
2010-07-09,5.45,5.57,5.45,5.55,17400,3.98
2010-07-08,5.53,5.57,5.52,5.54,9500,3.97
2010-07-07,5.54,5.59,5.48,5.53,16300,3.97
2010-07-06,5.44,5.56,5.44,5.56,14600,3.99
2010-07-02,5.53,5.60,5.36,5.48,12900,3.93
2010-07-01,5.60,5.64,5.45,5.53,17100,3.97
2010-06-30,5.69,5.71,5.60,5.63,16800,4.04
2010-06-29,5.74,5.74,5.55,5.73,25700,4.11
2010-06-28,5.73,5.79,5.71,5.79,12900,4.15
2010-06-25,5.71,5.74,5.69,5.72,6000,4.10
2010-06-24,5.74,5.85,5.70,5.73,46700,4.11
2010-06-23,5.56,5.80,5.47,5.65,17900,4.05
2010-06-22,5.65,5.77,5.62,5.62,20300,4.03
2010-06-21,5.85,5.86,5.73,5.76,16700,4.13
2010-06-18,5.86,5.86,5.73,5.73,11800,4.11
2010-06-17,5.65,5.80,5.62,5.77,26800,4.14
2010-06-16,5.78,5.78,5.66,5.70,31400,4.09
2010-06-15,5.71,5.80,5.68,5.74,15500,4.12
2010-06-14,5.78,5.78,5.69,5.75,20200,4.12
2010-06-11,5.80,5.80,5.66,5.76,4800,4.05
2010-06-10,5.73,5.86,5.71,5.85,14400,4.12
2010-06-09,5.81,5.81,5.64,5.71,19800,4.02
2010-06-08,5.55,5.74,5.55,5.63,13700,3.96
2010-06-07,5.70,5.79,5.60,5.60,25600,3.94
2010-06-04,5.75,5.99,5.70,5.70,10300,4.01
2010-06-03,5.86,5.86,5.76,5.78,5400,4.07
2010-06-02,5.71,6.03,5.65,5.90,26700,4.15
2010-06-01,5.57,5.88,5.57,5.70,51600,4.01
2010-05-28,5.98,6.00,5.59,5.66,64000,3.98
2010-05-27,5.92,6.00,5.92,5.98,20800,4.21
2010-05-26,5.63,6.00,5.63,5.79,11900,4.07
2010-05-25,5.52,5.72,5.52,5.69,2600,4.00
2010-05-24,5.65,5.76,5.60,5.73,10900,4.03
2010-05-21,5.76,5.76,5.48,5.65,19500,3.98
2010-05-20,6.00,6.01,5.51,5.76,39100,4.05
2010-05-19,6.09,6.10,6.05,6.05,1900,4.26
2010-05-18,6.27,6.27,6.09,6.19,7500,4.36
2010-05-17,6.20,6.34,6.10,6.15,18800,4.33
2010-05-14,6.39,6.39,6.00,6.35,10800,4.47
2010-05-13,6.19,6.45,6.18,6.33,22800,4.45
2010-05-12,6.35,6.36,6.12,6.24,19000,4.39
2010-05-11,6.15,6.27,6.06,6.24,5000,4.39
2010-05-10,6.23,6.34,5.87,6.16,15700,4.33
2010-05-07,5.92,6.27,5.55,5.86,57000,4.12
2010-05-06,6.44,6.46,2.35,5.79,58000,4.07
2010-05-05,6.57,6.57,6.41,6.41,13200,4.51
2010-05-04,6.58,6.63,6.55,6.57,9400,4.62
2010-05-03,6.61,6.64,6.56,6.57,11000,4.62
2010-04-30,6.60,6.66,6.49,6.55,11400,4.61
2010-04-29,6.59,6.63,6.52,6.60,5700,4.64
2010-04-28,6.62,6.62,6.40,6.55,28900,4.61
2010-04-27,6.79,6.88,6.51,6.59,35700,4.64
2010-04-26,6.69,6.80,6.62,6.73,5900,4.74
2010-04-23,6.82,6.88,6.77,6.77,12200,4.76
2010-04-22,6.79,6.80,6.63,6.80,15300,4.78
2010-04-21,6.56,6.77,6.56,6.76,40000,4.76
2010-04-20,6.62,6.65,6.54,6.65,19100,4.68
2010-04-19,6.56,6.62,6.50,6.57,15200,4.62
2010-04-16,6.50,6.53,6.45,6.52,8900,4.59
2010-04-15,6.55,6.63,6.44,6.45,20500,4.54
2010-04-14,6.59,6.64,6.55,6.56,13800,4.62
2010-04-13,6.68,6.68,6.55,6.55,13500,4.61
2010-04-12,6.65,6.70,6.54,6.70,14600,4.71
2010-04-09,6.58,6.68,6.48,6.68,24200,4.70
2010-04-08,6.60,6.62,6.48,6.62,9700,4.66
2010-04-07,6.57,6.66,6.50,6.50,8900,4.57
2010-04-06,6.57,6.69,6.41,6.50,6000,4.57
2010-04-05,6.65,6.90,6.50,6.59,11000,4.64
2010-04-01,6.57,6.67,6.43,6.57,19600,4.62
2010-03-31,6.48,6.57,6.48,6.55,8600,4.61
2010-03-30,6.50,6.60,6.43,6.48,10400,4.56
2010-03-29,6.37,6.47,6.34,6.43,9700,4.52
2010-03-26,6.44,6.50,6.40,6.45,12000,4.54
2010-03-25,6.49,6.81,6.23,6.44,38700,4.53
2010-03-24,6.42,6.53,6.37,6.40,25100,4.50
2010-03-23,6.40,6.50,6.25,6.35,17300,4.47
2010-03-22,6.33,6.44,6.17,6.40,18400,4.50
2010-03-19,6.30,6.44,6.08,6.30,34400,4.43
2010-03-18,6.20,6.20,6.03,6.11,14300,4.30
2010-03-17,6.10,6.24,6.10,6.18,9800,4.35
2010-03-16,6.18,6.26,6.05,6.11,26800,4.30
2010-03-15,6.12,6.16,6.04,6.13,15600,4.31
2010-03-12,6.10,6.28,6.10,6.20,13500,4.29
2010-03-11,6.27,6.39,6.06,6.08,30100,4.20
2010-03-10,6.30,6.32,6.18,6.23,21700,4.31
2010-03-09,6.24,6.27,6.21,6.26,5800,4.33
2010-03-08,6.13,6.24,6.11,6.18,5000,4.27
2010-03-05,6.05,6.12,5.88,6.07,33500,4.20
2010-03-04,6.20,6.29,6.03,6.05,35300,4.18
2010-03-03,6.20,6.28,6.15,6.17,8300,4.26
2010-03-02,6.29,6.40,6.21,6.23,17800,4.31
2010-03-01,6.30,6.59,6.20,6.20,30600,4.29
2010-02-26,6.22,6.47,6.19,6.24,17400,4.31
2010-02-25,6.47,6.47,6.08,6.21,19900,4.29
2010-02-24,6.11,6.15,5.96,6.10,11300,4.22
2010-02-23,6.04,6.06,5.99,6.06,21400,4.19
2010-02-22,6.06,6.08,6.01,6.03,15100,4.17
2010-02-19,5.99,6.04,5.99,5.99,10300,4.14
2010-02-18,6.01,6.01,5.87,6.01,9300,4.15
2010-02-17,5.89,6.06,5.88,6.02,19300,4.16
2010-02-16,5.77,5.87,5.77,5.87,20900,4.06
2010-02-12,5.65,5.84,5.65,5.84,6400,4.04
2010-02-11,5.75,5.83,5.57,5.74,20600,3.97
2010-02-10,5.79,5.82,5.55,5.71,46400,3.95
2010-02-09,5.90,6.05,5.66,5.72,110800,3.95
2010-02-08,5.95,5.99,5.85,5.85,41000,4.04
2010-02-05,6.01,6.10,5.92,5.95,29500,4.11
2010-02-04,6.02,6.19,6.02,6.08,15700,4.20
2010-02-03,5.98,6.11,5.98,6.11,22400,4.22
2010-02-02,6.03,6.11,5.98,5.99,12500,4.14
2010-02-01,6.10,6.15,5.98,6.01,25400,4.15
2010-01-29,6.09,6.17,5.97,6.04,13800,4.17
2010-01-28,5.98,6.10,5.97,6.02,19100,4.16
2010-01-27,6.11,6.18,5.97,5.97,23600,4.13
2010-01-26,5.84,6.22,5.84,6.05,44400,4.18
2010-01-25,6.01,6.15,5.88,5.91,45400,4.08
2010-01-22,6.16,6.24,5.97,6.05,40900,4.18
2010-01-21,6.16,6.25,5.99,6.11,41100,4.22
2010-01-20,5.94,6.35,5.94,6.12,56900,4.23
2010-01-19,6.03,6.10,5.83,6.03,28000,4.17
2010-01-15,5.96,6.09,5.96,5.97,26300,4.13
2010-01-14,5.98,6.11,5.93,5.94,17900,4.11
2010-01-13,5.87,6.12,5.87,6.09,18700,4.21
2010-01-12,6.09,6.15,5.86,5.91,37100,4.08
2010-01-11,6.13,6.20,6.01,6.03,15700,4.17
2010-01-08,6.10,6.11,6.07,6.08,19900,4.20
2010-01-07,6.11,6.14,6.05,6.13,24200,4.24
2010-01-06,5.95,6.23,5.90,6.14,44400,4.24
2010-01-05,5.90,5.98,5.83,5.90,23000,4.08
2010-01-04,5.81,5.85,5.75,5.80,15900,4.01
2009-12-31,5.80,5.83,5.75,5.83,22300,4.03
2009-12-30,5.89,5.89,5.70,5.80,24700,4.01
2009-12-29,5.77,5.92,5.57,5.91,168000,4.08
2009-12-28,5.86,5.94,5.65,5.72,40400,3.95
2009-12-24,5.83,5.98,5.83,5.90,14600,4.08
2009-12-23,5.87,5.87,5.80,5.84,13200,4.04
2009-12-22,5.69,5.87,5.69,5.84,55400,4.04
2009-12-21,5.65,5.76,5.65,5.76,36200,3.98
2009-12-18,5.65,5.76,5.65,5.69,37900,3.93
2009-12-17,5.75,5.76,5.59,5.69,23000,3.93
2009-12-16,5.60,5.79,5.60,5.73,36600,3.96
2009-12-15,5.74,5.75,5.63,5.64,27100,3.90
2009-12-14,5.68,5.75,5.68,5.73,20100,3.96
2009-12-11,5.74,5.74,5.61,5.65,19000,3.91
2009-12-10,5.72,5.72,5.60,5.67,24600,3.92
2009-12-09,5.76,5.80,5.74,5.79,17700,3.92
2009-12-08,5.80,5.80,5.64,5.76,24600,3.90
2009-12-07,5.76,5.82,5.64,5.80,51500,3.93
2009-12-04,5.79,5.79,5.71,5.75,20400,3.89
2009-12-03,5.78,5.78,5.73,5.76,15600,3.90
2009-12-02,5.69,5.77,5.69,5.77,21900,3.91
2009-12-01,5.72,5.74,5.69,5.69,28100,3.85
2009-11-30,5.67,5.69,5.55,5.67,15100,3.84
2009-11-27,5.64,5.69,5.54,5.66,5400,3.83
2009-11-25,5.73,5.73,5.65,5.72,12300,3.87
2009-11-24,5.69,5.73,5.66,5.68,16400,3.84
2009-11-23,5.69,5.76,5.55,5.72,33500,3.87
2009-11-20,5.70,5.70,5.60,5.68,13000,3.84
2009-11-19,5.66,5.70,5.47,5.70,11900,3.86
2009-11-18,5.52,5.70,5.52,5.68,27500,3.84
2009-11-17,5.60,5.65,5.40,5.54,31400,3.75
2009-11-16,5.56,5.68,5.56,5.61,21300,3.80
2009-11-13,5.65,5.65,5.57,5.57,10500,3.77
2009-11-12,5.61,5.69,5.43,5.61,8700,3.80
2009-11-11,5.76,5.76,5.63,5.65,12300,3.82
2009-11-10,5.74,5.74,5.65,5.65,8700,3.82
2009-11-09,5.62,5.68,5.60,5.68,5900,3.84
2009-11-06,5.46,5.63,5.46,5.57,24200,3.77
2009-11-05,5.56,5.58,5.49,5.54,5900,3.75
2009-11-04,5.59,5.61,5.49,5.51,15200,3.73
2009-11-03,5.54,5.60,5.44,5.55,15700,3.76
2009-11-02,5.53,5.61,5.51,5.55,21200,3.76
2009-10-30,5.64,5.79,5.54,5.55,22300,3.76
2009-10-29,5.53,5.80,5.53,5.64,42000,3.82
2009-10-28,5.63,5.73,5.52,5.53,26800,3.74
2009-10-27,5.70,5.71,5.61,5.69,31300,3.85
2009-10-26,5.76,5.82,5.71,5.72,23200,3.87
2009-10-23,5.81,5.82,5.76,5.76,7600,3.90
2009-10-22,5.75,5.82,5.73,5.81,14300,3.93
2009-10-21,5.75,5.80,5.74,5.80,10600,3.93
2009-10-20,5.84,5.84,5.73,5.76,7800,3.90
2009-10-19,5.70,5.81,5.70,5.80,8100,3.93
2009-10-16,5.75,5.76,5.70,5.71,7400,3.86
2009-10-15,5.72,5.77,5.67,5.74,11600,3.89
2009-10-14,5.90,5.90,5.70,5.73,18500,3.88
2009-10-13,5.66,5.75,5.63,5.69,12400,3.85
2009-10-12,5.63,5.71,5.63,5.67,7400,3.84
2009-10-09,5.67,5.73,5.60,5.61,25400,3.80
2009-10-08,5.75,5.75,5.70,5.70,10900,3.86
2009-10-07,5.66,5.73,5.66,5.67,13000,3.84
2009-10-06,5.66,5.73,5.63,5.70,21900,3.86
2009-10-05,5.60,5.69,5.60,5.69,14300,3.85
2009-10-02,5.65,5.66,5.58,5.60,19300,3.79
2009-10-01,5.61,5.73,5.61,5.66,12000,3.83
2009-09-30,5.69,5.74,5.62,5.69,16500,3.85
2009-09-29,6.05,6.05,5.70,5.70,25500,3.86
2009-09-28,5.68,6.01,5.68,6.01,69700,4.07
2009-09-25,5.63,5.69,5.63,5.69,34600,3.85
2009-09-24,5.63,5.69,5.59,5.69,77400,3.85
2009-09-23,5.65,5.69,5.60,5.69,26000,3.85
2009-09-22,5.59,5.66,5.54,5.63,28700,3.81
2009-09-21,5.50,5.54,5.49,5.54,8800,3.75
2009-09-18,5.67,5.67,5.57,5.60,12600,3.79
2009-09-17,5.50,5.61,5.50,5.56,26600,3.76
2009-09-16,5.46,5.58,5.46,5.57,15600,3.77
2009-09-15,5.46,5.51,5.37,5.45,30400,3.69
2009-09-14,5.42,5.47,5.40,5.47,5700,3.70
2009-09-11,5.51,5.59,5.51,5.53,8700,3.68
2009-09-10,5.46,5.57,5.46,5.55,16300,3.69
2009-09-09,5.46,5.51,5.46,5.50,8900,3.66
2009-09-08,5.45,5.49,5.45,5.47,21000,3.64
2009-09-04,5.37,5.42,5.37,5.42,12900,3.60
2009-09-03,5.33,5.39,5.33,5.37,14800,3.57
2009-09-02,5.37,5.37,5.31,5.34,4100,3.55
2009-09-01,5.30,5.47,5.23,5.33,38000,3.54
2009-08-31,5.41,5.43,5.38,5.42,5900,3.60
2009-08-28,5.35,5.48,5.34,5.40,17300,3.59
2009-08-27,5.40,5.50,5.40,5.43,36900,3.61
2009-08-26,5.45,5.50,5.36,5.46,36000,3.63
2009-08-25,5.46,5.52,5.42,5.50,9600,3.66
2009-08-24,5.49,5.52,5.47,5.47,22500,3.64
2009-08-21,5.45,5.51,5.45,5.47,15700,3.64
2009-08-20,5.41,5.48,5.40,5.43,7000,3.61
2009-08-19,5.44,5.47,5.33,5.45,12000,3.62
2009-08-18,5.38,5.46,5.38,5.43,5900,3.61
2009-08-17,5.37,5.49,5.22,5.38,14800,3.58
2009-08-14,5.54,5.54,5.20,5.45,11800,3.62
2009-08-13,5.54,5.54,5.48,5.51,3600,3.66
2009-08-12,5.46,5.51,5.36,5.48,23600,3.64
2009-08-11,5.40,5.48,5.26,5.48,16800,3.64
2009-08-10,5.36,5.42,5.22,5.40,13700,3.59
2009-08-07,5.29,5.44,5.29,5.40,17800,3.59
2009-08-06,5.29,5.37,5.14,5.29,12300,3.52
2009-08-05,5.40,5.40,5.16,5.29,21900,3.52
2009-08-04,5.39,5.46,5.35,5.45,17700,3.62
2009-08-03,5.28,5.54,5.28,5.50,14400,3.66
2009-07-31,5.26,5.27,5.23,5.24,4800,3.48
2009-07-30,5.18,5.29,5.18,5.23,23700,3.48
2009-07-29,5.29,5.29,5.18,5.18,2400,3.44
2009-07-28,5.23,5.35,5.07,5.32,30800,3.54
2009-07-27,5.24,5.25,5.12,5.24,29300,3.48
2009-07-24,5.15,5.25,5.14,5.25,21200,3.49
2009-07-23,5.05,5.22,5.05,5.15,17200,3.42
2009-07-22,5.08,5.23,4.92,5.05,26300,3.36
2009-07-21,5.04,5.08,5.01,5.08,18100,3.38
2009-07-20,4.97,5.06,4.92,5.06,22000,3.36
2009-07-17,4.99,5.05,4.98,5.05,7700,3.36
2009-07-16,4.97,4.98,4.85,4.96,4300,3.30
2009-07-15,4.81,5.01,4.81,4.97,9100,3.30
2009-07-14,4.83,5.00,4.80,4.81,17700,3.20
2009-07-13,4.85,4.91,4.85,4.86,3200,3.23
2009-07-10,4.89,4.89,4.77,4.80,14800,3.19
2009-07-09,4.87,5.08,4.85,4.85,27400,3.22
2009-07-08,4.89,4.95,4.76,4.93,18700,3.28
2009-07-07,4.94,5.01,4.91,4.93,9800,3.28
2009-07-06,4.92,4.98,4.87,4.98,11200,3.31
2009-07-02,5.00,5.00,4.95,5.00,2900,3.32
2009-07-01,4.93,5.06,4.93,5.00,17800,3.32
2009-06-30,5.04,5.08,4.96,4.98,7500,3.31
2009-06-29,5.12,5.14,5.01,5.03,16300,3.34
2009-06-26,5.19,5.20,5.07,5.20,11100,3.46
2009-06-25,5.08,5.10,5.05,5.06,3800,3.36
2009-06-24,4.99,5.21,4.99,5.17,14300,3.44
2009-06-23,4.98,5.08,4.93,5.05,10600,3.36
2009-06-22,5.04,5.11,4.91,4.98,16300,3.31
2009-06-19,5.16,5.21,4.96,5.07,24100,3.37
2009-06-18,5.10,5.29,5.10,5.29,17400,3.52
2009-06-17,5.04,5.05,5.03,5.03,5300,3.34
2009-06-16,5.09,5.20,4.91,4.97,16600,3.30
2009-06-15,5.08,5.23,4.95,5.00,20000,3.32
2009-06-12,5.08,5.11,5.00,5.11,22700,3.40
2009-06-11,5.13,5.23,5.13,5.20,17800,3.39
2009-06-10,5.04,5.13,5.00,5.13,21100,3.34
2009-06-09,5.20,5.29,4.99,5.06,21200,3.30
2009-06-08,5.25,5.25,5.08,5.24,15700,3.42
2009-06-05,5.23,5.24,5.08,5.24,9900,3.42
2009-06-04,5.20,5.23,5.12,5.21,21800,3.40
2009-06-03,5.04,5.20,5.03,5.04,10800,3.29
2009-06-02,5.02,5.23,4.96,5.23,12800,3.41
2009-06-01,5.09,5.20,4.96,5.04,21000,3.29
2009-05-29,5.07,5.09,4.99,5.08,17000,3.31
2009-05-28,4.98,5.08,4.97,5.07,29200,3.30
2009-05-27,5.01,5.03,4.92,4.98,11000,3.25
2009-05-26,4.84,5.01,4.84,4.92,3900,3.21
2009-05-22,5.08,5.08,4.86,4.90,28800,3.19
2009-05-21,4.91,5.08,4.81,5.05,20500,3.29
2009-05-20,4.95,5.01,4.85,4.90,24500,3.19
2009-05-19,4.88,5.07,4.80,5.05,19000,3.29
2009-05-18,4.86,4.95,4.80,4.90,15300,3.19
2009-05-15,4.77,5.00,4.71,4.78,22200,3.12
2009-05-14,4.81,4.90,4.75,4.87,10600,3.17
2009-05-13,4.85,4.90,4.75,4.83,11700,3.15
2009-05-12,5.15,5.19,4.73,5.03,25300,3.28
2009-05-11,4.88,5.25,4.69,5.22,15600,3.40
2009-05-08,4.91,5.15,4.88,5.03,10100,3.28
2009-05-07,5.15,5.15,4.95,4.96,2500,3.23
2009-05-06,4.82,5.09,4.82,4.98,15800,3.25
2009-05-05,4.86,4.91,4.80,4.86,13200,3.17
2009-05-04,4.79,5.25,4.77,4.83,27200,3.15
2009-05-01,4.78,5.13,4.60,4.86,28700,3.17
2009-04-30,4.99,4.99,4.71,4.83,26900,3.15
2009-04-29,5.00,5.03,4.91,5.01,3600,3.27
2009-04-28,4.84,5.09,4.71,4.96,37400,3.23
2009-04-27,4.70,5.08,4.66,4.85,16500,3.16
2009-04-24,4.61,4.72,4.61,4.68,7900,3.05
2009-04-23,4.60,4.71,4.60,4.62,15000,3.01
2009-04-22,4.60,4.79,4.55,4.58,33400,2.99
2009-04-21,4.65,4.77,4.50,4.71,26900,3.07
2009-04-20,4.82,4.84,4.70,4.71,7100,3.07
2009-04-17,4.62,5.24,4.62,4.82,17400,3.14
2009-04-16,4.61,4.82,4.61,4.74,13300,3.09
2009-04-15,4.60,4.95,4.59,4.60,35000,3.00
2009-04-14,4.74,4.94,4.60,4.60,39400,3.00
2009-04-13,4.83,5.13,4.65,4.84,35900,3.15
2009-04-09,5.23,5.42,4.92,5.02,14100,3.27
2009-04-08,5.20,5.52,5.04,5.14,11800,3.35
2009-04-07,4.97,5.07,4.95,5.05,4900,3.29
2009-04-06,4.81,5.18,4.81,4.97,11400,3.24
2009-04-03,4.80,4.94,4.76,4.81,6800,3.14
2009-04-02,5.17,5.28,4.69,4.70,34500,3.06
2009-04-01,5.12,5.24,4.72,5.18,15600,3.38
2009-03-31,5.09,5.49,4.66,5.29,37500,3.45
2009-03-30,5.31,5.31,5.02,5.11,10300,3.33
2009-03-27,5.49,5.68,5.13,5.57,26600,3.63
2009-03-26,5.26,5.68,4.86,5.35,53400,3.49
2009-03-25,5.05,5.38,4.99,5.10,15000,3.32
2009-03-24,5.38,5.42,4.73,5.20,26800,3.39
2009-03-23,4.70,5.60,4.53,5.60,52300,3.65
2009-03-20,4.70,4.90,4.49,4.49,29400,2.93
2009-03-19,4.81,4.90,4.60,4.77,27100,3.11
2009-03-18,4.54,4.65,4.49,4.60,18900,3.00
2009-03-17,4.45,4.55,4.45,4.54,12100,2.96
2009-03-16,4.42,4.57,4.15,4.54,13700,2.96
2009-03-13,4.65,4.65,4.24,4.43,21900,2.89
2009-03-12,4.21,4.65,4.13,4.65,22300,2.97
2009-03-11,4.05,4.57,4.02,4.25,46600,2.71
2009-03-10,3.89,4.20,3.59,4.05,46000,2.58
2009-03-09,3.76,4.15,3.75,3.94,45300,2.51
2009-03-06,4.40,4.40,4.07,4.12,48400,2.63
2009-03-05,4.66,4.93,4.21,4.22,32600,2.69
2009-03-04,4.49,5.00,4.39,4.84,47300,3.09
2009-03-03,4.65,4.70,4.26,4.42,55700,2.82
2009-03-02,5.40,5.40,4.95,4.95,39300,3.16
2009-02-27,5.27,5.92,5.07,5.65,65300,3.60
2009-02-26,5.38,5.98,5.25,5.47,22900,3.49
2009-02-25,5.39,5.40,5.02,5.30,16400,3.38
2009-02-24,5.00,5.39,4.95,5.33,37900,3.40
2009-02-23,5.30,5.30,4.95,4.97,37500,3.17
2009-02-20,5.53,5.53,4.95,5.23,41200,3.34
2009-02-19,5.88,6.16,5.52,5.56,15700,3.55
2009-02-18,5.97,6.12,5.75,5.95,8000,3.80
2009-02-17,6.15,6.26,5.76,5.97,13100,3.81
2009-02-13,5.80,6.30,5.62,6.30,50400,4.02
2009-02-12,5.70,5.79,5.61,5.77,7400,3.68
2009-02-11,5.70,5.98,5.51,5.80,14300,3.70
2009-02-10,5.83,6.23,5.60,5.79,21400,3.69
2009-02-09,5.61,6.07,5.61,5.83,23300,3.72
2009-02-06,6.25,6.29,5.46,5.73,19500,3.65
2009-02-05,5.65,6.26,5.63,6.07,26600,3.87
2009-02-04,5.80,6.10,5.75,5.75,17000,3.67
2009-02-03,5.54,5.91,5.43,5.76,25300,3.67
2009-02-02,5.55,5.60,5.50,5.50,17100,3.51
2009-01-30,5.85,5.85,5.52,5.57,11800,3.55
2009-01-29,5.70,5.89,5.58,5.84,49000,3.72
2009-01-28,6.00,6.00,5.60,5.71,44300,3.64
2009-01-27,6.17,6.50,5.86,5.86,26600,3.74
2009-01-26,6.58,6.58,6.00,6.25,22000,3.99
2009-01-23,6.34,6.60,5.95,6.35,25500,4.05
2009-01-22,6.60,6.70,6.15,6.34,30700,4.04
2009-01-21,6.30,6.62,5.92,6.60,29600,4.21
2009-01-20,6.17,6.30,5.86,6.13,23000,3.91
2009-01-16,6.43,6.47,6.06,6.10,36000,3.89
2009-01-15,6.25,6.46,5.60,6.24,33800,3.98
2009-01-14,6.05,6.37,5.69,6.20,32600,3.95
2009-01-13,6.08,6.37,5.85,6.06,19500,3.87
2009-01-12,6.64,6.73,6.01,6.01,21800,3.83
2009-01-09,6.88,6.93,6.23,6.50,45700,4.15
2009-01-08,6.70,6.88,6.66,6.80,16500,4.34
2009-01-07,6.35,6.75,6.00,6.75,76600,4.31
2009-01-06,6.10,6.32,5.91,6.17,55900,3.94
2009-01-05,5.78,6.23,5.78,6.10,33000,3.89
2009-01-02,5.63,5.80,5.51,5.78,26800,3.69
2008-12-31,5.60,5.74,5.52,5.55,20300,3.54
2008-12-30,5.82,6.38,5.45,5.55,50500,3.54
2008-12-29,6.09,6.15,5.60,5.72,46300,3.65
2008-12-26,6.00,6.44,5.81,6.34,102500,4.04
2008-12-24,5.94,5.99,5.83,5.99,18300,3.82
2008-12-23,6.09,6.09,5.65,5.84,26000,3.72
2008-12-22,5.66,6.50,5.66,6.03,95100,3.85
2008-12-19,5.41,5.41,5.30,5.39,19500,3.44
2008-12-18,5.06,5.36,5.06,5.27,43900,3.36
2008-12-17,5.09,5.39,5.00,5.01,29300,3.20
2008-12-16,4.76,5.36,4.76,5.25,36100,3.35
2008-12-15,5.50,5.57,4.75,4.77,47800,3.04
2008-12-12,5.80,5.80,5.02,5.08,28600,3.24
2008-12-11,5.68,6.20,5.51,5.65,37500,3.60
2008-12-10,5.49,6.20,5.49,5.75,47300,3.67
2008-12-09,5.70,5.81,5.50,5.70,29800,3.51
2008-12-08,5.80,6.43,5.41,5.75,49100,3.54
2008-12-05,5.19,5.82,5.16,5.72,36000,3.52
2008-12-04,5.49,6.19,5.20,5.22,72600,3.21
2008-12-03,5.22,5.50,5.22,5.49,16900,3.38
2008-12-02,5.21,5.42,5.21,5.22,22800,3.21
2008-12-01,5.28,5.28,5.03,5.21,50800,3.21
2008-11-28,5.22,5.29,5.01,5.22,26500,3.21
2008-11-26,4.65,5.25,4.65,5.24,21600,3.22
2008-11-25,4.35,5.00,4.35,4.80,39300,2.95
2008-11-24,3.89,4.69,3.89,4.67,51200,2.87
2008-11-21,4.01,4.19,3.62,3.85,45900,2.37
2008-11-20,4.10,4.44,4.04,4.04,43400,2.49
2008-11-19,4.94,5.30,4.25,4.29,24600,2.64
2008-11-18,5.08,5.13,4.75,5.00,23100,3.08
2008-11-17,5.30,5.45,5.05,5.30,11300,3.26
2008-11-14,5.74,5.74,5.12,5.32,20800,3.27
2008-11-13,5.70,5.74,5.26,5.72,14200,3.52
2008-11-12,5.80,5.85,5.34,5.74,21700,3.53
2008-11-11,5.75,5.95,5.51,5.65,24100,3.48
2008-11-10,6.11,6.15,5.75,5.92,10900,3.64
2008-11-07,6.22,6.23,6.09,6.23,1800,3.83
2008-11-06,5.97,6.24,5.86,6.19,23600,3.81
2008-11-05,6.23,6.23,5.59,5.98,45300,3.68
2008-11-04,5.75,6.22,5.75,6.16,26600,3.79
2008-11-03,6.10,6.10,5.57,5.73,125000,3.53
2008-10-31,5.72,6.40,5.65,5.99,44600,3.69
2008-10-30,5.83,6.04,5.48,5.90,36100,3.63
2008-10-29,6.00,6.00,5.34,5.83,17100,3.59
2008-10-28,5.35,5.83,4.65,5.83,51800,3.59
2008-10-27,5.23,5.65,5.20,5.34,23400,3.29
2008-10-24,5.32,6.02,5.00,5.14,63400,3.16
2008-10-23,6.30,6.48,5.51,5.97,40300,3.67
2008-10-22,6.36,6.60,5.51,6.16,79800,3.79
2008-10-21,6.65,6.65,6.49,6.49,35900,3.99
2008-10-20,6.15,7.38,6.10,6.46,42000,3.98
2008-10-17,6.28,6.33,5.53,6.02,16200,3.70
2008-10-16,5.65,6.48,5.38,5.99,25000,3.69
2008-10-15,5.99,6.00,5.48,5.64,42900,3.47
2008-10-14,6.40,6.65,5.50,5.68,131900,3.50
2008-10-13,3.70,4.91,3.70,4.76,29900,2.93
2008-10-10,3.50,3.94,3.15,3.71,75700,2.28
2008-10-09,4.27,4.42,3.82,3.82,28100,2.35
2008-10-08,4.71,4.71,3.81,4.29,81400,2.64
2008-10-07,4.88,5.09,4.70,4.70,28000,2.89
2008-10-06,5.07,5.24,4.86,5.02,49900,3.09
2008-10-03,6.39,6.44,5.76,5.76,10200,3.54
2008-10-02,6.18,6.45,6.06,6.38,17700,3.93
2008-10-01,5.80,6.04,5.80,6.03,9400,3.71
2008-09-30,5.10,5.88,5.10,5.80,28500,3.57
2008-09-29,6.40,6.40,5.22,5.41,36200,3.33
2008-09-26,6.45,6.50,5.89,6.19,28300,3.81
2008-09-25,6.25,6.49,5.80,6.41,23600,3.94
2008-09-24,6.18,6.35,5.93,6.30,26300,3.88
2008-09-23,5.80,6.15,5.80,6.15,12600,3.78
2008-09-22,6.20,6.47,5.54,5.86,29200,3.61
2008-09-19,6.03,6.60,6.00,6.20,21700,3.82
2008-09-18,6.10,6.21,5.81,5.95,9400,3.66
2008-09-17,5.82,6.17,5.80,5.81,34200,3.58
2008-09-16,5.83,5.91,5.72,5.81,13600,3.58
2008-09-15,6.10,6.26,6.10,6.15,15600,3.78
2008-09-12,6.35,6.44,6.23,6.30,8400,3.88
2008-09-11,6.60,6.60,6.39,6.55,8400,3.91
2008-09-10,6.85,6.85,6.38,6.60,18600,3.94
2008-09-09,6.98,6.98,6.63,6.68,12500,3.99
2008-09-08,6.80,7.01,6.72,6.91,14200,4.12
2008-09-05,6.52,6.74,6.52,6.62,8500,3.95
2008-09-04,6.68,6.77,6.48,6.48,17700,3.87
2008-09-03,6.90,6.90,6.61,6.68,23300,3.99
2008-09-02,6.76,6.89,6.75,6.89,13300,4.11
2008-08-29,6.84,6.84,6.66,6.67,3400,3.98
2008-08-28,6.74,6.78,6.65,6.74,12700,4.02
2008-08-27,6.71,6.84,6.49,6.67,14100,3.98
2008-08-26,6.56,6.84,6.50,6.78,49400,4.05
2008-08-25,6.50,6.70,6.50,6.55,5100,3.91
2008-08-22,6.66,6.69,6.56,6.59,16200,3.93
2008-08-21,6.62,6.73,6.51,6.51,14000,3.88
2008-08-20,6.60,6.60,6.55,6.55,4000,3.91
2008-08-19,6.78,6.78,6.32,6.60,8400,3.94
2008-08-18,6.68,6.78,6.68,6.78,4000,4.05
2008-08-15,6.78,6.78,6.58,6.61,9300,3.94
2008-08-14,6.65,6.69,6.57,6.68,7300,3.99
2008-08-13,6.45,6.59,6.45,6.58,8000,3.93
2008-08-12,6.59,6.70,6.39,6.45,17100,3.85
2008-08-11,6.66,6.80,6.51,6.54,23100,3.90
2008-08-08,6.52,6.59,6.50,6.59,6300,3.93
2008-08-07,6.64,6.64,6.42,6.42,5200,3.83
2008-08-06,6.74,6.79,6.62,6.62,25400,3.95
2008-08-05,6.63,6.74,6.62,6.68,8500,3.99
2008-08-04,6.64,6.64,6.52,6.58,9500,3.93
2008-08-01,6.59,6.73,6.41,6.65,22000,3.97
2008-07-31,6.46,6.66,6.46,6.65,27700,3.97
2008-07-30,6.58,6.66,6.43,6.46,25900,3.85
2008-07-29,6.43,6.61,6.41,6.48,18900,3.87
2008-07-28,6.50,6.71,6.43,6.43,21400,3.84
2008-07-25,6.44,6.53,6.43,6.53,14800,3.90
2008-07-24,6.50,6.50,6.43,6.45,8900,3.85
2008-07-23,6.61,6.63,6.11,6.50,32300,3.88
2008-07-22,6.50,6.65,6.46,6.65,17800,3.97
2008-07-21,6.50,6.70,6.49,6.58,11800,3.93
2008-07-18,6.50,6.52,6.45,6.47,32800,3.86
2008-07-17,6.50,6.61,6.37,6.45,40400,3.85
2008-07-16,6.12,6.55,6.12,6.41,23900,3.82
2008-07-15,6.28,6.30,5.80,6.29,44200,3.75
2008-07-14,6.58,6.79,6.33,6.37,30600,3.80
2008-07-11,6.85,6.85,6.50,6.50,22700,3.88
2008-07-10,6.95,7.06,6.70,6.85,4800,4.09
2008-07-09,6.95,7.06,6.83,6.90,5000,4.12
2008-07-08,6.83,6.87,6.79,6.83,8200,4.08
2008-07-07,6.96,7.08,6.80,6.83,10100,4.08
2008-07-03,7.06,7.06,6.95,6.98,6200,4.16
2008-07-02,7.03,7.14,7.01,7.06,4500,4.21
2008-07-01,7.10,7.17,7.00,7.00,14000,4.18
2008-06-30,7.39,7.39,7.17,7.17,12100,4.28
2008-06-27,7.39,7.50,7.39,7.49,7400,4.47
2008-06-26,7.50,7.65,7.44,7.44,15800,4.44
2008-06-25,7.40,7.49,7.39,7.45,14000,4.45
2008-06-24,7.30,7.39,7.18,7.24,13600,4.32
2008-06-23,7.12,7.24,7.03,7.20,10000,4.30
2008-06-20,7.15,7.24,7.15,7.18,3400,4.28
2008-06-19,7.25,7.48,7.00,7.00,10800,4.18
2008-06-18,7.22,7.23,7.17,7.17,2700,4.28
2008-06-17,7.20,7.61,7.00,7.14,17000,4.26
2008-06-16,7.18,7.26,7.12,7.12,9500,4.25
2008-06-13,7.11,7.14,6.82,7.14,9400,4.26
2008-06-12,7.09,7.19,7.02,7.19,17600,4.29
2008-06-11,7.35,7.35,7.19,7.19,16700,4.17
2008-06-10,7.34,7.34,7.30,7.34,5900,4.26
2008-06-09,7.22,7.37,7.22,7.35,10000,4.26
2008-06-06,7.44,7.44,7.15,7.15,20300,4.15
2008-06-05,7.38,7.44,7.31,7.37,9700,4.27
2008-06-04,7.38,7.40,7.30,7.31,12200,4.24
2008-06-03,7.69,7.73,7.38,7.38,30300,4.28
2008-06-02,7.60,7.83,7.60,7.62,14200,4.42
2008-05-30,7.65,7.83,7.50,7.60,27200,4.41
2008-05-29,7.57,7.72,7.57,7.62,18500,4.42
2008-05-28,7.50,7.72,7.50,7.61,30500,4.41
2008-05-27,7.44,7.50,7.44,7.50,16000,4.35
2008-05-23,7.45,7.48,7.40,7.48,7800,4.34
2008-05-22,7.42,7.49,7.40,7.40,16100,4.29
2008-05-21,7.47,7.47,7.38,7.39,8700,4.29
2008-05-20,7.43,7.48,7.38,7.38,14300,4.28
2008-05-19,7.38,7.49,7.36,7.36,14200,4.27
2008-05-16,7.41,7.44,7.38,7.40,9100,4.29
2008-05-15,7.39,7.85,7.38,7.42,40800,4.30
2008-05-14,7.20,7.40,7.20,7.39,15400,4.29
2008-05-13,7.25,7.31,7.03,7.18,36200,4.16
2008-05-12,7.32,7.39,7.28,7.33,9700,4.25
2008-05-09,7.38,7.50,7.17,7.23,40700,4.19
2008-05-08,7.32,7.42,7.22,7.37,29500,4.27
2008-05-07,7.37,7.56,7.20,7.43,46100,4.31
2008-05-06,7.56,7.56,7.26,7.46,48900,4.33
2008-05-05,7.47,7.59,7.32,7.48,18600,4.34
2008-05-02,7.47,7.47,7.22,7.40,6500,4.29
2008-05-01,7.20,7.48,7.20,7.48,26200,4.34
2008-04-30,7.27,7.28,7.20,7.20,8000,4.18
2008-04-29,7.35,7.37,7.16,7.20,22200,4.18
2008-04-28,7.28,7.30,7.21,7.30,8200,4.23
2008-04-25,7.35,7.38,7.21,7.21,4900,4.18
2008-04-24,7.29,7.38,7.17,7.35,31900,4.26
2008-04-23,7.20,7.30,7.16,7.29,13100,4.23
2008-04-22,7.20,7.20,7.16,7.20,3900,4.18
2008-04-21,7.20,7.20,6.94,7.20,16400,4.18
2008-04-18,7.23,7.25,7.07,7.15,7900,4.15
2008-04-17,7.00,7.16,6.97,7.11,19500,4.12
2008-04-16,7.10,7.20,6.91,7.20,10600,4.18
2008-04-15,7.10,7.13,7.00,7.06,18100,4.10
2008-04-14,7.23,7.26,7.15,7.15,18600,4.15
2008-04-11,7.10,7.15,7.01,7.15,5000,4.15
2008-04-10,7.15,7.32,7.15,7.20,11300,4.18
2008-04-09,7.27,7.35,7.23,7.29,7100,4.23
2008-04-08,7.21,7.34,7.10,7.13,20200,4.14
2008-04-07,7.31,7.42,7.00,7.26,28900,4.21
2008-04-04,7.40,7.53,7.39,7.47,6200,4.33
2008-04-03,7.25,7.57,7.25,7.31,31900,4.24
2008-04-02,7.48,7.50,7.05,7.44,12300,4.32
2008-04-01,7.50,7.60,7.00,7.48,21700,4.34
2008-03-31,7.21,7.34,7.21,7.29,14100,4.23
2008-03-28,7.35,7.36,7.20,7.22,6700,4.19
2008-03-27,7.48,7.60,7.26,7.31,19200,4.24
2008-03-26,7.49,7.77,7.40,7.50,26400,4.35
2008-03-25,7.58,7.58,7.12,7.24,13500,4.20
2008-03-24,7.27,7.40,7.27,7.34,8200,4.26
2008-03-20,7.02,7.30,7.02,7.27,11900,4.22
2008-03-19,7.28,7.28,7.05,7.25,17200,4.21
2008-03-18,6.90,7.04,6.36,7.04,32400,4.08
2008-03-17,6.90,7.02,6.25,6.84,39700,3.97
2008-03-14,7.55,7.55,6.92,7.15,24200,4.15
2008-03-13,7.50,7.58,6.80,7.40,35200,4.29
2008-03-12,7.52,7.68,7.50,7.60,12700,4.29
2008-03-11,7.84,7.85,7.50,7.60,22800,4.29
2008-03-10,7.92,7.92,7.65,7.65,14600,4.32
2008-03-07,7.90,7.94,7.84,7.89,8000,4.46
2008-03-06,7.94,7.95,7.73,7.84,23200,4.43
2008-03-05,8.11,8.11,7.72,7.73,14800,4.37
2008-03-04,7.75,7.95,7.71,7.93,8200,4.48
2008-03-03,7.84,7.98,7.75,7.77,9300,4.39
2008-02-29,7.93,8.00,7.80,7.92,11600,4.47
2008-02-28,7.84,8.03,7.84,7.85,14100,4.43
2008-02-27,7.87,8.04,7.82,7.89,27000,4.46
2008-02-26,7.88,7.93,7.80,7.80,15000,4.41
2008-02-25,7.80,7.99,7.70,7.76,55400,4.38
2008-02-22,8.00,8.00,7.70,7.87,15900,4.44
2008-02-21,7.75,7.90,7.71,7.90,11800,4.46
2008-02-20,7.88,8.03,7.75,7.75,14100,4.38
2008-02-19,7.85,8.10,7.52,7.92,27600,4.47
2008-02-15,7.51,7.80,7.51,7.79,35800,4.40
2008-02-14,8.10,8.10,7.08,7.56,21200,4.27
2008-02-13,8.14,8.22,8.00,8.08,13100,4.56
2008-02-12,8.06,8.18,7.96,8.06,23700,4.55
2008-02-11,8.14,8.14,7.84,8.06,15400,4.55
2008-02-08,8.15,8.15,7.96,8.07,8100,4.56
2008-02-07,7.92,8.10,7.92,8.01,8300,4.52
2008-02-06,7.94,8.10,7.87,7.96,10300,4.50
2008-02-05,7.80,8.05,7.79,7.86,5000,4.44
2008-02-04,8.17,8.17,7.44,7.81,24200,4.41
2008-02-01,8.09,8.15,7.71,8.00,14800,4.52
2008-01-31,8.08,8.08,7.88,8.05,18600,4.55
2008-01-30,7.89,8.10,7.81,8.02,20500,4.53
2008-01-29,8.15,8.15,7.79,7.80,26600,4.41
2008-01-28,7.65,8.08,7.50,7.78,31300,4.39
2008-01-25,7.65,8.22,7.20,7.50,20600,4.24
2008-01-24,7.35,7.70,7.35,7.40,15400,4.18
2008-01-23,7.05,7.40,7.00,7.36,24200,4.16
2008-01-22,7.24,7.24,4.50,7.05,54500,3.98
2008-01-18,7.68,7.95,7.38,7.38,54900,4.17
2008-01-17,7.60,7.67,7.50,7.56,5500,4.27
2008-01-16,7.68,8.03,7.50,7.63,20800,4.31
2008-01-15,7.55,7.97,7.47,7.97,27900,4.50
2008-01-14,7.81,7.81,7.50,7.54,14000,4.26
2008-01-11,7.85,7.98,7.60,7.81,16300,4.41
2008-01-10,8.09,8.09,7.78,7.95,7100,4.49
2008-01-09,8.07,8.09,7.92,8.09,6600,4.57
2008-01-08,8.10,8.18,7.80,7.96,13900,4.50
2008-01-07,7.79,8.11,7.79,8.06,19400,4.55
2008-01-04,7.60,7.90,7.43,7.74,34200,4.37
2008-01-03,7.46,7.62,7.42,7.60,13100,4.29
2008-01-02,7.65,7.65,7.40,7.46,12800,4.21
2007-12-31,7.67,7.72,7.45,7.66,41000,4.33
2007-12-28,8.01,8.01,7.44,7.64,39900,4.31
2007-12-27,8.00,8.25,7.95,8.03,11200,4.54
2007-12-26,8.00,8.25,7.97,8.05,13100,4.55
2007-12-24,7.89,8.00,7.89,8.00,6400,4.52
2007-12-21,7.75,7.90,7.75,7.89,22000,4.46
2007-12-20,7.78,8.25,7.76,7.80,17400,4.41
2007-12-19,7.40,7.70,7.40,7.70,28100,4.35
2007-12-18,7.80,7.81,7.36,7.40,44700,4.18
2007-12-17,7.76,7.80,7.67,7.69,13600,4.34
2007-12-14,7.75,7.89,7.75,7.75,10900,4.38
2007-12-13,7.82,7.82,7.60,7.80,14900,4.41
2007-12-12,7.73,7.73,7.67,7.73,6200,4.37
2007-12-11,7.87,7.87,7.60,7.73,20300,4.37
2007-12-10,7.90,7.92,7.75,7.77,18700,4.39
2007-12-07,7.91,7.99,7.86,7.97,19200,4.39
2007-12-06,7.91,8.03,7.86,7.90,18000,4.35
2007-12-05,8.09,8.12,7.90,7.91,15900,4.36
2007-12-04,8.15,8.15,7.92,8.07,16600,4.44
2007-12-03,8.17,8.25,8.01,8.15,12000,4.49
2007-11-30,8.11,8.13,7.86,8.10,22900,4.46
2007-11-29,8.00,8.13,8.00,8.02,6300,4.42
2007-11-28,7.93,8.06,7.87,8.06,11000,4.44
2007-11-27,7.82,7.89,7.67,7.86,12200,4.33
2007-11-26,7.92,8.04,7.31,7.68,29500,4.23
2007-11-23,8.09,8.09,7.91,7.92,14300,4.36
2007-11-21,7.93,8.30,7.91,7.92,13900,4.36
2007-11-20,8.06,8.28,7.91,7.98,11700,4.39
2007-11-19,8.21,8.21,7.86,8.00,14100,4.40
2007-11-16,7.99,8.45,7.72,8.23,30800,4.53
2007-11-15,7.89,7.93,7.63,7.89,11400,4.34
2007-11-14,7.90,7.98,7.88,7.89,1700,4.34
2007-11-13,7.92,8.00,7.80,7.91,6900,4.36
2007-11-12,8.09,8.10,7.92,8.00,8400,4.40
2007-11-09,7.99,8.10,7.70,8.10,31400,4.46
2007-11-08,8.02,8.06,7.95,8.00,14800,4.40
2007-11-07,8.04,8.06,8.01,8.04,9400,4.43
2007-11-06,8.02,8.09,8.01,8.03,14100,4.42
2007-11-05,8.10,8.24,8.01,8.04,18800,4.43
2007-11-02,8.05,8.13,8.05,8.05,2500,4.43
2007-11-01,8.24,8.24,8.03,8.03,22400,4.42
2007-10-31,8.25,8.25,8.11,8.13,4100,4.48
2007-10-30,8.10,8.28,8.10,8.25,6300,4.54
2007-10-29,8.22,8.30,8.10,8.11,10800,4.47
2007-10-26,8.35,8.57,8.15,8.22,10000,4.53
2007-10-25,8.18,8.35,8.18,8.35,5800,4.60
2007-10-24,8.25,8.25,8.15,8.18,3400,4.50
2007-10-23,8.11,8.31,8.11,8.15,2900,4.49
2007-10-22,8.19,8.22,8.10,8.11,7300,4.47
2007-10-19,8.35,8.35,8.19,8.19,4000,4.51
2007-10-18,8.21,8.37,8.21,8.35,6500,4.60
2007-10-17,8.56,8.56,8.23,8.32,7600,4.58
2007-10-16,8.45,8.53,8.44,8.44,5400,4.65
2007-10-15,8.55,8.61,8.45,8.45,10200,4.65
2007-10-12,8.63,8.66,8.45,8.47,15200,4.66
2007-10-11,8.63,8.75,8.50,8.57,31600,4.72
2007-10-10,8.60,8.66,8.46,8.54,9200,4.70
2007-10-09,8.46,8.68,8.46,8.52,16400,4.69
2007-10-08,8.55,8.55,8.45,8.52,11800,4.69
2007-10-05,8.60,8.60,8.45,8.55,7700,4.71
2007-10-04,8.62,8.70,8.50,8.55,14000,4.71
2007-10-03,8.65,8.74,8.65,8.74,5600,4.81
2007-10-02,8.70,8.85,8.66,8.66,3800,4.77
2007-10-01,8.66,8.86,8.63,8.73,7800,4.81
2007-09-28,8.65,9.10,8.54,8.67,19100,4.77
2007-09-27,8.64,8.76,8.55,8.70,12200,4.79
2007-09-26,8.90,8.90,8.60,8.64,23900,4.76
2007-09-25,9.09,9.09,8.65,8.81,15800,4.85
2007-09-24,8.69,9.04,8.61,8.86,22300,4.88
2007-09-21,8.48,8.66,8.48,8.62,8100,4.75
2007-09-20,8.68,8.68,8.30,8.40,17800,4.63
2007-09-19,8.76,8.84,8.64,8.68,25900,4.78
2007-09-18,8.96,9.06,8.60,8.70,36500,4.79
2007-09-17,8.78,9.12,8.78,8.97,3500,4.94
2007-09-14,8.64,9.20,8.64,8.84,11300,4.87
2007-09-13,8.72,8.83,8.64,8.68,5800,4.78
2007-09-12,8.74,8.74,8.30,8.72,20000,4.80
2007-09-11,8.81,8.89,8.81,8.86,16300,4.77
2007-09-10,8.94,8.94,8.86,8.89,8200,4.78
2007-09-07,8.63,9.00,8.63,8.94,18500,4.81
2007-09-06,8.72,8.76,8.62,8.75,13400,4.71
2007-09-05,8.75,8.84,8.67,8.76,12600,4.71
2007-09-04,8.85,8.95,8.68,8.76,12700,4.71
2007-08-31,8.83,9.00,8.78,8.88,4200,4.78
2007-08-30,8.73,8.78,8.65,8.77,9500,4.72
2007-08-29,8.65,8.73,8.53,8.73,18100,4.70
2007-08-28,8.65,8.67,8.50,8.64,11000,4.65
2007-08-27,8.67,8.67,8.54,8.62,12800,4.64
2007-08-24,8.53,8.68,8.53,8.60,2000,4.63
2007-08-23,8.67,8.67,8.50,8.54,5800,4.60
2007-08-22,8.30,8.70,8.30,8.62,23100,4.64
2007-08-21,8.36,8.40,8.34,8.38,17600,4.51
2007-08-20,8.22,8.45,8.15,8.30,15300,4.47
2007-08-17,7.65,8.29,7.65,8.22,21400,4.42
2007-08-16,7.95,8.03,6.33,7.38,113200,3.97
2007-08-15,8.35,8.35,7.95,8.14,30000,4.38
2007-08-14,8.40,8.92,8.01,8.27,44800,4.45
2007-08-13,8.20,8.33,8.20,8.26,17100,4.45
2007-08-10,8.79,8.79,7.49,8.14,188500,4.38
2007-08-09,8.80,8.85,8.71,8.80,8500,4.74
2007-08-08,8.90,8.95,8.72,8.80,20600,4.74
2007-08-07,9.04,9.04,8.86,8.92,2500,4.80
2007-08-06,8.89,9.04,8.87,8.94,13500,4.81
2007-08-03,9.04,9.04,8.93,8.93,3000,4.81
2007-08-02,8.85,9.02,8.85,9.02,7900,4.85
2007-08-01,8.93,8.93,8.80,8.81,15100,4.74
2007-07-31,9.00,9.05,8.86,8.92,11600,4.80
2007-07-30,9.00,9.00,8.80,8.94,17000,4.81
2007-07-27,8.94,9.01,8.82,8.95,15000,4.82
2007-07-26,9.05,9.15,9.04,9.06,9700,4.88
2007-07-25,8.99,9.15,8.99,9.07,7300,4.88
2007-07-24,8.99,9.14,8.97,9.04,29200,4.87
2007-07-23,9.11,9.20,9.00,9.12,20600,4.91
2007-07-20,9.38,9.38,8.95,9.07,21600,4.88
2007-07-19,9.21,9.49,9.18,9.38,20800,5.05
2007-07-18,9.15,9.35,8.93,9.15,19200,4.92
2007-07-17,9.37,9.70,9.20,9.20,13800,4.95
2007-07-16,9.36,9.84,9.34,9.34,22200,5.03
2007-07-13,9.67,9.77,9.35,9.38,10800,5.05
2007-07-12,9.35,9.85,9.25,9.57,36900,5.15
2007-07-11,9.35,9.53,9.25,9.45,19100,5.09
2007-07-10,9.31,9.50,9.15,9.27,28000,4.99
2007-07-09,9.39,9.57,9.17,9.19,71200,4.95
2007-07-06,9.15,9.30,9.15,9.25,11900,4.98
2007-07-05,9.17,9.57,9.17,9.27,24600,4.99
2007-07-03,9.24,9.60,9.08,9.27,23400,4.99
2007-07-02,9.20,9.30,9.06,9.15,9600,4.92
2007-06-29,8.98,10.46,8.85,9.05,57800,4.87
2007-06-28,8.88,8.99,8.75,8.91,13400,4.80
2007-06-27,9.00,9.03,8.73,8.83,50700,4.75
2007-06-26,9.12,9.12,8.85,8.94,36100,4.81
2007-06-25,9.13,9.15,9.02,9.15,21900,4.92
2007-06-22,9.00,9.14,8.95,9.09,13200,4.89
2007-06-21,9.01,9.14,8.96,9.00,9900,4.84
2007-06-20,9.10,9.14,8.98,9.04,20800,4.87
2007-06-19,9.07,9.16,8.97,9.00,19400,4.84
2007-06-18,8.99,9.07,8.96,9.00,3200,4.84
2007-06-15,8.99,9.07,8.90,8.96,15900,4.82
2007-06-14,8.97,8.99,8.80,8.95,22500,4.82
2007-06-13,8.98,9.07,8.83,8.96,21800,4.82
2007-06-12,9.15,9.15,9.07,9.09,14800,4.78
2007-06-11,9.17,9.17,9.06,9.15,8900,4.82
2007-06-08,9.56,9.56,9.00,9.15,38700,4.82
2007-06-07,9.58,9.60,9.48,9.59,2000,5.05
2007-06-06,9.60,11.10,9.53,9.53,12200,5.02
2007-06-05,9.50,9.75,9.44,9.60,25000,5.05
2007-06-04,9.40,9.50,9.35,9.50,9000,5.00
2007-06-01,9.39,9.42,9.30,9.35,18800,4.92
2007-05-31,9.32,9.39,9.31,9.31,5900,4.90
2007-05-30,9.32,9.40,9.32,9.34,13700,4.92
2007-05-29,9.25,9.34,9.25,9.30,1800,4.89
2007-05-25,9.15,9.34,9.15,9.34,13000,4.92
2007-05-24,9.13,9.50,9.10,9.25,42300,4.87
2007-05-23,9.13,9.19,9.09,9.19,14400,4.84
2007-05-22,9.13,9.19,9.07,9.08,17900,4.78
2007-05-21,9.13,9.18,9.07,9.07,27600,4.77
2007-05-18,9.10,9.19,9.10,9.13,4600,4.81
2007-05-17,9.13,9.19,9.07,9.07,14400,4.77
2007-05-16,9.06,9.19,9.05,9.07,10200,4.77
2007-05-15,9.15,9.18,9.07,9.07,20900,4.77
2007-05-14,9.11,9.15,9.05,9.15,10700,4.82
2007-05-11,9.06,9.12,9.06,9.11,8000,4.79
2007-05-10,9.13,9.14,9.05,9.05,10900,4.76
2007-05-09,9.16,9.19,9.05,9.08,18900,4.78
2007-05-08,9.17,9.18,9.07,9.07,22500,4.77
2007-05-07,9.18,9.18,9.06,9.11,18000,4.79
2007-05-04,9.16,9.19,9.10,9.19,10500,4.84
2007-05-03,9.14,9.16,9.09,9.14,8800,4.81
2007-05-02,9.15,9.15,9.03,9.06,8400,4.77
2007-05-01,9.01,9.16,9.01,9.10,18300,4.79
2007-04-30,9.02,9.15,9.00,9.10,11600,4.79
2007-04-27,9.16,9.16,9.02,9.05,9800,4.76
2007-04-26,9.17,9.17,9.01,9.10,11900,4.79
2007-04-25,8.96,9.20,8.96,9.15,19800,4.82
2007-04-24,8.98,9.15,8.92,9.06,22800,4.77
2007-04-23,9.07,9.11,8.81,8.91,26500,4.69
2007-04-20,9.18,9.18,9.09,9.12,9200,4.80
2007-04-19,9.12,9.19,9.12,9.19,11600,4.84
2007-04-18,9.18,9.19,9.11,9.12,13000,4.80
2007-04-17,9.18,9.19,9.09,9.13,8300,4.81
2007-04-16,9.10,9.17,9.10,9.11,9600,4.79
2007-04-13,9.08,9.18,9.07,9.18,6200,4.83
2007-04-12,9.09,9.18,9.08,9.15,5800,4.82
2007-04-11,9.11,9.11,9.07,9.07,5900,4.77
2007-04-10,9.16,9.18,9.07,9.11,8000,4.79
2007-04-09,9.10,9.15,9.08,9.15,10800,4.82
2007-04-05,9.10,9.20,9.10,9.16,9400,4.82
2007-04-04,9.17,9.20,9.08,9.09,11600,4.78
2007-04-03,9.12,9.20,9.05,9.09,16100,4.78
2007-04-02,9.17,9.20,9.05,9.08,9500,4.78
2007-03-30,9.13,9.15,9.10,9.15,2600,4.82
2007-03-29,9.08,9.15,9.08,9.10,1800,4.79
2007-03-28,9.13,9.18,9.09,9.15,7000,4.82
2007-03-27,9.18,9.18,8.99,9.11,19600,4.79
2007-03-26,9.00,9.15,8.98,9.14,9000,4.81
2007-03-23,9.10,9.13,8.95,8.97,6200,4.72
2007-03-22,9.00,9.19,8.94,9.04,7500,4.76
2007-03-21,9.12,9.13,9.02,9.04,10100,4.76
2007-03-20,8.91,8.99,8.91,8.98,4200,4.73
2007-03-19,8.80,9.04,8.80,8.94,7400,4.71
2007-03-16,8.78,8.85,8.78,8.85,5100,4.66
2007-03-15,8.91,9.13,8.72,8.78,21900,4.62
2007-03-14,8.98,9.05,8.90,8.91,19700,4.69
2007-03-13,9.05,9.15,9.05,9.12,25900,4.69
2007-03-12,9.11,9.20,9.09,9.20,9300,4.74
2007-03-09,9.17,9.17,9.07,9.17,4900,4.72
2007-03-08,9.19,9.19,9.09,9.09,7600,4.68
2007-03-07,9.17,9.19,9.07,9.12,4200,4.69
2007-03-06,9.07,9.17,9.04,9.07,17400,4.67
2007-03-05,9.04,9.16,9.00,9.16,10400,4.72
2007-03-02,9.08,9.18,9.05,9.17,16100,4.72
2007-03-01,9.17,9.19,9.07,9.07,8600,4.67
2007-02-28,9.15,9.20,9.07,9.11,15900,4.69
2007-02-27,9.07,9.14,9.07,9.08,5900,4.67
2007-02-26,9.11,9.19,9.07,9.11,11900,4.69
2007-02-23,9.18,9.19,9.10,9.19,10500,4.73
2007-02-22,9.09,9.15,9.07,9.13,8000,4.70
2007-02-21,9.14,9.18,9.07,9.08,9400,4.67
2007-02-20,9.15,9.18,9.07,9.14,10200,4.71
2007-02-16,9.15,9.19,9.09,9.09,5500,4.68
2007-02-15,9.16,9.18,9.10,9.15,5200,4.71
2007-02-14,9.06,9.19,9.06,9.19,13700,4.73
2007-02-13,9.06,9.18,9.06,9.08,6500,4.67
2007-02-12,9.10,9.17,9.07,9.07,6900,4.67
2007-02-09,9.08,9.10,9.01,9.10,7300,4.68
2007-02-08,9.02,9.10,9.00,9.01,15000,4.64
2007-02-07,9.15,9.18,9.00,9.07,17600,4.67
2007-02-06,9.14,9.15,9.01,9.06,23800,4.66
2007-02-05,9.05,9.14,8.92,9.14,11200,4.71
2007-02-02,8.92,9.18,8.90,9.03,17900,4.65
2007-02-01,8.88,9.03,8.88,8.97,11100,4.62
2007-01-31,8.86,8.96,8.86,8.87,5600,4.57
2007-01-30,8.95,9.02,8.83,8.91,47000,4.59
2007-01-29,8.99,9.03,8.93,8.95,19400,4.61
2007-01-26,9.01,9.05,8.94,8.95,11500,4.61
2007-01-25,9.01,9.03,8.93,8.98,15200,4.62
2007-01-24,9.05,9.06,8.91,8.98,23800,4.62
2007-01-23,8.95,9.05,8.92,8.98,15700,4.62
2007-01-22,8.92,8.99,8.91,8.99,14600,4.63
2007-01-19,8.95,9.00,8.91,8.95,6200,4.61
2007-01-18,9.05,9.05,8.92,8.98,23000,4.62
2007-01-17,8.96,9.05,8.95,9.00,6400,4.63
2007-01-16,9.17,9.17,8.92,9.02,22400,4.64
2007-01-12,9.07,9.17,9.07,9.17,16600,4.72
2007-01-11,9.02,9.18,8.95,9.17,23500,4.72
2007-01-10,9.00,9.10,8.92,9.00,15000,4.63
2007-01-09,8.86,8.98,8.86,8.98,9400,4.62
2007-01-08,9.18,9.18,8.83,8.89,45000,4.58
2007-01-05,9.11,9.19,8.93,8.97,17600,4.62
2007-01-04,8.99,9.20,8.91,9.20,20400,4.74
2007-01-03,8.91,8.99,8.88,8.99,21400,4.63
2006-12-29,8.99,9.00,8.90,8.95,6300,4.61
2006-12-28,8.91,9.18,8.91,9.00,11200,4.63
2006-12-27,8.90,9.10,8.86,8.90,13700,4.58
2006-12-26,9.08,9.08,8.94,8.94,10800,4.60
2006-12-22,8.93,8.98,8.93,8.98,4800,4.62
2006-12-21,8.99,9.09,8.98,8.99,14700,4.63
2006-12-20,9.01,9.20,8.79,8.89,24400,4.58
2006-12-19,9.13,9.19,9.01,9.03,16000,4.65
2006-12-18,9.20,9.25,9.11,9.20,37800,4.74
2006-12-15,9.08,9.20,9.08,9.11,14900,4.69
2006-12-14,9.16,9.21,9.02,9.07,22000,4.67
2006-12-13,9.10,9.21,9.00,9.16,11200,4.72
2006-12-12,9.05,9.12,8.95,9.05,15400,4.66
2006-12-11,8.95,9.04,8.88,8.95,20500,4.61
2006-12-08,8.97,9.10,8.97,9.09,8800,4.58
2006-12-07,9.18,9.23,8.91,8.94,35200,4.50
2006-12-06,9.05,9.23,9.05,9.23,15600,4.65
2006-12-05,9.00,9.10,9.00,9.10,19300,4.58
2006-12-04,8.90,9.10,8.90,8.95,16000,4.51
2006-12-01,8.88,9.11,8.82,8.96,26000,4.51
2006-11-30,8.85,8.89,8.81,8.86,28500,4.46
2006-11-29,8.91,9.06,8.91,8.95,15600,4.51
2006-11-28,8.93,8.95,8.90,8.95,5500,4.51
2006-11-27,8.83,8.93,8.83,8.93,16500,4.50
2006-11-24,8.85,8.93,8.84,8.93,5000,4.50
2006-11-22,8.80,8.86,8.76,8.85,12000,4.46
2006-11-21,8.85,8.93,8.81,8.81,20300,4.44
2006-11-20,8.93,8.93,8.77,8.79,15600,4.43
2006-11-17,8.95,8.95,8.76,8.83,14200,4.45
2006-11-16,8.95,9.04,8.78,8.96,23600,4.51
2006-11-15,8.87,8.95,8.80,8.85,10400,4.46
2006-11-14,9.00,9.05,8.75,8.77,29400,4.42
2006-11-13,9.03,9.06,8.91,9.04,16500,4.55
2006-11-10,9.20,9.20,8.98,9.04,17100,4.55
2006-11-09,9.14,9.20,9.07,9.20,16300,4.63
2006-11-08,8.95,9.15,8.95,9.10,17600,4.58
2006-11-07,9.01,9.09,8.94,8.95,16200,4.51
2006-11-06,8.84,8.99,8.84,8.91,14300,4.49
2006-11-03,8.79,8.85,8.75,8.82,9300,4.44
2006-11-02,8.85,8.91,8.75,8.78,16500,4.42
2006-11-01,8.87,8.99,8.83,8.87,20600,4.47
2006-10-31,8.72,8.83,8.72,8.75,9100,4.41
2006-10-30,8.71,8.83,8.67,8.73,9900,4.40
2006-10-27,8.80,8.95,8.68,8.70,19000,4.38
2006-10-26,8.84,8.90,8.74,8.86,14500,4.46
2006-10-25,8.73,8.90,8.69,8.75,21000,4.41
2006-10-24,8.90,8.92,8.67,8.80,11400,4.43
2006-10-23,8.80,8.93,8.62,8.77,22700,4.42
2006-10-20,8.82,8.90,8.80,8.89,24700,4.48
2006-10-19,8.82,8.84,8.68,8.71,25500,4.39
2006-10-18,8.75,8.88,8.69,8.70,38300,4.38
2006-10-17,8.60,8.75,8.50,8.51,19900,4.28
2006-10-16,8.62,8.78,8.56,8.60,22200,4.33
2006-10-13,8.60,8.83,8.60,8.68,13400,4.37
2006-10-12,8.78,8.78,8.64,8.66,11200,4.36
2006-10-11,8.84,8.92,8.75,8.78,10500,4.42
2006-10-10,8.78,8.93,8.78,8.93,9200,4.50
2006-10-09,8.92,8.92,8.77,8.79,3700,4.43
2006-10-06,8.84,8.94,8.77,8.90,24500,4.48
2006-10-05,8.70,8.85,8.61,8.85,16600,4.46
2006-10-04,8.64,8.69,8.62,8.62,12700,4.34
2006-10-03,8.55,8.61,8.50,8.61,4300,4.33
2006-10-02,8.71,8.71,8.36,8.60,30600,4.33
2006-09-29,8.83,8.84,8.71,8.71,11000,4.39
2006-09-28,8.86,8.90,8.83,8.88,21200,4.47
2006-09-27,8.72,8.85,8.72,8.85,10600,4.46
2006-09-26,8.79,8.94,8.78,8.82,17900,4.44
2006-09-25,8.79,8.94,8.72,8.88,19100,4.47
2006-09-22,8.57,8.72,8.57,8.72,18400,4.39
2006-09-21,8.93,8.93,8.72,8.76,6100,4.41
2006-09-20,8.93,8.94,8.86,8.87,12500,4.47
2006-09-19,8.88,8.89,8.76,8.89,10400,4.48
2006-09-18,8.90,8.90,8.62,8.85,24600,4.46
2006-09-15,8.90,8.95,8.80,8.85,6000,4.46
2006-09-14,8.85,8.89,8.76,8.80,8900,4.43
2006-09-13,8.80,8.93,8.75,8.85,10200,4.46
2006-09-12,9.02,9.13,9.00,9.10,6700,4.48
2006-09-11,9.05,9.13,8.90,9.02,14200,4.44
2006-09-08,8.92,9.15,8.85,9.13,10500,4.50
2006-09-07,8.91,8.97,8.83,8.97,10800,4.42
2006-09-06,8.85,9.00,8.85,9.00,6200,4.43
2006-09-05,9.00,9.05,8.80,8.92,12200,4.39
2006-09-01,9.12,9.18,8.98,8.98,9900,4.42
2006-08-31,9.18,9.18,9.02,9.18,8500,4.52
2006-08-30,8.97,9.19,8.93,9.19,28300,4.53
2006-08-29,9.03,9.14,8.90,8.90,13900,4.38
2006-08-28,8.95,9.00,8.88,9.00,12800,4.43
2006-08-25,8.81,8.95,8.77,8.90,6200,4.38
2006-08-24,8.80,8.90,8.65,8.76,23100,4.31
2006-08-23,9.00,9.00,8.73,8.88,18200,4.37
2006-08-22,9.05,9.05,8.85,9.00,11300,4.43
2006-08-21,9.00,9.05,8.78,9.00,9800,4.43
2006-08-18,9.09,9.20,9.02,9.02,26000,4.44
2006-08-17,9.00,9.04,8.82,8.86,8000,4.36
2006-08-16,8.92,9.00,8.90,8.90,10700,4.38
2006-08-15,8.90,9.00,8.81,9.00,15900,4.43
2006-08-14,8.82,8.88,8.70,8.88,6500,4.37
2006-08-11,8.64,8.89,8.64,8.70,6700,4.28
2006-08-10,8.68,8.68,8.63,8.63,2700,4.25
2006-08-09,8.95,8.95,8.60,8.60,24500,4.23
2006-08-08,8.50,8.92,8.50,8.92,20200,4.39
2006-08-07,8.75,8.75,8.50,8.50,8200,4.19
2006-08-04,8.54,8.80,8.52,8.70,20500,4.28
2006-08-03,8.32,8.62,8.25,8.40,17900,4.14
2006-08-02,8.40,8.46,8.25,8.26,9000,4.07
2006-08-01,8.40,8.47,8.15,8.36,17600,4.12
2006-07-31,8.20,8.30,8.18,8.28,16000,4.08
2006-07-28,8.20,8.34,8.20,8.20,12500,4.04
2006-07-27,8.21,8.40,8.21,8.25,13000,4.06
2006-07-26,8.47,8.47,8.23,8.28,31400,4.08
2006-07-25,8.20,8.37,8.20,8.37,28900,4.12
2006-07-24,8.11,8.23,8.11,8.23,4300,4.05
2006-07-21,8.01,8.13,8.00,8.11,14500,3.99
2006-07-20,8.06,8.10,7.94,8.05,13200,3.96
2006-07-19,7.92,8.10,7.92,7.96,9000,3.92
2006-07-18,7.85,7.93,7.84,7.92,13000,3.90
2006-07-17,7.95,7.97,7.76,7.91,18900,3.89
2006-07-14,8.18,8.23,7.81,7.89,17800,3.89
2006-07-13,7.91,8.15,7.90,8.09,25100,3.98
2006-07-12,8.15,8.15,7.93,7.94,25600,3.91
2006-07-11,8.09,8.23,8.09,8.12,9100,4.00
2006-07-10,8.11,8.22,8.10,8.12,13200,4.00
2006-07-07,8.15,8.22,8.11,8.21,7700,4.04
2006-07-06,8.12,8.14,8.04,8.07,6700,3.97
2006-07-05,8.00,8.21,7.97,8.03,20700,3.95
2006-07-03,8.05,8.05,7.70,7.91,23900,3.89
2006-06-30,8.04,8.12,7.88,8.05,9800,3.96
2006-06-29,7.96,8.07,7.84,8.01,27400,3.94
2006-06-28,7.90,8.00,7.88,7.90,14000,3.89
2006-06-27,8.08,8.14,7.90,7.90,14700,3.89
2006-06-26,8.02,8.12,7.93,8.12,14100,4.00
2006-06-23,8.10,8.10,7.92,8.00,20100,3.94
2006-06-22,8.27,8.30,8.00,8.00,10800,3.94
2006-06-21,8.25,8.28,8.12,8.25,14500,4.06
2006-06-20,7.95,8.13,7.93,7.95,15700,3.91
2006-06-19,7.90,8.00,7.90,7.95,7900,3.91
2006-06-16,8.05,8.05,7.90,7.90,11200,3.89
2006-06-15,7.87,8.02,7.87,7.97,7400,3.92
2006-06-14,7.75,7.87,7.72,7.86,20200,3.87
2006-06-13,8.35,8.35,8.16,8.18,11400,3.93
2006-06-12,8.20,8.37,8.20,8.25,24100,3.96
2006-06-09,8.22,8.24,8.04,8.13,9600,3.91
2006-06-08,8.45,8.45,8.20,8.30,14400,3.99
2006-06-07,8.25,8.50,8.25,8.34,11700,4.01
2006-06-06,8.27,8.27,8.20,8.27,7000,3.97
2006-06-05,8.20,8.45,8.15,8.28,18400,3.98
2006-06-02,8.17,8.24,8.10,8.20,6900,3.94
2006-06-01,8.32,8.38,8.10,8.20,11400,3.94
2006-05-31,8.22,8.58,8.05,8.48,17400,4.07
2006-05-30,8.55,8.55,8.25,8.27,13800,3.97
2006-05-26,7.93,8.20,7.93,8.20,14300,3.94
2006-05-25,8.00,8.40,7.93,7.93,21900,3.81
2006-05-24,8.07,8.13,7.86,8.05,21000,3.87
2006-05-23,8.20,8.22,8.05,8.11,12700,3.90
2006-05-22,7.85,8.23,7.85,8.23,12900,3.95
2006-05-19,8.29,8.29,7.85,7.85,35200,3.77
2006-05-18,8.35,8.39,8.21,8.21,10500,3.94
2006-05-17,8.42,8.44,8.25,8.33,13700,4.00
2006-05-16,8.47,8.47,8.32,8.32,18200,4.00
2006-05-15,8.59,8.60,8.45,8.45,29100,4.06
2006-05-12,8.70,8.70,8.52,8.52,8500,4.09
2006-05-11,8.80,8.80,8.50,8.67,29200,4.16
2006-05-10,8.71,8.78,8.70,8.78,9000,4.22
2006-05-09,8.70,8.76,8.70,8.71,6900,4.18
2006-05-08,8.72,8.83,8.70,8.71,9300,4.18
2006-05-05,8.77,8.83,8.71,8.81,7500,4.23
2006-05-04,8.57,8.67,8.57,8.67,10800,4.16
2006-05-03,8.76,8.81,8.55,8.65,11100,4.16
2006-05-02,8.85,8.89,8.75,8.75,8600,4.20
2006-05-01,8.90,8.90,8.78,8.79,9800,4.22
2006-04-28,8.77,8.85,8.77,8.80,3300,4.23
2006-04-27,8.84,8.91,8.73,8.86,13600,4.26
2006-04-26,8.92,8.92,8.72,8.79,21500,4.22
2006-04-25,8.93,8.99,8.65,8.90,18600,4.28
2006-04-24,8.75,8.84,8.75,8.84,13000,4.25
2006-04-21,8.85,8.87,8.75,8.80,10900,4.23
2006-04-20,8.96,8.96,8.85,8.85,16000,4.25
2006-04-19,8.93,9.05,8.90,8.96,16600,4.30
2006-04-18,8.96,9.00,8.95,9.00,4500,4.32
2006-04-17,8.95,9.04,8.95,8.96,9000,4.30
2006-04-13,9.10,9.10,8.91,8.91,10200,4.28
2006-04-12,9.02,9.08,8.93,9.04,11900,4.34
2006-04-11,9.18,9.18,8.91,9.09,17800,4.37
2006-04-10,9.07,9.09,8.95,9.00,10000,4.32
2006-04-07,9.09,9.09,8.95,9.07,17500,4.36
2006-04-06,9.15,9.15,9.08,9.15,2200,4.40
2006-04-05,9.11,9.14,9.09,9.14,22200,4.39
2006-04-04,9.10,9.15,9.10,9.14,16600,4.39
2006-04-03,9.18,9.25,9.18,9.20,5300,4.42
2006-03-31,9.20,9.29,9.17,9.25,11600,4.44
2006-03-30,9.27,9.30,9.23,9.23,6400,4.43
2006-03-29,9.27,9.28,9.20,9.27,10300,4.45
2006-03-28,9.19,9.28,9.15,9.26,15100,4.45
2006-03-27,9.28,9.28,9.14,9.25,16900,4.44
2006-03-24,9.20,9.20,9.10,9.20,16700,4.42
2006-03-23,9.25,9.25,9.07,9.19,24900,4.41
2006-03-22,9.23,9.23,9.05,9.15,14600,4.40
2006-03-21,9.16,9.16,9.06,9.10,4100,4.37
2006-03-20,9.09,9.15,9.08,9.08,6400,4.36
2006-03-17,9.19,9.19,9.05,9.06,10200,4.35
2006-03-16,9.07,9.19,9.06,9.09,15700,4.37
2006-03-15,9.09,9.17,9.02,9.07,8500,4.36
2006-03-14,9.28,9.29,9.25,9.28,6700,4.36
2006-03-13,9.28,9.37,9.28,9.28,7500,4.36
2006-03-10,9.32,9.36,9.23,9.28,6500,4.36
2006-03-09,9.16,9.42,9.16,9.32,24900,4.38
2006-03-08,9.38,9.49,9.25,9.26,9000,4.35
2006-03-07,9.45,9.45,9.28,9.28,5100,4.36
2006-03-06,9.37,9.50,9.37,9.40,6700,4.42
2006-03-03,9.40,9.48,9.30,9.36,18500,4.40
2006-03-02,9.28,9.40,9.28,9.40,4400,4.42
2006-03-01,9.43,9.43,9.27,9.27,8200,4.36
2006-02-28,9.48,9.48,9.28,9.38,12100,4.41
2006-02-27,9.28,9.41,9.25,9.41,18400,4.42
2006-02-24,9.37,9.43,9.28,9.28,7500,4.36
2006-02-23,9.37,9.42,9.26,9.33,15600,4.39
2006-02-22,9.39,9.39,9.30,9.36,12700,4.40
2006-02-21,9.30,9.39,9.22,9.39,20700,4.41
2006-02-17,9.49,9.49,9.25,9.26,10900,4.35
2006-02-16,9.50,9.50,9.34,9.44,18400,4.44
2006-02-15,9.48,9.50,9.40,9.50,16600,4.47
2006-02-14,9.27,9.48,9.27,9.48,9800,4.46
2006-02-13,9.43,9.43,9.27,9.32,12100,4.38
2006-02-10,9.26,9.36,9.26,9.26,17200,4.35
2006-02-09,9.49,9.49,9.31,9.31,1900,4.38
2006-02-08,9.34,9.48,9.22,9.45,11200,4.44
2006-02-07,9.25,9.40,9.22,9.40,9100,4.42
2006-02-06,9.36,9.40,9.23,9.23,6500,4.34
2006-02-03,9.33,9.41,9.33,9.41,500,4.42
2006-02-02,9.43,9.43,9.25,9.27,11500,4.36
2006-02-01,9.25,9.37,9.25,9.36,7300,4.40
2006-01-31,9.31,9.33,9.25,9.28,4400,4.36
2006-01-30,9.38,9.38,9.26,9.30,4300,4.37
2006-01-27,9.32,9.32,9.31,9.31,1800,4.38
2006-01-26,9.32,9.32,9.25,9.32,7000,4.38
2006-01-25,9.28,9.40,9.28,9.37,16700,4.40
2006-01-24,9.20,9.30,9.20,9.21,11400,4.33
2006-01-23,9.27,9.29,9.18,9.20,5600,4.32
2006-01-20,9.13,9.22,9.12,9.20,6600,4.32
2006-01-19,9.29,9.29,9.11,9.20,7800,4.32
2006-01-18,9.08,9.29,9.02,9.25,19700,4.35
2006-01-17,9.17,9.19,9.01,9.02,13500,4.24
2006-01-13,9.01,9.14,9.01,9.07,17100,4.26
2006-01-12,9.05,9.07,9.01,9.07,2600,4.26
2006-01-11,9.00,9.10,8.99,9.10,13600,4.28
2006-01-10,9.21,9.29,8.99,8.99,13600,4.23
2006-01-09,8.97,9.28,8.97,9.20,18700,4.32
2006-01-06,9.27,9.27,8.96,8.96,15200,4.21
2006-01-05,9.12,9.23,9.11,9.11,11400,4.28
2006-01-04,9.00,9.19,8.95,9.19,8500,4.32
2006-01-03,8.80,9.05,8.75,9.05,14100,4.25
2005-12-30,8.72,9.03,8.51,8.83,33200,4.15
2005-12-29,8.71,8.92,8.70,8.82,16800,4.15
2005-12-28,8.82,8.91,8.81,8.81,17100,4.14
2005-12-27,8.90,9.35,8.88,8.91,31400,4.19
2005-12-23,8.85,9.15,8.85,8.95,24800,4.21
2005-12-22,8.82,8.85,8.70,8.84,15600,4.15
2005-12-21,8.80,8.85,8.80,8.85,15300,4.16
2005-12-20,9.03,9.08,8.80,8.80,17200,4.14
2005-12-19,9.13,9.20,8.80,8.91,14100,4.19
2005-12-16,9.21,9.21,9.03,9.03,4700,4.24
2005-12-15,9.05,9.30,8.96,9.20,22500,4.32
2005-12-14,9.21,9.21,8.90,8.95,11700,4.21
2005-12-13,9.01,9.23,9.01,9.16,13100,4.31
2005-12-12,9.29,9.50,9.12,9.20,13400,4.23
2005-12-09,9.33,9.43,9.26,9.34,3900,4.29
2005-12-08,9.27,9.32,9.25,9.25,5400,4.25
2005-12-07,9.25,9.27,9.11,9.26,12800,4.26
2005-12-06,9.46,9.60,9.16,9.32,16500,4.29
2005-12-05,9.45,9.45,9.29,9.36,4300,4.30
2005-12-02,9.52,9.52,9.30,9.45,6600,4.35
2005-12-01,9.43,9.46,9.36,9.45,4300,4.35
2005-11-30,9.31,9.50,9.31,9.35,18300,4.30
2005-11-29,9.32,9.41,9.30,9.41,7300,4.33
2005-11-28,9.14,9.26,9.14,9.26,9400,4.26
2005-11-25,9.24,9.25,9.18,9.18,6600,4.22
2005-11-23,9.22,9.24,9.13,9.15,7700,4.21
2005-11-22,9.13,9.24,9.10,9.16,8500,4.21
2005-11-21,9.04,9.21,9.02,9.06,14600,4.17
2005-11-18,8.91,9.06,8.91,9.06,14600,4.17
2005-11-17,8.99,8.99,8.91,8.95,9900,4.12
2005-11-16,8.95,9.00,8.90,9.00,11600,4.14
2005-11-15,9.00,9.02,8.91,8.97,20000,4.12
2005-11-14,9.04,9.09,8.97,9.08,14700,4.17
2005-11-11,9.07,9.07,8.91,9.07,13900,4.17
2005-11-10,9.00,9.14,8.90,9.07,29400,4.17
2005-11-09,8.90,8.96,8.85,8.90,5000,4.09
2005-11-08,8.95,8.95,8.60,8.87,48500,4.08
2005-11-07,8.85,9.00,8.85,8.90,7400,4.09
2005-11-04,8.90,8.90,8.85,8.90,8400,4.09
2005-11-03,8.86,8.90,8.81,8.85,14900,4.07
2005-11-02,8.87,8.90,8.81,8.81,13700,4.05
2005-11-01,9.11,9.11,8.85,8.90,52700,4.09
2005-10-31,9.03,9.11,9.03,9.04,3200,4.16
2005-10-28,9.08,9.11,8.97,8.98,9200,4.13
2005-10-27,8.99,9.04,8.99,9.04,3300,4.16
2005-10-26,9.30,9.30,9.00,9.05,26600,4.16
2005-10-25,9.08,9.30,9.02,9.25,5700,4.25
2005-10-24,9.23,9.23,9.08,9.08,2700,4.17
2005-10-21,9.07,9.18,8.90,9.18,7600,4.22
2005-10-20,9.00,9.27,9.00,9.02,12900,4.15
2005-10-19,9.06,9.06,9.00,9.01,7000,4.14
2005-10-18,9.27,9.27,9.01,9.01,12900,4.14
2005-10-17,8.92,9.25,8.82,9.22,40400,4.24
2005-10-14,9.23,9.23,8.63,9.02,40700,4.15
2005-10-13,9.20,9.23,9.16,9.17,8400,4.22
2005-10-12,9.33,9.42,9.17,9.20,15800,4.23
2005-10-11,9.31,9.44,9.30,9.43,9800,4.34
2005-10-10,9.34,9.35,9.15,9.26,10900,4.26
2005-10-07,9.30,9.30,9.20,9.30,5900,4.28
2005-10-06,9.40,9.41,9.30,9.31,14600,4.28
2005-10-05,9.53,9.53,9.35,9.40,23800,4.32
2005-10-04,9.54,9.55,9.45,9.52,10600,4.38
2005-10-03,9.53,9.60,9.45,9.51,17700,4.37
2005-09-30,9.42,9.48,9.14,9.46,25900,4.35
2005-09-29,9.68,9.68,9.42,9.42,22100,4.33
2005-09-28,9.62,9.65,9.56,9.63,7500,4.43
2005-09-27,9.89,9.93,9.63,9.63,15200,4.43
2005-09-26,10.08,10.08,9.86,9.89,9900,4.55
2005-09-23,9.95,10.00,9.84,10.00,15000,4.60
2005-09-22,9.90,9.99,9.89,9.95,9800,4.57
2005-09-21,9.95,10.00,9.90,9.90,9800,4.55
2005-09-20,9.85,9.95,9.75,9.88,18100,4.54
2005-09-19,9.71,9.85,9.71,9.85,5700,4.53
2005-09-16,10.05,10.05,9.70,9.74,16800,4.48
2005-09-15,9.74,9.78,9.66,9.76,17900,4.49
2005-09-14,10.05,10.05,9.65,9.80,21800,4.51
2005-09-13,10.08,10.25,10.04,10.25,22300,4.62
2005-09-12,10.04,10.09,9.86,10.00,22500,4.51
2005-09-09,9.97,10.09,9.95,10.00,27700,4.51
2005-09-08,9.97,10.03,9.95,10.03,5200,4.52
2005-09-07,10.03,10.05,9.94,10.00,10200,4.51
2005-09-06,9.82,9.99,9.80,9.99,11700,4.50
2005-09-02,9.98,10.02,9.84,9.89,16100,4.46
2005-09-01,9.93,9.99,9.91,9.98,11700,4.50
2005-08-31,9.80,9.88,9.78,9.88,5700,4.45
2005-08-30,9.82,9.95,9.78,9.85,11900,4.44
2005-08-29,9.83,9.90,9.80,9.90,11400,4.46
2005-08-26,9.90,9.92,9.90,9.90,4100,4.46
2005-08-25,9.92,9.92,9.81,9.87,4400,4.45
2005-08-24,9.87,9.91,9.80,9.91,14600,4.47
2005-08-23,10.00,10.00,9.83,9.87,17100,4.45
2005-08-22,9.83,10.05,9.83,10.00,13300,4.51
2005-08-19,9.85,9.93,9.83,9.93,13600,4.48
2005-08-18,9.87,9.98,9.85,9.85,18000,4.44
2005-08-17,9.95,10.00,9.83,9.97,11200,4.49
2005-08-16,9.92,10.02,9.85,10.02,9700,4.52
2005-08-15,9.92,9.95,9.81,9.86,12300,4.45
2005-08-12,9.94,9.94,9.85,9.85,7800,4.44
2005-08-11,10.00,10.04,9.85,9.89,6400,4.46
2005-08-10,9.93,10.01,9.85,10.01,13400,4.51
2005-08-09,9.86,9.86,9.85,9.85,900,4.44
2005-08-08,9.99,9.99,9.83,9.85,10200,4.44
2005-08-05,9.85,9.99,9.85,9.98,8700,4.50
2005-08-04,10.02,10.02,9.81,9.85,17500,4.44
2005-08-03,10.15,10.15,9.92,9.97,16400,4.49
2005-08-02,10.05,10.08,9.95,10.05,6500,4.53
2005-08-01,10.08,10.10,9.98,10.00,6800,4.51
2005-07-29,9.91,10.00,9.90,10.00,6900,4.51
2005-07-28,9.86,9.93,9.85,9.93,5800,4.48
2005-07-27,9.95,9.99,9.86,9.86,7500,4.45
2005-07-26,9.96,10.09,9.89,9.89,19900,4.46
2005-07-25,10.01,10.01,9.90,9.90,6000,4.46
2005-07-22,9.90,10.04,9.86,9.96,11400,4.49
2005-07-21,9.98,9.99,9.85,9.85,6200,4.44
2005-07-20,9.91,10.09,9.87,10.04,5600,4.53
2005-07-19,9.83,9.89,9.82,9.84,15500,4.44
2005-07-18,9.89,9.99,9.85,9.93,18600,4.48
2005-07-15,10.26,10.26,9.99,9.99,18700,4.50
2005-07-14,9.96,10.20,9.96,10.16,22200,4.58
2005-07-13,9.85,9.96,9.85,9.92,25500,4.47
2005-07-12,9.90,9.95,9.85,9.85,13800,4.44
2005-07-11,9.89,9.89,9.89,9.89,1300,4.46
2005-07-08,9.84,9.94,9.83,9.92,14000,4.47
2005-07-07,9.85,9.89,9.76,9.83,12000,4.43
2005-07-06,9.90,9.90,9.73,9.82,10400,4.43
2005-07-05,9.74,9.88,9.73,9.75,23100,4.40
2005-07-01,9.88,9.88,9.73,9.73,6700,4.39
2005-06-30,9.83,9.94,9.81,9.93,12600,4.48
2005-06-29,9.81,9.85,9.70,9.73,27000,4.39
2005-06-28,9.70,9.80,9.70,9.72,10500,4.38
2005-06-27,9.75,9.79,9.46,9.79,35500,4.41
2005-06-24,9.61,9.72,9.46,9.50,21800,4.28
2005-06-23,9.53,9.53,9.40,9.46,13800,4.26
2005-06-22,9.52,9.55,9.42,9.42,7900,4.25
2005-06-21,9.36,9.55,9.35,9.45,13000,4.26
2005-06-20,9.35,9.51,9.35,9.36,14000,4.22
2005-06-17,9.40,9.57,9.40,9.51,8700,4.29
2005-06-16,9.37,9.49,9.37,9.49,6900,4.28
2005-06-15,9.35,9.45,9.35,9.45,13500,4.26
2005-06-14,9.23,9.40,9.23,9.35,10600,4.22
2005-06-13,9.40,9.58,9.34,9.38,27000,4.14
2005-06-10,9.40,9.43,9.39,9.40,3500,4.15
2005-06-09,9.40,9.45,9.35,9.40,10400,4.15
2005-06-08,9.33,9.42,9.33,9.35,17000,4.13
2005-06-07,9.55,9.59,9.31,9.40,18700,4.15
2005-06-06,9.46,9.59,9.41,9.47,9200,4.18
2005-06-03,9.40,9.46,9.31,9.40,9200,4.15
2005-06-02,9.29,9.39,9.21,9.39,8500,4.14
2005-06-01,9.41,9.45,9.19,9.19,12500,4.05
2005-05-31,9.38,9.46,9.30,9.31,26300,4.11
2005-05-27,9.30,9.39,9.30,9.30,8600,4.10
2005-05-26,9.28,9.34,9.18,9.25,2800,4.08
2005-05-25,9.20,9.25,9.18,9.25,14700,4.08
2005-05-24,9.15,9.27,9.14,9.20,9600,4.06
2005-05-23,9.17,9.24,9.12,9.24,17900,4.08
2005-05-20,9.22,9.22,9.12,9.17,9800,4.05
2005-05-19,9.09,9.21,9.09,9.20,7600,4.06
2005-05-18,9.16,9.20,9.11,9.11,8800,4.02
2005-05-17,9.18,9.21,9.06,9.21,22900,4.06
2005-05-16,9.08,9.19,9.03,9.15,11100,4.04
2005-05-13,9.21,9.21,9.08,9.15,8200,4.04
2005-05-12,9.16,9.17,9.07,9.11,7500,4.02
2005-05-11,9.19,9.19,9.06,9.10,9400,4.02
2005-05-10,9.06,9.16,9.06,9.16,9900,4.04
2005-05-09,9.06,9.11,9.06,9.11,16300,4.02
2005-05-06,9.10,9.22,9.06,9.20,18400,4.06
2005-05-05,9.04,9.22,9.02,9.22,5600,4.07
2005-05-04,9.02,9.14,9.02,9.12,7600,4.02
2005-05-03,9.06,9.22,9.06,9.11,3700,4.02
2005-05-02,9.15,9.21,9.05,9.16,4600,4.04
2005-04-29,9.12,9.22,9.01,9.05,17700,3.99
2005-04-28,9.21,9.22,9.12,9.16,11200,4.04
2005-04-27,9.15,9.19,9.07,9.17,5400,4.05
2005-04-26,9.07,9.20,9.06,9.19,12300,4.05
2005-04-25,9.12,9.18,9.11,9.11,4100,4.02
2005-04-22,9.10,9.23,9.00,9.13,6400,4.03
2005-04-21,9.00,9.21,8.95,9.17,15600,4.05
2005-04-20,9.13,9.14,9.05,9.05,3700,3.99
2005-04-19,8.90,9.08,8.90,9.08,11300,4.01
2005-04-18,8.90,9.04,8.84,8.92,11600,3.94
2005-04-15,8.95,8.98,8.87,8.90,12800,3.93
2005-04-14,9.07,9.07,8.97,8.97,9400,3.96
2005-04-13,9.21,9.21,8.88,9.03,36800,3.98
2005-04-12,9.01,9.13,9.00,9.13,5800,4.03
2005-04-11,9.10,9.19,9.04,9.06,6800,4.00
2005-04-08,9.03,9.17,9.00,9.13,8100,4.03
2005-04-07,9.20,9.20,9.00,9.10,13000,4.02
2005-04-06,9.22,9.24,9.15,9.24,6400,4.08
2005-04-05,9.12,9.23,9.05,9.05,4200,3.99
2005-04-04,9.25,9.25,9.00,9.02,15300,3.98
2005-04-01,9.18,9.27,9.15,9.18,8000,4.05
2005-03-31,9.13,9.28,9.13,9.19,6300,4.05
2005-03-30,9.05,9.28,9.02,9.03,19300,3.98
2005-03-29,9.25,9.32,8.90,9.15,44700,4.04
2005-03-28,9.28,9.40,9.20,9.40,17600,4.15
2005-03-24,9.37,9.39,9.27,9.27,12200,4.09
2005-03-23,9.39,9.41,9.27,9.27,19900,4.09
2005-03-22,9.46,9.50,9.43,9.49,15000,4.19
2005-03-21,9.45,9.46,9.36,9.36,5900,4.13
2005-03-18,9.29,9.34,9.27,9.30,9500,4.10
2005-03-17,9.15,9.33,9.13,9.33,19100,4.12
2005-03-16,9.44,9.44,9.13,9.20,17500,4.06
2005-03-15,9.50,9.50,9.32,9.45,18200,4.17
2005-03-14,9.47,9.55,9.41,9.50,7400,4.19
2005-03-11,9.60,9.69,9.56,9.67,23100,4.18
2005-03-10,9.65,9.67,9.55,9.65,15300,4.17
2005-03-09,9.83,9.83,9.60,9.65,47800,4.17
2005-03-08,9.74,9.85,9.69,9.76,12500,4.22
2005-03-07,9.62,9.73,9.61,9.70,29100,4.19
2005-03-04,9.95,9.96,9.62,9.71,25900,4.20
2005-03-03,9.85,9.90,9.65,9.89,16900,4.27
2005-03-02,9.97,10.00,9.66,9.75,25000,4.21
2005-03-01,9.66,9.87,9.60,9.87,24200,4.26
2005-02-28,9.69,9.70,9.55,9.69,20300,4.19
2005-02-25,9.61,9.69,9.56,9.69,19000,4.19
2005-02-24,9.65,9.65,9.50,9.63,16900,4.16
2005-02-23,9.65,9.69,9.51,9.65,15800,4.17
2005-02-22,9.51,9.75,9.50,9.64,27300,4.17
2005-02-18,9.79,9.79,9.52,9.53,19800,4.12
2005-02-17,9.75,9.78,9.67,9.78,9300,4.23
2005-02-16,9.80,9.82,9.78,9.80,13500,4.23
2005-02-15,9.89,9.94,9.78,9.80,21500,4.23
2005-02-14,9.80,9.95,9.75,9.95,5100,4.30
2005-02-11,10.00,10.00,9.71,9.79,20800,4.23
2005-02-10,9.72,10.10,9.61,9.90,25300,4.28
2005-02-09,9.90,9.90,9.73,9.88,13600,4.27
2005-02-08,9.84,10.20,9.65,9.80,43400,4.23
2005-02-07,9.70,10.00,9.64,9.94,33500,4.29
2005-02-04,9.48,10.00,9.42,9.80,23000,4.23
2005-02-03,9.80,9.88,9.54,9.54,8800,4.12
2005-02-02,9.54,9.78,9.49,9.78,24200,4.23
2005-02-01,9.52,9.76,9.52,9.57,25300,4.14
2005-01-31,9.43,9.50,9.37,9.50,6100,4.10
2005-01-28,9.37,9.53,9.31,9.53,16700,4.12
2005-01-27,9.45,9.49,9.36,9.42,10400,4.07
2005-01-26,9.46,9.52,9.39,9.39,10800,4.06
2005-01-25,9.35,9.46,9.30,9.46,6600,4.09
2005-01-24,9.39,9.47,9.28,9.37,21400,4.05
2005-01-21,9.51,9.51,9.39,9.39,7000,4.06
2005-01-20,9.52,9.53,9.46,9.47,10600,4.09
2005-01-19,9.46,9.56,9.46,9.52,5100,4.11
2005-01-18,9.57,9.57,9.36,9.56,14600,4.13
2005-01-14,9.38,9.57,9.35,9.57,18700,4.14
2005-01-13,9.36,9.50,9.36,9.41,10400,4.07
2005-01-12,9.41,9.51,9.34,9.36,16400,4.04
2005-01-11,9.41,9.42,9.30,9.35,17200,4.04
2005-01-10,9.34,9.41,9.32,9.34,13300,4.04
2005-01-07,9.28,9.40,9.28,9.40,19100,4.06
2005-01-06,9.29,9.32,9.28,9.32,6900,4.03
2005-01-05,9.30,9.41,9.27,9.33,15100,4.03
2005-01-04,9.25,9.40,9.24,9.33,12700,4.03
2005-01-03,9.21,9.42,9.20,9.32,23400,4.03
2004-12-31,9.19,9.27,9.19,9.24,4800,3.99
2004-12-30,9.24,9.40,9.20,9.21,24100,3.98
2004-12-29,9.24,9.28,9.21,9.21,11300,3.98
2004-12-28,9.29,9.40,9.21,9.23,19200,3.99
2004-12-27,9.38,9.40,9.27,9.28,19300,4.01
2004-12-23,9.32,9.40,9.30,9.31,26900,4.02
2004-12-22,9.31,9.42,9.30,9.37,42600,4.05
2004-12-21,9.40,9.45,9.30,9.30,28000,4.02
2004-12-20,9.48,9.49,9.30,9.30,37900,4.02
2004-12-17,9.38,9.70,9.32,9.45,35400,4.08
2004-12-16,9.30,9.40,9.25,9.30,11300,4.02
2004-12-15,9.29,9.39,9.23,9.39,17100,4.06
2004-12-14,9.30,9.40,9.22,9.39,23900,4.06
2004-12-13,9.22,9.45,9.17,9.40,22200,3.98
2004-12-10,9.47,9.56,9.00,9.32,29300,3.94
2004-12-09,9.52,9.59,9.49,9.49,15100,4.01
2004-12-08,9.50,9.53,9.40,9.42,13800,3.98
2004-12-07,9.54,9.54,9.42,9.42,26700,3.98
2004-12-06,9.46,9.51,9.43,9.44,17800,3.99
2004-12-03,9.26,9.46,9.25,9.46,10600,4.00
2004-12-02,9.50,9.50,9.27,9.31,18100,3.94
2004-12-01,9.60,9.61,9.43,9.44,24300,3.99
2004-11-30,9.55,9.62,9.50,9.54,32200,4.03
2004-11-29,9.82,9.82,9.55,9.56,28700,4.04
2004-11-26,9.70,9.84,9.64,9.84,8400,4.16
2004-11-24,9.82,9.84,9.75,9.75,9800,4.12
2004-11-23,9.57,9.76,9.53,9.75,30600,4.12
2004-11-22,9.60,9.73,9.53,9.67,19400,4.09
2004-11-19,9.49,9.70,9.45,9.70,32200,4.10
2004-11-18,9.45,9.50,9.34,9.46,9100,4.00
2004-11-17,9.40,9.46,9.31,9.39,15100,3.97
2004-11-16,9.61,9.62,9.22,9.39,71500,3.97
2004-11-15,9.51,9.62,9.45,9.51,14700,4.02
2004-11-12,9.80,9.80,9.55,9.55,14700,4.04
2004-11-11,9.55,9.61,9.50,9.61,15600,4.06
2004-11-10,9.51,9.63,9.51,9.57,9400,4.05
2004-11-09,9.72,9.72,9.50,9.61,19300,4.06
2004-11-08,9.65,9.72,9.53,9.72,16200,4.11
2004-11-05,9.99,9.99,9.75,9.75,14800,4.12
2004-11-04,9.90,9.94,9.78,9.92,15000,4.20
2004-11-03,9.80,9.85,9.75,9.81,13200,4.15
2004-11-02,9.75,9.87,9.73,9.80,18400,4.14
2004-11-01,9.84,9.89,9.75,9.75,32600,4.12
2004-10-29,9.65,9.77,9.65,9.73,10000,4.11
2004-10-28,9.66,9.79,9.52,9.65,14400,4.08
2004-10-27,9.70,9.80,9.61,9.76,9300,4.13
2004-10-26,9.82,9.82,9.50,9.75,32500,4.12
2004-10-25,9.90,9.90,9.60,9.72,9700,4.11
2004-10-22,9.78,9.80,9.70,9.80,4500,4.14
2004-10-21,9.87,9.87,9.70,9.70,12100,4.10
2004-10-20,9.80,9.90,9.77,9.77,7100,4.13
2004-10-19,9.85,9.91,9.76,9.80,10100,4.14
2004-10-18,9.92,9.92,9.76,9.90,7100,4.19
2004-10-15,9.95,9.95,9.67,9.87,9100,4.17
2004-10-14,9.88,9.90,9.85,9.85,2000,4.17
2004-10-13,9.86,9.99,9.81,9.89,12700,4.18
2004-10-12,9.87,9.99,9.82,9.82,7800,4.15
2004-10-11,9.90,9.99,9.89,9.90,28300,4.19
2004-10-08,9.96,9.99,9.92,9.99,9600,4.22
2004-10-07,10.04,10.05,9.96,9.96,5000,4.21
2004-10-06,10.07,10.08,10.01,10.04,5900,4.25
2004-10-05,10.05,10.08,10.03,10.04,9000,4.25
2004-10-04,10.04,10.09,9.98,10.08,9500,4.26
2004-10-01,10.08,10.08,9.93,10.05,11200,4.25
2004-09-30,9.97,10.10,9.91,10.01,13900,4.23
2004-09-29,10.02,10.06,9.91,9.91,5000,4.19
2004-09-28,10.02,10.02,9.92,9.92,3100,4.20
2004-09-27,10.04,10.04,9.90,10.02,13300,4.24
2004-09-24,9.95,10.05,9.92,10.05,15600,4.25
2004-09-23,10.12,10.12,9.97,9.98,9000,4.22
2004-09-22,9.90,10.13,9.90,10.07,35100,4.26
2004-09-21,9.99,10.00,9.95,10.00,15600,4.23
2004-09-20,9.94,9.98,9.85,9.85,14900,4.17
2004-09-17,9.97,10.00,9.90,9.99,10800,4.22
2004-09-16,9.95,9.95,9.86,9.87,7600,4.17
2004-09-15,10.01,10.05,9.87,9.88,7400,4.18
2004-09-14,9.90,10.12,9.90,10.11,13500,4.28
2004-09-13,10.07,10.13,10.07,10.12,18200,4.20
2004-09-10,10.19,10.19,10.11,10.11,2700,4.19
2004-09-09,10.16,10.19,10.07,10.10,5500,4.19
2004-09-08,10.20,10.20,10.05,10.06,10600,4.17
2004-09-07,10.14,10.20,10.07,10.20,17600,4.23
2004-09-03,10.19,10.20,10.10,10.10,3600,4.19
2004-09-02,10.26,10.26,10.06,10.19,25600,4.22
2004-09-01,10.18,10.28,10.12,10.20,10000,4.23
2004-08-31,10.19,10.28,10.08,10.08,10900,4.18
2004-08-30,10.07,10.14,10.05,10.14,4100,4.20
2004-08-27,10.06,10.30,10.06,10.15,6800,4.21
2004-08-26,10.06,10.11,10.06,10.09,7900,4.18
2004-08-25,10.07,10.13,10.05,10.05,8000,4.17
2004-08-24,10.07,10.17,10.06,10.06,7800,4.17
2004-08-23,10.05,10.07,10.05,10.07,6900,4.17
2004-08-20,10.22,10.26,10.22,10.26,2000,4.25
2004-08-19,10.04,10.24,10.04,10.24,6300,4.24
2004-08-18,10.18,10.30,10.06,10.09,13800,4.18
2004-08-17,10.04,10.10,10.03,10.03,8200,4.16
2004-08-16,10.10,10.27,10.03,10.14,7700,4.20
2004-08-13,10.12,10.29,10.01,10.01,8400,4.15
2004-08-12,10.18,10.30,10.04,10.04,9800,4.16
2004-08-11,10.28,10.45,10.15,10.15,15200,4.21
2004-08-10,10.24,10.34,10.20,10.25,13400,4.25
2004-08-09,10.30,10.34,10.21,10.34,6800,4.29
2004-08-06,10.10,10.36,10.10,10.20,14200,4.23
2004-08-05,10.13,10.14,10.04,10.10,8200,4.19
2004-08-04,10.10,10.24,10.06,10.10,3300,4.19
2004-08-03,10.21,10.31,10.20,10.20,3900,4.23
2004-08-02,10.15,10.30,10.10,10.30,12900,4.27
2004-07-30,10.10,10.30,9.85,10.30,22000,4.27
2004-07-29,9.92,9.98,9.91,9.95,6500,4.12
2004-07-28,9.80,9.99,9.80,9.85,6800,4.08
2004-07-27,10.06,10.19,9.75,9.80,26600,4.06
2004-07-26,10.18,10.18,10.00,10.16,8900,4.21
2004-07-23,10.00,10.17,10.00,10.08,6200,4.18
2004-07-22,10.49,10.50,9.99,10.00,24600,4.15
2004-07-21,10.57,10.70,10.50,10.55,15700,4.37
2004-07-20,10.64,10.64,10.56,10.58,3200,4.39
2004-07-19,10.66,10.66,10.55,10.64,6600,4.41
2004-07-16,10.74,10.74,10.68,10.68,900,4.43
2004-07-15,10.55,10.77,10.45,10.77,22000,4.46
2004-07-14,10.25,10.65,10.21,10.45,15500,4.33
2004-07-13,10.25,10.27,10.00,10.19,8500,4.22
2004-07-12,10.13,10.19,10.01,10.19,5800,4.22
2004-07-09,9.94,10.15,9.94,10.12,15500,4.20
2004-07-08,9.99,9.99,9.84,9.84,5100,4.08
2004-07-07,10.05,10.05,9.91,9.99,23400,4.14
2004-07-06,10.10,10.11,10.00,10.05,3000,4.17
2004-07-02,10.10,10.11,10.01,10.06,6800,4.17
2004-07-01,10.03,10.03,9.90,10.02,3900,4.15
2004-06-30,9.99,10.15,9.99,10.03,12400,4.16
2004-06-29,9.86,9.99,9.76,9.99,13300,4.14
2004-06-28,10.00,10.00,9.76,9.81,4700,4.07
2004-06-25,9.99,10.00,9.97,10.00,6200,4.15
2004-06-24,9.98,10.00,9.98,9.98,8800,4.14
2004-06-23,9.74,9.95,9.73,9.95,3800,4.12
2004-06-22,9.81,9.99,9.65,9.80,10800,4.06
2004-06-21,10.20,10.20,9.83,9.83,10100,4.07
2004-06-18,9.90,10.10,9.70,10.10,11300,4.19
2004-06-17,9.76,10.00,9.70,10.00,17300,4.15
2004-06-16,9.84,9.94,9.81,9.86,8000,4.09
2004-06-15,9.70,9.94,9.70,9.94,9100,4.12
2004-06-14,9.71,9.75,9.60,9.70,14800,4.02
2004-06-10,9.73,9.93,9.73,9.85,19700,4.00
2004-06-09,9.78,9.78,9.70,9.70,22500,3.94
2004-06-08,9.71,9.80,9.71,9.73,10100,3.95
2004-06-07,9.79,9.80,9.71,9.71,12800,3.94
2004-06-04,9.80,9.94,9.71,9.79,5500,3.98
2004-06-03,9.95,9.95,9.71,9.85,8600,4.00
2004-06-02,9.94,9.95,9.91,9.95,5500,4.04
2004-06-01,9.73,9.94,9.71,9.94,11800,4.04
2004-05-28,9.89,9.90,9.85,9.85,7100,4.00
2004-05-27,9.88,9.90,9.72,9.84,7300,4.00
2004-05-26,9.80,9.98,9.71,9.85,8300,4.00
2004-05-25,9.77,9.90,9.65,9.75,24000,3.96
2004-05-24,9.50,9.90,9.42,9.87,28600,4.01
2004-05-21,9.55,9.65,9.53,9.60,29400,3.90
2004-05-20,9.42,9.55,9.26,9.51,18600,3.86
2004-05-19,9.50,9.52,9.44,9.52,8000,3.87
2004-05-18,9.49,9.60,9.34,9.60,39500,3.90
2004-05-17,9.64,9.70,9.35,9.39,17900,3.81
2004-05-14,9.48,9.49,9.31,9.39,11200,3.81
2004-05-13,9.32,9.50,9.32,9.42,20100,3.83
2004-05-12,9.20,9.38,9.20,9.34,13100,3.79
2004-05-11,8.90,9.15,8.81,9.05,17300,3.68
2004-05-10,9.50,9.50,8.77,9.00,22200,3.66
2004-05-07,9.45,9.52,9.35,9.40,6300,3.82
2004-05-06,9.45,9.48,9.20,9.35,7500,3.80
2004-05-05,9.58,9.58,9.48,9.55,9700,3.88
2004-05-04,9.55,9.65,9.40,9.56,16600,3.88
2004-05-03,9.61,9.92,9.61,9.61,24600,3.90
2004-04-30,9.90,10.02,9.50,9.60,26200,3.90
2004-04-29,10.00,10.03,9.99,10.00,8400,4.06
2004-04-28,10.25,10.25,9.90,9.90,26100,4.02
2004-04-27,10.70,10.70,10.40,10.41,17900,4.23
2004-04-26,10.75,10.80,10.50,10.60,23400,4.30
2004-04-23,10.71,10.78,10.60,10.70,10100,4.35
2004-04-22,10.95,10.98,10.80,10.80,6100,4.39
2004-04-21,11.06,11.08,10.92,11.05,14100,4.49
2004-04-20,11.02,11.25,10.91,11.00,9100,4.47
2004-04-19,11.10,11.12,11.00,11.12,15800,4.52
2004-04-16,11.05,11.10,11.00,11.02,11200,4.48
2004-04-15,11.00,11.40,11.00,11.10,14100,4.51
2004-04-14,11.50,11.50,11.00,11.07,19400,4.50
2004-04-13,11.40,11.50,11.25,11.30,19900,4.59
2004-04-12,11.30,11.40,11.26,11.30,16600,4.59
2004-04-08,11.35,11.44,11.05,11.05,13800,4.49
2004-04-07,11.01,11.25,11.01,11.25,21500,4.57
2004-04-06,11.45,11.45,11.00,11.00,18900,4.47
2004-04-05,11.61,11.61,11.21,11.35,10900,4.61
2004-04-02,11.28,11.70,11.00,11.60,43700,4.71
2004-04-01,11.23,11.23,11.00,11.18,20200,4.54
2004-03-31,11.15,11.15,11.03,11.13,17000,4.52
2004-03-30,11.15,11.15,11.05,11.05,10800,4.49
2004-03-29,11.24,11.24,11.05,11.05,5900,4.49
2004-03-26,11.25,11.35,11.10,11.14,18000,4.52
2004-03-25,11.10,11.16,11.10,11.15,19400,4.53
2004-03-24,11.10,11.18,11.00,11.00,10100,4.47
2004-03-23,11.06,11.18,11.00,11.00,10200,4.47
2004-03-22,11.21,11.35,11.05,11.06,39700,4.49
2004-03-19,11.21,11.26,11.17,11.17,8000,4.54
2004-03-18,11.40,11.40,11.02,11.11,26300,4.51
2004-03-17,11.50,11.50,11.29,11.30,20300,4.59
2004-03-16,11.46,11.75,11.40,11.50,92000,4.67
2004-03-15,11.75,11.90,11.42,11.45,33700,4.65
2004-03-12,11.43,11.75,11.40,11.61,34300,4.63
2004-03-11,11.58,11.60,11.42,11.42,13600,4.56
2004-03-10,11.42,11.60,11.40,11.58,17900,4.62
2004-03-09,11.35,11.40,11.31,11.37,13000,4.54
2004-03-08,11.20,11.20,11.02,11.15,14400,4.45
2004-03-05,11.23,11.24,11.17,11.17,8200,4.46
2004-03-04,11.25,11.25,11.12,11.17,13500,4.46
2004-03-03,11.35,11.35,10.91,11.15,17200,4.45
2004-03-02,11.15,11.25,11.15,11.17,12000,4.46
2004-03-01,11.29,11.41,11.14,11.14,12800,4.45
2004-02-27,11.24,11.25,10.90,11.23,36300,4.48
2004-02-26,10.99,11.14,10.99,11.14,14500,4.45
2004-02-25,10.84,10.99,10.84,10.89,8800,4.35
2004-02-24,10.55,10.76,10.55,10.74,20200,4.29
2004-02-23,11.28,11.28,10.65,10.70,43400,4.27
2004-02-20,11.15,11.18,11.00,11.18,33600,4.46
2004-02-19,10.88,11.15,10.88,11.12,16400,4.44
2004-02-18,11.15,11.15,10.98,10.98,18400,4.38
2004-02-17,11.09,11.14,11.09,11.09,10500,4.43
2004-02-13,10.95,11.10,10.95,11.03,16400,4.40
2004-02-12,11.04,11.05,10.80,10.95,16600,4.37
2004-02-11,11.14,11.20,10.96,10.96,33800,4.37
2004-02-10,11.05,11.14,10.81,11.14,24900,4.45
2004-02-09,11.00,11.05,10.98,11.04,14600,4.41
2004-02-06,10.95,11.00,10.85,11.00,15600,4.39
2004-02-05,11.00,11.04,10.70,10.79,24400,4.31
2004-02-04,10.95,10.99,10.88,10.97,12000,4.38
2004-02-03,10.99,11.00,10.68,10.82,28000,4.32
2004-02-02,11.15,11.15,10.75,10.95,24900,4.37
2004-01-30,10.90,11.10,10.83,11.09,14400,4.43
2004-01-29,10.90,11.30,10.60,10.65,24200,4.25
2004-01-28,11.18,11.20,10.80,10.80,23300,4.31
2004-01-27,11.09,11.25,11.01,11.13,39300,4.44
2004-01-26,11.24,11.30,11.01,11.19,18600,4.47
2004-01-23,11.18,11.30,10.90,11.15,32700,4.45
2004-01-22,11.03,11.08,10.80,11.08,12500,4.42
2004-01-21,10.87,11.00,10.85,11.00,20400,4.39
2004-01-20,11.12,11.15,10.77,10.77,25800,4.30
2004-01-16,10.82,11.02,10.80,11.02,38600,4.40
2004-01-15,10.65,10.75,10.60,10.72,16100,4.28
2004-01-14,10.55,10.65,10.53,10.55,15200,4.21
2004-01-13,10.55,10.75,10.44,10.45,31900,4.17
2004-01-12,10.36,10.54,10.36,10.54,33300,4.21
2004-01-09,10.36,10.39,10.30,10.35,20900,4.13
2004-01-08,10.45,10.48,10.36,10.40,9200,4.15
2004-01-07,10.51,10.52,10.35,10.44,19700,4.17
2004-01-06,10.74,10.74,10.54,10.54,20000,4.21
2004-01-05,10.59,10.75,10.46,10.75,19200,4.29
2004-01-02,10.59,10.59,10.46,10.59,7500,4.23
2003-12-31,10.52,10.59,10.52,10.54,7900,4.21
2003-12-30,10.52,10.59,10.50,10.51,7300,4.19
2003-12-29,10.40,10.58,10.40,10.51,9400,4.19
2003-12-26,10.49,10.49,10.32,10.32,8300,4.12
2003-12-24,10.40,10.44,10.34,10.44,8500,4.17
2003-12-23,10.31,10.40,10.21,10.30,21600,4.11
2003-12-22,10.30,10.40,10.27,10.38,18300,4.14
2003-12-19,10.38,10.40,10.23,10.40,33700,4.15
2003-12-18,10.19,10.28,10.08,10.19,20500,4.07
2003-12-17,10.26,10.29,10.20,10.29,19600,4.11
2003-12-16,10.15,10.25,10.14,10.25,17200,4.09
2003-12-15,10.30,10.39,10.13,10.25,27100,4.09
2003-12-12,10.38,10.39,10.24,10.38,13100,4.14
2003-12-11,10.60,10.60,10.42,10.42,18500,4.08
2003-12-10,10.55,10.59,10.42,10.50,12900,4.11
2003-12-09,10.74,10.74,10.45,10.45,16600,4.09
2003-12-08,10.80,10.99,10.70,10.71,22300,4.19
2003-12-05,10.74,10.74,10.55,10.70,19700,4.19
2003-12-04,10.46,10.70,10.38,10.70,6900,4.19
2003-12-03,10.59,10.85,10.43,10.56,22700,4.13
2003-12-02,10.45,10.50,10.44,10.50,15700,4.11
2003-12-01,10.49,10.49,10.45,10.45,11800,4.09
2003-11-28,10.39,10.50,10.39,10.50,7100,4.11
2003-11-26,10.37,10.45,10.36,10.44,18500,4.09
2003-11-25,10.39,10.49,10.28,10.38,9300,4.06
2003-11-24,10.25,10.35,10.25,10.35,18900,4.05
2003-11-21,10.27,10.30,10.19,10.30,11900,4.03
2003-11-20,10.09,10.24,10.09,10.24,10000,4.01
2003-11-19,10.29,10.29,10.15,10.17,31400,3.98
2003-11-18,10.28,10.28,10.18,10.20,10400,3.99
2003-11-17,10.29,10.30,10.18,10.22,12400,4.00
2003-11-14,10.33,10.33,10.15,10.19,31200,3.99
2003-11-13,10.26,10.36,10.26,10.30,17700,4.03
2003-11-12,10.26,10.32,10.26,10.29,13500,4.03
2003-11-11,10.34,10.34,10.18,10.22,16600,4.00
2003-11-10,10.26,10.38,10.21,10.30,31200,4.03
2003-11-07,10.18,10.29,10.15,10.29,18400,4.03
2003-11-06,10.12,10.23,10.11,10.23,13200,4.00
2003-11-05,10.12,10.22,10.09,10.15,18100,3.97
2003-11-04,10.18,10.18,10.10,10.15,17400,3.97
2003-11-03,10.18,10.24,10.13,10.24,15400,4.01
2003-10-31,10.15,10.19,10.10,10.18,9800,3.99
2003-10-30,10.03,10.15,10.02,10.15,8100,3.97
2003-10-29,10.15,10.16,10.05,10.06,9500,3.94
2003-10-28,10.16,10.16,10.07,10.08,8600,3.95
2003-10-27,10.15,10.15,10.03,10.11,5300,3.96
2003-10-24,10.19,10.19,10.04,10.14,9200,3.97
2003-10-23,10.05,10.17,10.05,10.16,5300,3.98
2003-10-22,10.17,10.17,10.03,10.17,5200,3.98
2003-10-21,10.10,10.17,10.01,10.17,6500,3.98
2003-10-20,10.18,10.20,10.00,10.15,17800,3.97
2003-10-17,10.10,10.19,10.10,10.19,3900,3.99
2003-10-16,10.17,10.19,10.12,10.19,14300,3.99
2003-10-15,10.17,10.17,10.13,10.16,16800,3.98
2003-10-14,10.17,10.17,10.11,10.15,11400,3.97
2003-10-13,10.10,10.19,10.10,10.10,12200,3.95
2003-10-10,10.00,10.12,10.00,10.12,8200,3.96
2003-10-09,9.91,10.10,9.86,10.10,9600,3.95
2003-10-08,10.04,10.07,10.00,10.00,3600,3.91
2003-10-07,10.14,10.18,10.11,10.11,22300,3.96
2003-10-06,10.18,10.18,10.02,10.17,10400,3.98
2003-10-03,10.01,10.14,10.01,10.14,6300,3.97
2003-10-02,9.91,10.18,9.91,10.01,33600,3.92
2003-10-01,9.86,10.05,9.86,10.01,7500,3.92
2003-09-30,9.91,9.91,9.86,9.90,9300,3.88
2003-09-29,10.10,10.10,9.90,9.92,9400,3.88
2003-09-26,9.90,10.10,9.90,10.10,3100,3.95
2003-09-25,9.80,9.99,9.80,9.99,11700,3.91
2003-09-24,9.98,9.98,9.90,9.90,5400,3.88
2003-09-23,9.76,9.88,9.71,9.88,35800,3.87
2003-09-22,9.99,10.05,9.86,9.86,16600,3.86
2003-09-19,10.14,10.14,10.00,10.04,16500,3.93
2003-09-18,10.17,10.17,9.98,10.15,8900,3.97
2003-09-17,10.08,10.23,10.00,10.17,14900,3.98
2003-09-16,9.93,10.10,9.90,9.98,17600,3.91
2003-09-15,9.95,9.97,9.91,9.93,13800,3.89
2003-09-12,9.99,10.00,9.91,10.00,9200,3.91
2003-09-11,10.20,10.23,10.08,10.19,6600,3.91
2003-09-10,10.24,10.24,10.05,10.20,12200,3.91
2003-09-09,10.07,10.24,10.07,10.21,12800,3.92
2003-09-08,10.19,10.20,10.05,10.05,19700,3.86
2003-09-05,10.15,10.16,10.15,10.16,8700,3.90
2003-09-04,10.14,10.14,10.01,10.14,15700,3.89
2003-09-03,10.15,10.16,10.02,10.06,8300,3.86
2003-09-02,10.03,10.19,10.03,10.15,6300,3.90
2003-08-29,10.10,10.19,10.02,10.16,5500,3.90
2003-08-28,10.08,10.09,10.00,10.09,4800,3.87
2003-08-27,9.93,10.06,9.93,10.00,11400,3.84
2003-08-26,10.00,10.07,9.91,9.91,5200,3.80
2003-08-25,10.08,10.09,10.00,10.00,7400,3.84
2003-08-22,9.99,10.10,9.99,10.07,3900,3.86
2003-08-21,10.01,10.01,9.98,9.99,11400,3.83
2003-08-20,10.24,10.25,9.99,10.00,19200,3.84
2003-08-19,10.10,10.24,9.99,10.24,14600,3.93
2003-08-18,10.05,10.19,10.00,10.05,6400,3.86
2003-08-15,10.02,10.20,10.01,10.15,16500,3.90
2003-08-14,9.90,9.98,9.90,9.98,7600,3.83
2003-08-13,9.94,9.98,9.71,9.89,13300,3.80
2003-08-12,9.76,9.98,9.76,9.85,7900,3.78
2003-08-11,9.94,10.07,9.72,9.72,15000,3.73
2003-08-08,9.99,9.99,9.85,9.93,13000,3.81
2003-08-07,9.80,9.96,9.80,9.96,15800,3.82
2003-08-06,9.84,9.89,9.81,9.81,14600,3.76
2003-08-05,9.90,10.00,9.84,9.90,12900,3.80
2003-08-04,9.90,10.07,9.90,9.99,12600,3.83
2003-08-01,10.05,10.09,9.85,9.95,13100,3.82
2003-07-31,10.10,10.10,9.85,10.05,35300,3.86
2003-07-30,10.09,10.09,10.04,10.09,8800,3.87
2003-07-29,10.09,10.09,10.01,10.04,8700,3.85
2003-07-28,10.39,10.39,10.05,10.05,38200,3.86
2003-07-25,10.34,10.40,10.26,10.39,5200,3.99
2003-07-24,10.22,10.31,10.22,10.25,6200,3.93
2003-07-23,10.34,10.39,10.23,10.32,9600,3.96
2003-07-22,10.22,10.35,10.22,10.35,13400,3.97
2003-07-21,10.22,10.49,10.22,10.22,11500,3.92
2003-07-18,10.23,10.35,10.22,10.22,7800,3.92
2003-07-17,10.26,10.30,10.22,10.23,12700,3.93
2003-07-16,10.31,10.35,10.28,10.30,9100,3.95
2003-07-15,10.42,10.49,10.26,10.30,6300,3.95
2003-07-14,10.45,10.46,10.36,10.42,15800,4.00
2003-07-11,10.41,10.42,10.30,10.38,19100,3.98
2003-07-10,10.35,10.39,10.35,10.39,8100,3.99
2003-07-09,10.35,10.36,10.31,10.31,7600,3.96
2003-07-08,10.48,10.48,10.26,10.26,30700,3.94
2003-07-07,10.42,10.49,10.36,10.49,55000,4.03
2003-07-03,10.46,10.46,10.40,10.40,1500,3.99
2003-07-02,10.42,10.43,10.26,10.39,12900,3.99
2003-07-01,10.35,10.42,10.35,10.37,3900,3.98
2003-06-30,10.35,10.42,10.26,10.37,12800,3.98
2003-06-27,10.40,10.49,10.34,10.45,8200,4.01
2003-06-26,10.43,10.45,10.25,10.44,18600,4.01
2003-06-25,10.37,10.43,10.25,10.43,17100,4.00
2003-06-24,10.30,10.45,10.20,10.27,17000,3.94
2003-06-23,10.32,10.33,10.19,10.20,11500,3.91
2003-06-20,10.39,10.39,10.22,10.27,18700,3.94
2003-06-19,10.34,10.46,10.22,10.30,17200,3.95
2003-06-18,10.30,10.47,10.24,10.32,17700,3.96
2003-06-17,10.36,10.59,10.35,10.35,40300,3.97
2003-06-16,10.05,10.50,10.05,10.25,24300,3.93
2003-06-13,10.00,10.24,10.00,10.01,9600,3.84
2003-06-12,10.10,10.21,10.02,10.02,13700,3.85
2003-06-11,10.16,10.29,10.14,10.25,12200,3.86
2003-06-10,10.15,10.27,10.12,10.26,24200,3.86
2003-06-09,10.14,10.18,10.08,10.18,5400,3.83
2003-06-06,10.16,10.19,9.60,10.19,59500,3.83
2003-06-05,10.19,10.30,10.11,10.19,29100,3.83
2003-06-04,10.25,10.25,10.12,10.12,22800,3.81
2003-06-03,10.21,10.27,10.15,10.15,13400,3.82
2003-06-02,10.25,10.27,10.13,10.20,15200,3.84
2003-05-30,10.20,10.23,10.06,10.21,15000,3.84
2003-05-29,10.01,10.24,10.01,10.22,19500,3.85
2003-05-28,10.29,10.29,10.10,10.10,35100,3.80
2003-05-27,10.02,10.20,9.96,10.20,45400,3.84
2003-05-23,10.01,10.15,10.01,10.12,17600,3.81
2003-05-22,10.05,10.26,10.00,10.00,31500,3.76
2003-05-21,10.00,10.05,9.93,9.98,12100,3.76
2003-05-20,9.81,9.94,9.81,9.91,6000,3.73
2003-05-19,10.06,10.06,9.80,9.80,35000,3.69
2003-05-16,10.18,10.25,9.96,9.96,23900,3.75
2003-05-15,10.09,10.19,10.08,10.08,34300,3.79
2003-05-14,10.18,10.19,10.10,10.13,17800,3.81
2003-05-13,10.15,10.20,10.12,10.12,16600,3.81
2003-05-12,10.15,10.24,10.03,10.13,15500,3.81
2003-05-09,10.21,10.25,10.12,10.18,16400,3.83
2003-05-08,10.12,10.22,10.05,10.22,15100,3.85
2003-05-07,10.21,10.22,10.11,10.11,12300,3.80
2003-05-06,10.20,10.24,10.16,10.23,19300,3.85
2003-05-05,10.20,10.22,10.03,10.16,15000,3.82
2003-05-02,10.15,10.27,10.10,10.25,32400,3.86
2003-05-01,10.30,10.30,10.05,10.13,16300,3.81
2003-04-30,10.21,10.28,10.21,10.26,11200,3.86
2003-04-29,10.28,10.29,10.13,10.27,25700,3.86
2003-04-28,10.19,10.22,10.11,10.20,12600,3.84
2003-04-25,10.17,10.23,10.00,10.20,18600,3.84
2003-04-24,10.39,10.39,10.07,10.07,10100,3.79
2003-04-23,10.37,10.37,10.11,10.35,25600,3.89
2003-04-22,10.24,10.37,10.05,10.28,36100,3.87
2003-04-21,10.00,10.50,10.00,10.40,39300,3.91
2003-04-17,10.01,10.05,9.88,9.96,15700,3.75
2003-04-16,9.98,10.09,9.90,10.04,26500,3.78
2003-04-15,9.89,10.10,9.80,9.98,16200,3.76
2003-04-14,9.89,9.90,9.78,9.89,26100,3.72
2003-04-11,9.79,9.89,9.74,9.89,33800,3.72
2003-04-10,9.75,9.78,9.71,9.77,6600,3.68
2003-04-09,9.74,9.78,9.66,9.78,9600,3.68
2003-04-08,9.74,9.77,9.67,9.67,13500,3.64
2003-04-07,9.72,9.75,9.66,9.73,26500,3.66
2003-04-04,9.69,9.72,9.66,9.72,9100,3.66
2003-04-03,9.70,9.70,9.65,9.69,6100,3.65
2003-04-02,9.72,9.72,9.54,9.70,24300,3.65
2003-04-01,9.55,9.62,9.51,9.62,17900,3.62
2003-03-31,9.62,9.63,9.45,9.45,34400,3.56
2003-03-28,9.65,9.74,9.63,9.63,9600,3.62
2003-03-27,9.70,9.74,9.61,9.72,17100,3.66
2003-03-26,9.67,9.68,9.56,9.64,28300,3.63
2003-03-25,9.67,9.70,9.60,9.67,62600,3.64
2003-03-24,9.70,9.71,9.60,9.63,45800,3.62
2003-03-21,9.68,9.72,9.60,9.72,16700,3.66
2003-03-20,9.74,9.74,9.60,9.67,46400,3.64
2003-03-19,9.81,9.81,9.64,9.65,20400,3.63
2003-03-18,9.83,9.85,9.76,9.80,20600,3.69
2003-03-17,9.80,9.82,9.75,9.82,15700,3.70
2003-03-14,9.80,9.81,9.75,9.79,12600,3.68
2003-03-13,9.72,9.80,9.60,9.76,23000,3.67
2003-03-12,9.79,9.82,9.66,9.82,13400,3.62
2003-03-11,9.82,9.82,9.75,9.80,8700,3.61
2003-03-10,9.79,9.86,9.70,9.82,33800,3.62
2003-03-07,9.80,9.80,9.68,9.79,17400,3.61
2003-03-06,9.70,9.79,9.66,9.75,11600,3.59
2003-03-05,9.67,9.75,9.67,9.71,13400,3.58
2003-03-04,9.84,9.84,9.65,9.65,20800,3.56
2003-03-03,9.92,9.92,9.70,9.75,13500,3.59
2003-02-28,9.89,9.91,9.73,9.90,13700,3.65
2003-02-27,9.78,9.87,9.70,9.87,18000,3.64
2003-02-26,9.76,9.84,9.75,9.76,21900,3.60
2003-02-25,9.85,9.85,9.76,9.81,10100,3.62
2003-02-24,9.75,9.86,9.75,9.86,17700,3.63
2003-02-21,9.64,9.75,9.61,9.75,17800,3.59
2003-02-20,9.68,9.74,9.67,9.74,12400,3.59
2003-02-19,9.66,9.68,9.57,9.61,17500,3.54
2003-02-18,9.64,9.69,9.64,9.69,28100,3.57
2003-02-14,9.60,9.69,9.58,9.63,8600,3.55
2003-02-13,9.68,9.68,9.46,9.60,13700,3.54
2003-02-12,9.69,9.73,9.50,9.61,29100,3.54
2003-02-11,9.57,9.73,9.53,9.64,24500,3.55
2003-02-10,9.48,9.56,9.48,9.56,18600,3.52
2003-02-07,9.52,9.55,9.48,9.48,33200,3.49
2003-02-06,9.49,9.54,9.48,9.51,23200,3.51
2003-02-05,9.45,9.50,9.45,9.45,20400,3.48
2003-02-04,9.49,9.53,9.44,9.48,28800,3.49
2003-02-03,9.48,9.54,9.44,9.48,30400,3.49
2003-01-31,9.40,9.50,9.38,9.50,43200,3.50
2003-01-30,9.30,9.40,9.30,9.40,26700,3.47
2003-01-29,9.19,9.30,9.19,9.30,14500,3.43
2003-01-28,9.24,9.30,9.16,9.29,27100,3.42
2003-01-27,9.23,9.23,9.11,9.19,19800,3.39
2003-01-24,9.19,9.24,9.08,9.17,22100,3.38
2003-01-23,9.14,9.19,9.14,9.19,13100,3.39
2003-01-22,9.07,9.16,9.02,9.14,39700,3.37
2003-01-21,9.09,9.11,8.91,9.04,31200,3.33
2003-01-17,9.09,9.10,8.98,9.07,32600,3.34
2003-01-16,8.98,9.04,8.89,9.04,47500,3.33
2003-01-15,9.01,9.01,8.91,8.98,30800,3.31
2003-01-14,9.01,9.01,8.96,8.98,24700,3.31
2003-01-13,8.98,9.03,8.97,9.01,50300,3.32
2003-01-10,8.89,8.99,8.87,8.94,53300,3.30
2003-01-09,8.86,8.94,8.85,8.92,98100,3.29
2003-01-08,8.88,8.89,8.81,8.86,28200,3.27
2003-01-07,8.92,8.92,8.80,8.90,48800,3.28
2003-01-06,8.79,8.91,8.79,8.91,52300,3.28
2003-01-03,8.70,8.78,8.70,8.78,48200,3.24
2003-01-02,8.57,8.66,8.57,8.66,30600,3.19
2002-12-31,8.50,8.58,8.46,8.55,95400,3.15
2002-12-30,8.49,8.58,8.40,8.48,154200,3.13
2002-12-27,8.54,8.54,8.40,8.48,42500,3.13
2002-12-26,8.54,8.55,8.49,8.51,33700,3.14
2002-12-24,8.60,8.60,8.51,8.54,17500,3.15
2002-12-23,8.60,8.60,8.52,8.60,26900,3.17
2002-12-20,8.59,8.60,8.59,8.60,11700,3.17
2002-12-19,8.56,8.62,8.55,8.57,51100,3.16
2002-12-18,8.50,8.59,8.50,8.56,63000,3.16
2002-12-17,8.57,8.63,8.49,8.49,114400,3.13
2002-12-16,8.50,8.59,8.46,8.58,96000,3.16
2002-12-13,8.50,8.50,8.41,8.46,75100,3.12
2002-12-12,8.60,8.60,8.46,8.50,73700,3.13
2002-12-11,8.74,8.74,8.55,8.56,92700,3.16
2002-12-10,8.76,8.84,8.74,8.74,43800,3.22
2002-12-09,9.00,9.03,8.91,8.95,50400,3.24
2002-12-06,9.01,9.05,8.95,9.00,42700,3.26
2002-12-05,9.10,9.10,9.01,9.01,32900,3.27
2002-12-04,8.98,9.07,8.98,9.07,38500,3.29
2002-12-03,8.88,8.98,8.82,8.98,28800,3.25
2002-12-02,9.04,9.05,8.87,8.87,40300,3.21
2002-11-29,9.03,9.05,8.87,8.96,25700,3.25
2002-11-27,8.81,9.03,8.81,9.03,43600,3.27
2002-11-26,8.76,8.94,8.76,8.87,16700,3.21
2002-11-25,8.89,9.10,8.60,8.80,79000,3.19
2002-11-22,8.87,8.89,8.82,8.84,19500,3.20
2002-11-21,8.86,8.93,8.71,8.89,23500,3.22
2002-11-20,8.84,8.95,8.84,8.90,17100,3.23
2002-11-19,8.86,8.86,8.81,8.82,15100,3.20
2002-11-18,8.76,8.86,8.76,8.86,10200,3.21
2002-11-15,8.91,8.91,8.66,8.75,24100,3.17
2002-11-14,9.08,9.08,8.75,8.88,51300,3.22
2002-11-13,9.23,9.44,9.23,9.44,22000,3.42
2002-11-12,9.19,9.26,9.18,9.26,55000,3.36
2002-11-11,9.19,9.19,9.18,9.19,15000,3.33
2002-11-08,9.21,9.21,9.15,9.20,44200,3.33
2002-11-07,9.20,9.30,9.20,9.20,11200,3.33
2002-11-06,9.11,9.15,9.11,9.15,6000,3.32
2002-11-05,9.21,9.45,9.11,9.11,13600,3.30
2002-11-04,8.90,9.45,8.90,9.11,22200,3.30
2002-11-01,9.39,9.40,9.31,9.39,3900,3.40
2002-10-31,9.00,9.40,9.00,9.39,9500,3.40
2002-10-30,9.05,9.15,9.00,9.02,18700,3.27
2002-10-29,9.12,9.15,9.10,9.12,35500,3.31
2002-10-28,9.07,9.10,9.07,9.07,5100,3.29
2002-10-25,9.05,9.08,9.04,9.04,2200,3.28
2002-10-24,9.03,9.05,9.03,9.05,2200,3.28
2002-10-23,9.15,9.15,9.00,9.00,17800,3.26
2002-10-22,9.14,9.15,9.10,9.10,5000,3.30
2002-10-21,9.31,9.31,9.10,9.11,8500,3.30
2002-10-18,9.34,9.38,9.30,9.38,6400,3.40
2002-10-17,9.40,9.40,9.32,9.32,14300,3.38
2002-10-16,9.38,9.45,9.35,9.37,6500,3.40
2002-10-15,9.20,9.45,9.20,9.39,10200,3.40
2002-10-14,9.30,9.30,8.95,9.15,12100,3.32
2002-10-11,9.47,9.47,9.35,9.35,8900,3.39
2002-10-10,9.50,9.50,9.35,9.40,19600,3.41
2002-10-09,9.74,9.74,9.60,9.60,3800,3.48
2002-10-08,9.81,9.81,9.63,9.71,8100,3.52
2002-10-07,10.11,10.12,9.90,9.91,8100,3.59
2002-10-04,10.11,10.11,10.11,10.11,1000,3.66
2002-10-03,10.30,10.30,10.12,10.20,4000,3.70
2002-10-02,10.25,10.35,10.25,10.30,2200,3.73
2002-10-01,10.45,10.45,10.25,10.26,7000,3.72
2002-09-30,10.38,10.51,10.22,10.51,20400,3.81
2002-09-27,10.50,10.50,10.41,10.41,1300,3.77
2002-09-26,10.30,10.51,10.30,10.50,8400,3.81
2002-09-25,10.29,10.45,10.25,10.40,6700,3.77
2002-09-24,10.29,10.29,10.16,10.19,2700,3.69
2002-09-23,10.19,10.19,10.10,10.19,4000,3.69
2002-09-20,10.11,10.19,10.10,10.19,1600,3.69
2002-09-19,10.23,10.30,10.00,10.10,12300,3.66
2002-09-18,10.13,10.25,10.01,10.13,9500,3.67
2002-09-17,10.10,10.20,9.90,10.15,11100,3.68
2002-09-16,10.10,10.36,10.06,10.21,13500,3.70
2002-09-13,10.22,10.22,10.10,10.20,10500,3.70
2002-09-12,10.32,10.32,10.26,10.32,4900,3.74
2002-09-11,10.60,10.65,10.55,10.65,2800,3.79
2002-09-10,10.55,10.60,10.40,10.60,7200,3.77
2002-09-09,10.36,10.40,10.25,10.38,12500,3.69
2002-09-06,10.25,10.46,10.25,10.46,4300,3.72
2002-09-05,10.20,10.35,10.20,10.22,4400,3.63
2002-09-04,10.20,10.39,10.20,10.39,1300,3.70
2002-09-03,10.35,10.35,10.11,10.15,13000,3.61
2002-08-30,10.30,10.38,10.29,10.38,3500,3.69
2002-08-29,10.75,10.85,9.87,10.33,29100,3.67
2002-08-28,11.00,11.00,10.83,10.91,18400,3.88
2002-08-27,10.89,11.00,10.85,10.95,7900,3.89
2002-08-26,10.80,11.05,10.72,10.80,8300,3.84
2002-08-23,11.00,11.05,10.90,10.90,5200,3.88
2002-08-22,10.95,10.95,10.72,10.89,4400,3.87
2002-08-21,10.90,10.95,10.68,10.92,7200,3.88
2002-08-20,10.86,11.05,10.80,11.05,11600,3.93
2002-08-19,11.20,11.25,11.06,11.11,7500,3.95
2002-08-16,11.30,11.30,11.07,11.10,7400,3.95
2002-08-15,11.20,11.35,10.99,11.30,38100,4.02
2002-08-14,10.51,11.17,10.43,11.00,30600,3.91
2002-08-13,10.30,10.51,10.15,10.50,7100,3.73
2002-08-12,10.40,10.45,10.33,10.35,9900,3.68
2002-08-09,10.30,10.30,10.00,10.10,6800,3.59
2002-08-08,10.43,10.45,10.30,10.45,15000,3.72
2002-08-07,10.30,10.43,10.26,10.43,9700,3.71
2002-08-06,10.00,10.49,10.00,10.25,18200,3.65
2002-08-05,9.80,10.00,9.70,9.90,4500,3.52
2002-08-02,9.99,9.99,9.90,9.90,4800,3.52
2002-08-01,9.68,10.00,9.68,10.00,7600,3.56
2002-07-31,9.75,9.84,9.40,9.58,5400,3.41
2002-07-30,9.90,10.10,9.80,9.80,5100,3.49
2002-07-29,9.41,9.80,9.41,9.80,16900,3.49
2002-07-26,9.40,9.51,9.40,9.40,6100,3.34
2002-07-25,9.00,9.50,9.00,9.50,15400,3.38
2002-07-24,9.52,9.65,8.90,9.50,23300,3.38
2002-07-23,9.83,9.90,9.45,9.62,17300,3.42
2002-07-22,10.56,10.61,9.85,9.85,16500,3.50
2002-07-19,10.70,10.70,10.55,10.55,12700,3.75
2002-07-18,10.75,10.80,10.60,10.78,11000,3.83
2002-07-17,10.74,10.75,10.56,10.75,15000,3.82
2002-07-16,10.47,10.79,10.47,10.79,13800,3.84
2002-07-15,10.81,10.81,10.46,10.47,26300,3.72
2002-07-12,10.83,11.02,10.81,10.82,10700,3.85
2002-07-11,11.10,11.15,10.91,10.93,9300,3.89
2002-07-10,11.29,11.40,11.22,11.25,21400,4.00
2002-07-09,11.20,11.30,11.05,11.26,16300,4.00
2002-07-08,10.99,11.18,10.92,11.14,9500,3.96
2002-07-05,10.90,10.95,10.90,10.94,3400,3.89
2002-07-03,10.85,10.91,10.85,10.90,7900,3.88
2002-07-02,11.10,11.27,10.90,10.95,13800,3.89
2002-07-01,10.46,11.15,10.46,11.10,12600,3.95
2002-06-28,10.91,10.91,10.40,10.45,18200,3.72
2002-06-27,10.85,10.99,10.85,10.90,3500,3.88
2002-06-26,10.85,10.90,10.77,10.90,9300,3.88
2002-06-25,11.00,11.00,10.81,10.95,3700,3.89
2002-06-24,10.96,11.00,10.81,11.00,8200,3.91
2002-06-21,11.05,11.05,10.85,10.86,3400,3.86
2002-06-20,10.95,11.00,10.95,11.00,700,3.91
2002-06-19,11.04,11.05,10.99,11.05,5200,3.93
2002-06-18,10.80,11.00,10.80,10.99,3100,3.91
2002-06-17,10.40,10.85,10.40,10.75,14600,3.82
2002-06-14,10.85,10.85,10.75,10.75,1600,3.82
2002-06-13,10.90,10.90,10.80,10.80,3700,3.84
2002-06-12,10.90,10.90,10.70,10.90,3600,3.88
2002-06-11,11.04,11.08,11.00,11.00,3100,3.84
2002-06-10,11.14,11.14,10.99,11.00,7700,3.84
2002-06-07,11.25,11.25,11.12,11.13,3600,3.89
2002-06-06,11.40,11.40,11.20,11.20,11800,3.91
2002-06-05,11.42,11.44,11.40,11.40,7500,3.98
2002-06-04,11.40,11.45,11.34,11.41,6900,3.98
2002-06-03,11.48,11.48,11.32,11.40,14100,3.98
2002-05-31,11.62,11.65,11.43,11.48,18500,4.01
2002-05-30,11.54,11.63,11.50,11.63,30500,4.06
2002-05-29,11.45,11.54,11.45,11.54,11600,4.03
2002-05-28,11.26,11.45,11.26,11.45,11800,4.00
2002-05-24,11.28,11.34,11.28,11.32,5200,3.95
2002-05-23,11.35,11.38,11.30,11.38,5300,3.97
2002-05-22,11.15,11.40,11.15,11.36,6600,3.97
2002-05-21,11.42,11.43,11.01,11.01,11400,3.84
2002-05-20,11.25,11.35,11.10,11.35,10700,3.96
2002-05-17,11.15,11.23,11.05,11.19,5400,3.91
2002-05-16,11.06,11.14,11.05,11.14,3100,3.89
2002-05-15,10.95,11.14,10.95,11.01,8200,3.84
2002-05-14,11.02,11.13,11.00,11.00,9100,3.84
2002-05-13,11.02,11.03,10.86,11.00,7300,3.84
2002-05-10,11.00,11.03,11.00,11.01,3300,3.84
2002-05-09,11.04,11.04,10.94,10.98,3900,3.83
2002-05-08,10.81,11.00,10.81,10.91,7300,3.81
2002-05-07,10.88,10.89,10.81,10.81,3200,3.77
2002-05-06,10.85,10.85,10.80,10.81,7400,3.77
2002-05-03,10.75,10.89,10.75,10.80,3800,3.77
2002-05-02,10.37,10.88,10.37,10.80,11400,3.77
2002-05-01,10.58,10.89,10.50,10.65,14300,3.72
2002-04-30,10.57,10.65,10.52,10.52,7900,3.67
2002-04-29,10.69,10.70,10.52,10.52,11300,3.67
2002-04-26,10.70,10.70,10.55,10.60,6000,3.70
2002-04-25,10.81,10.83,10.70,10.70,10400,3.74
2002-04-24,10.80,10.83,10.78,10.83,1800,3.78
2002-04-23,10.83,10.83,10.81,10.81,1800,3.77
2002-04-22,10.82,10.84,10.76,10.83,10500,3.78
2002-04-19,10.90,10.90,10.86,10.86,900,3.79
2002-04-18,10.90,10.90,10.90,10.90,5400,3.81
2002-04-17,10.86,10.89,10.86,10.89,4500,3.80
2002-04-16,10.90,10.90,10.80,10.90,18700,3.81
2002-04-15,10.99,10.99,10.87,10.90,11600,3.81
2002-04-12,10.95,10.99,10.95,10.99,6500,3.84
2002-04-11,10.95,11.01,10.91,10.95,3800,3.82
2002-04-10,10.91,10.95,10.90,10.95,2900,3.82
2002-04-09,10.90,11.02,10.90,10.92,5400,3.81
2002-04-08,10.88,10.90,10.86,10.90,4500,3.81
2002-04-05,10.90,10.95,10.86,10.89,4100,3.80
2002-04-04,10.92,11.02,10.86,10.88,8700,3.80
2002-04-03,10.90,11.02,10.90,11.02,5400,3.85
2002-04-02,10.80,10.90,10.80,10.90,2700,3.81
2002-04-01,10.85,10.90,10.80,10.90,5200,3.81
2002-03-28,11.00,11.00,10.85,10.89,8100,3.80
2002-03-27,11.12,11.12,11.00,11.10,4800,3.88
2002-03-26,11.15,11.17,11.00,11.12,10100,3.88
2002-03-25,11.15,11.19,11.10,11.12,9500,3.88
2002-03-22,11.05,11.14,11.05,11.14,4900,3.89
2002-03-21,11.15,11.20,11.15,11.19,3600,3.91
2002-03-20,11.04,11.14,11.00,11.10,15100,3.88
2002-03-19,11.10,11.13,11.00,11.05,5800,3.86
2002-03-18,11.00,11.20,11.00,11.05,6600,3.86
2002-03-15,10.70,10.97,10.70,10.97,6800,3.83
2002-03-14,10.90,10.95,10.71,10.85,14700,3.79
2002-03-13,10.80,10.85,10.70,10.85,3600,3.79
2002-03-12,11.10,11.10,10.90,11.00,10300,3.77
2002-03-11,11.01,11.10,11.01,11.10,600,3.81
2002-03-08,10.93,11.10,10.93,11.10,10800,3.81
2002-03-07,10.80,10.95,10.80,10.93,4500,3.75
2002-03-06,10.85,10.96,10.85,10.85,6500,3.72
2002-03-05,10.80,10.99,10.66,10.75,13700,3.69
2002-03-04,10.85,10.95,10.65,10.93,14000,3.75
2002-03-01,10.80,10.84,10.74,10.84,18900,3.72
2002-02-28,10.71,10.74,10.69,10.74,6400,3.68
2002-02-27,10.70,10.82,10.66,10.66,13100,3.65
2002-02-26,10.99,11.00,10.80,10.80,12700,3.70
2002-02-25,11.10,11.10,10.91,10.94,12000,3.75
2002-02-22,11.20,11.20,10.95,11.13,14400,3.82
2002-02-21,11.10,11.14,11.08,11.12,11600,3.81
2002-02-20,11.09,11.17,11.09,11.15,12700,3.82
2002-02-19,11.15,11.20,11.09,11.09,10300,3.80
2002-02-15,11.10,11.14,11.08,11.08,9800,3.80
2002-02-14,11.00,11.10,11.00,11.08,7100,3.80
2002-02-13,11.00,11.02,10.92,10.92,2400,3.74
2002-02-12,11.00,11.05,10.94,10.94,3100,3.75
2002-02-11,11.05,11.10,10.92,10.92,7200,3.74
2002-02-08,11.00,11.05,11.00,11.02,1400,3.78
2002-02-07,11.00,11.00,10.92,11.00,1600,3.77
2002-02-06,11.10,11.10,10.90,11.00,8900,3.77
2002-02-05,11.01,11.08,11.01,11.07,13600,3.80
2002-02-04,11.20,11.20,11.10,11.11,9300,3.81
2002-02-01,11.00,11.00,10.95,11.00,2100,3.77
2002-01-31,10.80,10.98,10.80,10.95,17400,3.75
2002-01-30,10.85,10.95,10.80,10.80,14800,3.70
2002-01-29,11.10,11.10,10.85,10.95,9200,3.75
2002-01-28,10.93,11.05,10.80,11.05,37400,3.79
2002-01-25,11.10,11.10,10.93,10.93,10000,3.75
2002-01-24,11.05,11.05,11.00,11.05,9400,3.79
2002-01-23,11.05,11.05,10.96,11.00,7700,3.77
2002-01-22,11.05,11.05,10.90,11.05,31800,3.79
2002-01-18,11.00,11.06,10.86,10.95,14500,3.75
2002-01-17,11.05,11.08,11.00,11.00,17300,3.77
2002-01-16,11.08,11.11,11.00,11.07,15600,3.80
2002-01-15,11.15,11.15,10.90,11.08,16300,3.80
2002-01-14,11.09,11.11,11.01,11.10,5700,3.81
2002-01-11,11.15,11.15,11.00,11.09,13500,3.80
2002-01-10,11.15,11.15,10.80,11.05,15500,3.79
2002-01-09,11.18,11.19,11.14,11.14,9500,3.82
2002-01-08,11.15,11.15,10.90,11.14,9000,3.82
2002-01-07,11.02,11.18,11.02,11.10,11200,3.81
2002-01-04,11.17,11.19,11.00,11.12,3200,3.81
2002-01-03,10.93,11.15,10.85,11.10,3800,3.81
2002-01-02,11.00,11.05,10.95,11.03,1400,3.78
2001-12-31,11.00,11.00,10.90,10.90,3000,3.74
2001-12-28,10.83,11.00,10.77,11.00,5300,3.77
2001-12-27,10.75,10.83,10.75,10.76,2900,3.69
2001-12-26,10.80,10.95,10.64,10.85,8500,3.72
2001-12-24,10.93,10.95,10.75,10.75,4300,3.69
2001-12-21,10.80,10.97,10.80,10.83,10000,3.71
2001-12-20,10.70,10.85,10.64,10.70,10500,3.67
2001-12-19,11.20,11.20,10.70,10.70,14000,3.67
2001-12-18,10.75,11.00,10.65,10.91,10200,3.74
2001-12-17,10.97,11.00,10.65,10.65,9900,3.65
2001-12-14,10.85,10.85,10.70,10.82,2800,3.71
2001-12-13,10.95,10.95,10.95,10.95,2900,3.75
2001-12-12,10.99,11.00,10.85,10.90,3400,3.74
2001-12-11,11.03,11.20,11.03,11.20,7600,3.77
2001-12-10,11.05,11.07,11.01,11.07,4800,3.72
2001-12-07,11.20,11.23,11.07,11.07,1300,3.72
2001-12-06,11.15,11.35,11.15,11.15,11100,3.75
2001-12-05,11.25,11.25,11.03,11.10,9900,3.73
2001-12-04,11.20,11.25,11.20,11.25,5200,3.78
2001-12-03,11.10,11.15,11.01,11.10,9400,3.73
2001-11-30,10.94,11.20,10.90,11.20,9200,3.77
2001-11-29,10.85,10.93,10.85,10.93,1900,3.68
2001-11-28,10.94,10.94,10.74,10.80,6500,3.63
2001-11-27,10.85,10.94,10.85,10.91,4600,3.67
2001-11-26,10.90,10.94,10.75,10.75,4900,3.62
2001-11-23,10.90,10.90,10.90,10.90,400,3.67
2001-11-21,10.90,10.90,10.71,10.85,7400,3.65
2001-11-20,10.95,11.00,10.81,10.89,5200,3.66
2001-11-19,10.80,10.95,10.73,10.95,6000,3.68
2001-11-16,10.80,10.81,10.72,10.75,3400,3.62
2001-11-15,10.75,10.89,10.71,10.71,2800,3.60
2001-11-14,10.71,10.81,10.70,10.80,9400,3.63
2001-11-13,10.83,10.83,10.71,10.71,4400,3.60
2001-11-12,10.70,10.75,10.70,10.75,600,3.62
2001-11-09,10.70,10.70,10.66,10.66,800,3.59
2001-11-08,10.84,10.84,10.61,10.83,8300,3.64
2001-11-07,10.84,10.84,10.55,10.84,5200,3.65
2001-11-06,10.70,10.89,10.55,10.55,10800,3.55
2001-11-05,10.80,10.80,10.79,10.79,2400,3.63
2001-11-02,10.90,11.00,10.63,10.80,18600,3.63
2001-11-01,10.75,10.85,10.70,10.70,4800,3.60
2001-10-31,10.89,10.95,10.60,10.60,7600,3.57
2001-10-30,10.75,10.90,10.75,10.89,3400,3.66
2001-10-29,10.65,10.84,10.60,10.80,6800,3.63
2001-10-26,10.75,10.85,10.60,10.80,9300,3.63
2001-10-25,10.57,10.75,10.52,10.65,5500,3.58
2001-10-24,10.65,10.65,10.65,10.65,000,3.58
2001-10-23,10.80,10.80,10.50,10.65,7100,3.58
2001-10-22,10.76,10.76,10.75,10.75,3100,3.62
2001-10-19,10.80,10.80,10.75,10.75,1200,3.62
2001-10-18,10.90,10.90,10.60,10.79,10400,3.63
2001-10-17,10.80,10.97,10.75,10.75,3300,3.62
2001-10-16,10.81,10.94,10.80,10.94,5500,3.68
2001-10-15,10.80,10.90,10.50,10.90,5300,3.67
2001-10-12,10.75,10.90,10.75,10.85,4200,3.65
2001-10-11,10.75,10.95,10.60,10.73,10600,3.61
2001-10-10,10.45,10.74,10.45,10.74,5600,3.61
2001-10-09,10.42,10.59,10.42,10.50,5700,3.53
2001-10-08,10.60,10.60,10.35,10.45,14000,3.52
2001-10-05,10.60,10.60,10.55,10.60,2300,3.57
2001-10-04,10.85,10.85,10.60,10.60,6200,3.57
2001-10-03,10.74,10.99,10.74,10.94,7100,3.68
2001-10-02,10.65,10.95,10.55,10.74,10500,3.61
2001-10-01,10.90,11.00,10.40,10.60,11800,3.57
2001-09-28,10.50,11.10,10.50,11.00,7300,3.70
2001-09-27,10.50,10.55,10.25,10.55,18500,3.55
2001-09-26,10.65,10.65,10.55,10.65,9700,3.58
2001-09-25,10.85,10.99,10.75,10.75,14400,3.62
2001-09-24,10.95,11.00,10.85,10.90,10500,3.67
2001-09-21,10.85,11.00,10.85,11.00,10400,3.70
2001-09-20,10.96,11.00,10.75,10.86,9400,3.65
2001-09-19,11.05,11.15,10.81,10.81,18900,3.64
2001-09-18,11.25,11.25,11.05,11.05,14800,3.72
2001-09-17,10.81,11.50,10.81,11.25,18300,3.78
2001-09-10,10.95,11.17,10.95,11.11,6300,3.74
2001-09-07,11.00,11.00,10.96,10.96,5400,3.69
2001-09-06,11.10,11.10,10.95,10.99,12700,3.70
2001-09-05,10.99,11.10,10.99,11.10,8600,3.73
2001-09-04,10.95,11.00,10.89,10.97,9900,3.69
2001-08-31,10.80,11.05,10.80,10.90,5100,3.67
2001-08-30,10.93,11.05,10.93,10.95,4700,3.68
2001-08-29,10.85,10.95,10.79,10.80,5800,3.63
2001-08-28,10.90,11.00,10.80,10.80,5700,3.63
2001-08-27,10.95,10.95,10.79,10.85,4700,3.65
2001-08-24,11.00,11.00,10.91,10.91,1000,3.67
2001-08-23,10.86,11.04,10.86,11.00,3000,3.70
2001-08-22,10.84,11.03,10.84,11.02,3300,3.71
2001-08-21,11.09,11.09,10.79,10.80,7700,3.63
2001-08-20,11.00,11.06,10.85,11.00,12100,3.70
2001-08-17,10.98,10.99,10.98,10.98,5800,3.69
2001-08-16,10.96,10.97,10.96,10.97,2700,3.69
2001-08-15,10.97,10.97,10.87,10.95,2200,3.68
2001-08-14,10.80,10.95,10.79,10.90,10200,3.67
2001-08-13,11.17,11.17,10.89,11.00,6700,3.70
2001-08-10,10.95,11.17,10.90,11.10,8200,3.73
2001-08-09,11.15,11.15,10.78,11.05,13200,3.72
2001-08-08,11.00,11.15,10.78,11.00,14400,3.70
2001-08-07,11.00,11.00,10.79,11.00,17300,3.70
2001-08-06,10.89,10.90,10.78,10.78,8900,3.63
2001-08-03,10.80,10.90,10.78,10.85,16300,3.65
2001-08-02,10.79,10.79,10.78,10.78,2200,3.63
2001-08-01,10.81,10.95,10.81,10.88,2900,3.66
2001-07-31,10.81,10.91,10.70,10.78,3400,3.63
2001-07-30,10.95,10.95,10.76,10.76,1900,3.62
2001-07-27,10.83,10.88,10.68,10.80,7600,3.63
2001-07-26,10.66,10.82,10.60,10.80,4500,3.63
2001-07-25,10.55,10.66,10.55,10.64,3000,3.58
2001-07-24,10.60,10.69,10.60,10.66,2300,3.59
2001-07-23,10.60,10.69,10.55,10.69,6400,3.60
2001-07-20,10.66,10.66,10.60,10.60,2300,3.57
2001-07-19,10.60,10.70,10.55,10.56,6800,3.55
2001-07-18,10.60,10.60,10.54,10.54,17300,3.55
2001-07-17,10.60,10.69,10.51,10.60,6700,3.57
2001-07-16,10.64,10.64,10.51,10.60,1600,3.57
2001-07-13,10.64,10.64,10.50,10.64,2900,3.58
2001-07-12,10.50,10.50,10.45,10.50,23400,3.53
2001-07-11,10.50,10.68,10.49,10.60,14300,3.57
2001-07-10,10.50,10.65,10.43,10.50,11900,3.53
2001-07-09,10.80,10.84,10.76,10.80,2400,3.63
2001-07-06,10.80,10.80,10.80,10.80,500,3.63
2001-07-05,10.90,10.90,10.85,10.85,200,3.65
2001-07-03,10.85,10.95,10.85,10.95,21400,3.68
2001-07-02,10.80,10.80,10.71,10.75,11200,3.62
2001-06-29,10.74,10.75,10.50,10.75,17100,3.62
2001-06-28,10.53,10.65,10.53,10.65,3500,3.58
2001-06-27,10.45,10.65,10.35,10.65,32000,3.58
2001-06-26,10.26,10.50,10.26,10.35,18600,3.48
2001-06-25,10.12,10.24,10.12,10.16,5200,3.42
2001-06-22,10.09,10.09,10.09,10.09,5500,3.39
2001-06-21,10.28,10.28,9.75,10.19,21800,3.43
2001-06-20,10.59,10.60,10.20,10.25,20700,3.45
2001-06-19,10.57,10.66,10.40,10.55,13900,3.55
2001-06-18,10.75,10.75,10.49,10.67,13100,3.59
2001-06-15,10.75,10.75,10.68,10.75,2300,3.62
2001-06-14,10.76,10.85,10.75,10.75,3600,3.62
2001-06-13,10.72,10.80,10.68,10.68,3700,3.59
2001-06-12,10.80,10.90,10.67,10.71,3000,3.54
2001-06-11,10.95,11.00,10.80,10.80,6800,3.57
2001-06-08,10.76,10.85,10.76,10.85,1700,3.58
2001-06-07,10.90,10.94,10.75,10.77,2000,3.56
2001-06-06,10.70,10.90,10.70,10.90,1700,3.60
2001-06-05,10.95,10.95,10.74,10.95,6700,3.61
2001-06-04,10.85,10.90,10.85,10.87,5100,3.59
2001-06-01,10.80,10.85,10.80,10.85,1900,3.58
2001-05-31,10.86,10.86,10.77,10.80,1700,3.57
2001-05-30,10.85,10.92,10.83,10.86,6600,3.59
2001-05-29,10.85,10.85,10.65,10.80,4300,3.57
2001-05-25,10.65,10.75,10.65,10.65,2500,3.52
2001-05-24,10.75,10.75,10.65,10.65,2200,3.52
2001-05-23,10.79,10.90,10.76,10.76,7200,3.55
2001-05-22,10.75,10.89,10.75,10.89,4900,3.59
2001-05-21,10.85,10.90,10.70,10.85,2900,3.58
2001-05-18,10.81,10.85,10.40,10.80,13200,3.57
2001-05-17,10.80,10.85,10.70,10.85,6300,3.58
2001-05-16,10.84,10.84,10.55,10.70,1500,3.53
2001-05-15,10.71,10.80,10.60,10.60,2600,3.50
2001-05-14,10.65,10.95,10.65,10.75,7200,3.55
2001-05-11,10.75,10.75,10.50,10.55,2700,3.48
2001-05-10,10.95,10.95,10.60,10.75,9800,3.55
2001-05-09,10.68,10.75,10.68,10.75,1800,3.55
2001-05-08,10.66,10.80,10.66,10.66,1400,3.52
2001-05-07,10.67,10.70,10.50,10.60,6000,3.50
2001-05-04,10.80,10.80,10.75,10.77,6300,3.56
2001-05-03,10.65,10.80,10.65,10.80,1300,3.57
2001-05-02,10.80,10.80,10.50,10.60,5500,3.50
2001-05-01,10.35,10.84,10.35,10.60,10600,3.50
2001-04-30,10.40,10.40,10.20,10.35,9000,3.42
2001-04-27,10.40,10.40,10.20,10.35,4100,3.42
2001-04-26,10.25,10.50,10.20,10.40,6700,3.43
2001-04-25,10.40,10.40,10.20,10.25,4300,3.38
2001-04-24,10.20,10.40,10.20,10.35,6200,3.42
2001-04-23,10.40,10.60,10.25,10.25,12500,3.38
2001-04-20,10.25,10.30,10.25,10.30,4300,3.40
2001-04-19,10.16,10.30,10.13,10.15,23100,3.35
2001-04-18,10.12,10.22,10.12,10.22,3200,3.37
2001-04-17,10.30,10.30,10.20,10.20,16200,3.37
2001-04-16,10.10,10.30,10.10,10.20,15300,3.37
2001-04-12,10.25,10.29,10.11,10.11,3000,3.34
2001-04-11,10.15,10.25,10.15,10.25,2700,3.38
2001-04-10,10.25,10.30,10.25,10.25,8200,3.38
2001-04-09,10.10,10.25,10.10,10.25,7200,3.38
2001-04-06,10.30,10.30,10.15,10.15,20200,3.35
2001-04-05,10.15,10.25,10.15,10.20,64300,3.37
2001-04-04,10.20,10.20,10.15,10.20,5900,3.37
2001-04-03,10.18,10.19,10.15,10.19,2500,3.36
2001-04-02,10.24,10.24,10.16,10.16,4700,3.35
2001-03-30,10.19,10.24,10.19,10.20,4700,3.37
2001-03-29,10.10,10.10,10.10,10.10,2300,3.33
2001-03-28,10.20,10.25,10.10,10.10,23600,3.33
2001-03-27,10.19,10.24,10.10,10.20,8100,3.37
2001-03-26,10.20,10.30,10.11,10.12,9800,3.34
2001-03-23,10.40,10.54,10.10,10.15,27700,3.35
2001-03-22,10.35,10.41,10.28,10.35,2500,3.42
2001-03-21,10.62,10.62,10.35,10.40,5400,3.43
2001-03-20,9.95,10.65,9.95,10.60,14200,3.50
2001-03-19,10.25,10.25,9.80,9.92,19700,3.27
2001-03-16,10.40,10.60,10.25,10.25,5600,3.38
2001-03-15,10.61,10.65,10.45,10.50,14100,3.47
2001-03-14,10.50,10.55,10.40,10.55,1600,3.48
2001-03-13,10.50,10.53,10.35,10.53,4100,3.41
2001-03-12,10.37,10.45,10.35,10.45,7900,3.38
2001-03-09,10.19,10.30,10.19,10.27,3100,3.33
2001-03-08,10.21,10.21,10.19,10.19,1000,3.30
2001-03-07,10.23,10.45,10.20,10.33,4200,3.35
2001-03-06,10.30,10.34,10.30,10.33,1800,3.35
2001-03-05,10.45,10.50,10.16,10.28,4500,3.33
2001-03-02,10.39,10.39,10.20,10.25,3500,3.32
2001-03-01,10.45,10.45,10.15,10.40,15800,3.37
2001-02-28,10.54,10.54,10.26,10.30,6600,3.34
2001-02-27,10.37,10.54,10.37,10.54,3700,3.41
2001-02-26,10.37,10.40,10.15,10.37,4500,3.36
2001-02-23,10.40,10.63,10.35,10.35,2900,3.35
2001-02-22,10.30,10.50,10.05,10.40,9500,3.37
2001-02-21,10.20,10.50,10.05,10.20,10700,3.30
2001-02-20,10.10,10.10,10.05,10.05,5100,3.25
2001-02-16,10.45,10.45,10.05,10.10,10800,3.27
2001-02-15,10.61,10.75,10.51,10.55,26600,3.42
2001-02-14,10.45,10.65,10.35,10.60,19700,3.43
2001-02-13,10.15,10.45,10.03,10.45,12000,3.38
2001-02-12,10.00,10.25,10.00,10.25,4500,3.32
2001-02-09,10.00,10.19,10.00,10.00,4400,3.24
2001-02-08,10.01,10.25,9.50,10.00,28700,3.24
2001-02-07,10.15,10.24,10.01,10.20,5300,3.30
2001-02-06,10.25,10.25,10.15,10.15,3400,3.29
2001-02-05,10.80,10.95,10.25,10.38,15600,3.36
2001-02-02,10.25,11.60,10.18,11.00,31200,3.56
2001-02-01,10.01,10.25,10.00,10.20,7700,3.30
2001-01-31,10.01,10.02,10.01,10.02,3200,3.24
2001-01-30,10.01,10.25,10.01,10.02,4000,3.24
2001-01-29,10.31,10.31,9.95,10.02,29300,3.24
2001-01-26,10.12,10.31,10.00,10.25,25400,3.32
2001-01-25,10.06,10.12,10.00,10.12,8500,3.28
2001-01-24,10.25,10.25,10.06,10.12,2100,3.28
2001-01-23,10.19,10.25,10.06,10.19,7600,3.30
2001-01-22,10.19,10.19,10.06,10.06,6300,3.26
2001-01-19,10.00,10.31,10.00,10.06,9800,3.26
2001-01-18,10.06,10.12,10.00,10.00,9300,3.24
2001-01-17,10.06,10.25,10.06,10.12,13700,3.28
2001-01-16,10.00,10.12,10.00,10.12,23700,3.28
2001-01-12,10.00,10.25,10.00,10.12,70600,3.28
2001-01-11,9.94,10.25,9.81,9.81,42300,3.18
2001-01-10,9.69,9.94,9.69,9.94,23000,3.22
2001-01-09,9.69,9.88,9.62,9.75,47500,3.16
2001-01-08,9.62,9.69,9.62,9.62,20200,3.12
2001-01-05,9.50,9.50,9.38,9.50,2500,3.08
2001-01-04,9.50,9.50,9.38,9.50,5100,3.08
2001-01-03,9.38,9.50,9.38,9.50,17300,3.08
2001-01-02,9.31,9.38,9.31,9.38,2700,3.04
2000-12-29,9.06,9.31,9.06,9.12,26100,2.96
2000-12-28,9.12,9.12,9.06,9.06,6200,2.93
2000-12-27,9.00,9.38,9.00,9.31,16900,3.02
2000-12-26,9.38,9.50,9.00,9.00,41400,2.91
2000-12-22,8.94,9.25,8.94,9.25,6400,3.00
2000-12-21,8.81,8.94,8.81,8.81,8000,2.85
2000-12-20,9.00,9.00,8.69,8.94,12700,2.89
2000-12-19,8.94,9.00,8.94,8.94,2800,2.89
2000-12-18,8.75,9.00,8.62,8.94,31900,2.89
2000-12-15,8.88,9.00,8.62,8.75,13600,2.83
2000-12-14,8.75,8.94,8.62,8.94,11600,2.89
2000-12-13,8.62,9.00,8.62,8.81,5300,2.85
2000-12-12,9.38,9.38,9.19,9.31,10100,2.79
2000-12-11,9.50,9.50,9.31,9.31,4100,2.79
2000-12-08,9.38,9.50,9.25,9.38,25700,2.81
2000-12-07,9.38,9.44,9.38,9.38,2700,2.81
2000-12-06,9.69,9.69,9.25,9.25,3700,2.77
2000-12-05,9.44,9.69,9.25,9.62,7600,2.88
2000-12-04,9.31,9.50,9.25,9.25,6100,2.77
2000-12-01,9.50,9.50,9.31,9.31,900,2.79
2000-11-30,9.50,9.50,9.25,9.50,2600,2.85
2000-11-29,9.31,9.44,9.25,9.44,7700,2.83
2000-11-28,9.50,9.50,9.38,9.38,7800,2.81
2000-11-27,9.62,9.62,9.62,9.62,900,2.88
2000-11-24,9.19,9.62,9.19,9.62,3400,2.88
2000-11-22,9.62,9.62,9.12,9.19,10200,2.75
2000-11-21,9.62,9.62,9.62,9.62,000,2.88
2000-11-20,9.75,9.75,9.50,9.62,4000,2.88
2000-11-17,9.88,9.88,9.81,9.88,1900,2.96
2000-11-16,9.62,9.81,9.62,9.81,3800,2.94
2000-11-15,9.62,9.62,9.50,9.50,4000,2.85
2000-11-14,9.31,9.62,9.31,9.62,6700,2.88
2000-11-13,9.31,9.56,9.31,9.31,11100,2.79
2000-11-10,9.62,9.62,9.38,9.38,3200,2.81
2000-11-09,9.50,9.56,9.38,9.38,7300,2.81
2000-11-08,9.44,9.44,9.44,9.44,1200,2.83
2000-11-07,9.56,9.56,9.44,9.44,900,2.83
2000-11-06,9.56,9.56,9.50,9.50,6100,2.85
2000-11-03,9.31,9.44,9.31,9.38,5300,2.81
2000-11-02,9.44,9.56,9.38,9.38,3200,2.81
2000-11-01,9.31,9.56,9.31,9.31,2300,2.79
2000-10-31,9.44,9.44,9.19,9.25,8500,2.77
2000-10-30,9.25,9.38,9.19,9.31,7500,2.79
2000-10-27,9.31,9.38,9.12,9.12,10900,2.73
2000-10-26,9.25,9.25,9.25,9.25,1700,2.77
2000-10-25,9.19,9.19,9.06,9.12,8700,2.73
2000-10-24,9.19,9.25,9.12,9.12,5100,2.73
2000-10-23,9.25,9.25,9.19,9.19,2300,2.75
2000-10-20,9.31,9.31,9.19,9.19,8200,2.75
2000-10-19,9.19,9.44,9.19,9.19,7300,2.75
2000-10-18,9.12,9.19,9.12,9.12,5900,2.73
2000-10-17,9.38,9.38,9.19,9.19,3000,2.75
2000-10-16,9.25,9.38,9.25,9.38,4100,2.81
2000-10-13,9.50,9.62,9.25,9.25,13600,2.77
2000-10-12,9.62,9.62,9.50,9.50,4500,2.85
2000-10-11,9.88,9.88,9.75,9.75,1500,2.92
2000-10-10,9.88,9.88,9.75,9.88,1600,2.96
2000-10-09,9.88,9.88,9.69,9.75,24900,2.92
2000-10-06,9.88,9.88,9.88,9.88,400,2.96
2000-10-05,9.88,9.88,9.88,9.88,4400,2.96
2000-10-04,9.88,10.06,9.88,9.88,10700,2.96
2000-10-03,9.94,10.06,9.94,10.06,23000,3.01
2000-10-02,9.81,9.81,9.81,9.81,3600,2.94
2000-09-29,9.88,9.88,9.75,9.81,18000,2.94
2000-09-28,9.81,9.88,9.75,9.75,24500,2.92
2000-09-27,9.62,9.81,9.62,9.81,21800,2.94
2000-09-26,9.62,9.69,9.56,9.62,28000,2.88
2000-09-25,9.44,9.62,9.38,9.56,12700,2.86
2000-09-22,9.38,9.44,9.38,9.38,4400,2.81
2000-09-21,9.56,9.56,9.44,9.44,5100,2.83
2000-09-20,9.56,9.56,9.44,9.50,20600,2.85
2000-09-19,9.56,9.56,9.50,9.50,6700,2.85
2000-09-18,9.50,9.62,9.50,9.50,8900,2.85
2000-09-15,9.56,9.62,9.56,9.56,4800,2.86
2000-09-14,9.56,9.56,9.56,9.56,3600,2.86
2000-09-13,9.62,9.69,9.50,9.50,4000,2.85
2000-09-12,9.75,9.75,9.69,9.75,14100,2.86
2000-09-11,9.81,9.81,9.62,9.69,20100,2.84
2000-09-08,9.88,9.88,9.69,9.81,3900,2.88
2000-09-07,9.75,9.94,9.69,9.94,10600,2.92
2000-09-06,9.75,9.75,9.69,9.75,1500,2.86
2000-09-05,9.75,9.75,9.69,9.75,10200,2.86
2000-09-01,9.88,9.88,9.81,9.88,2000,2.90
2000-08-31,9.94,9.94,9.88,9.88,13400,2.90
2000-08-30,9.94,9.94,9.94,9.94,600,2.92
2000-08-29,9.88,9.94,9.88,9.94,13500,2.92
2000-08-28,9.75,9.88,9.69,9.88,22200,2.90
2000-08-25,9.75,9.75,9.69,9.75,12200,2.86
2000-08-24,9.75,9.75,9.69,9.69,3500,2.84
2000-08-23,9.75,9.88,9.75,9.75,20300,2.86
2000-08-22,9.75,9.75,9.75,9.75,1000,2.86
2000-08-21,9.81,9.81,9.75,9.81,6300,2.88
2000-08-18,9.75,9.88,9.75,9.75,4800,2.86
2000-08-17,9.88,9.88,9.75,9.88,5600,2.90
2000-08-16,9.75,9.88,9.75,9.88,4000,2.90
2000-08-15,10.00,10.00,9.69,9.69,6600,2.84
2000-08-14,9.94,10.00,9.88,10.00,25800,2.93
2000-08-11,9.94,10.06,9.94,10.00,3900,2.93
2000-08-10,9.94,10.00,9.94,9.94,3600,2.92
2000-08-09,9.81,9.94,9.75,9.94,700,2.92
2000-08-08,10.00,10.00,9.88,9.88,1200,2.90
2000-08-07,9.94,9.94,9.88,9.88,8600,2.90
2000-08-04,9.88,9.88,9.88,9.88,5900,2.90
2000-08-03,9.69,9.88,9.69,9.75,6000,2.86
2000-08-02,9.81,10.00,9.56,9.56,30800,2.81
2000-08-01,9.94,9.94,9.94,9.94,300,2.92
2000-07-31,9.75,9.94,9.75,9.75,9000,2.86
2000-07-28,9.88,9.88,9.69,9.75,1600,2.86
2000-07-27,9.88,10.00,9.88,10.00,2500,2.93
2000-07-26,10.25,10.25,9.88,9.88,4900,2.90
2000-07-25,10.31,10.31,10.19,10.19,1700,2.99
2000-07-24,9.81,11.00,9.81,10.44,29900,3.06
2000-07-21,9.94,9.94,9.75,9.81,2800,2.88
2000-07-20,9.75,10.00,9.75,10.00,4100,2.93
2000-07-19,9.69,9.94,9.69,9.94,6800,2.92
2000-07-18,9.75,10.00,9.75,9.75,1800,2.86
2000-07-17,10.06,10.12,9.81,9.81,8700,2.88
2000-07-14,9.81,10.00,9.81,9.88,4800,2.90
2000-07-13,9.81,10.06,9.81,10.00,2600,2.93
2000-07-12,9.75,10.00,9.75,9.94,5700,2.92
2000-07-11,9.69,9.88,9.69,9.75,3100,2.86
2000-07-10,9.88,10.06,9.81,9.81,6500,2.88
2000-07-07,9.88,9.88,9.88,9.88,500,2.90
2000-07-06,9.88,10.12,9.88,9.94,49900,2.92
2000-07-05,9.81,9.81,9.69,9.81,15600,2.88
2000-07-03,9.62,9.75,9.62,9.75,4300,2.86
2000-06-30,9.75,9.75,9.75,9.75,2500,2.86
2000-06-29,9.75,9.75,9.62,9.62,10300,2.82
2000-06-28,9.81,9.81,9.81,9.81,2300,2.88
2000-06-27,9.69,9.81,9.62,9.81,12000,2.88
2000-06-26,9.69,9.75,9.50,9.75,8500,2.86
2000-06-23,9.75,9.75,9.62,9.62,2200,2.82
2000-06-22,9.62,9.75,9.62,9.62,5500,2.82
2000-06-21,9.44,9.75,9.44,9.56,8200,2.81
2000-06-20,9.62,9.62,9.25,9.38,10600,2.75
2000-06-19,9.62,9.62,9.50,9.50,4300,2.79
2000-06-16,9.50,9.56,9.50,9.50,3400,2.79
2000-06-15,9.69,9.69,9.50,9.50,11100,2.79
2000-06-14,9.62,9.69,9.62,9.69,1000,2.84
2000-06-13,9.62,10.00,9.62,10.00,6500,2.87
2000-06-12,9.56,10.06,9.56,9.62,25300,2.77
2000-06-09,9.56,9.56,9.56,9.56,1600,2.75
2000-06-08,9.81,9.81,9.50,9.75,4400,2.80
2000-06-07,9.62,9.75,9.56,9.62,6400,2.77
2000-06-06,9.81,9.88,9.69,9.75,2800,2.80
2000-06-05,9.88,9.88,9.50,9.75,8100,2.80
2000-06-02,9.69,9.88,9.69,9.75,8300,2.80
2000-06-01,9.50,9.69,9.38,9.50,8300,2.73
2000-05-31,9.62,9.62,9.38,9.56,3300,2.75
2000-05-30,9.25,9.44,9.25,9.44,7100,2.71
2000-05-26,9.31,9.50,9.25,9.25,4800,2.66
2000-05-25,9.50,9.50,9.25,9.31,7900,2.68
2000-05-24,9.31,9.81,9.31,9.69,8800,2.79
2000-05-23,9.25,9.44,9.19,9.25,6100,2.66
2000-05-22,9.25,9.31,9.19,9.31,3500,2.68
2000-05-19,9.25,9.38,9.25,9.38,400,2.70
2000-05-18,9.44,9.44,9.31,9.38,1800,2.70
2000-05-17,9.88,9.88,9.44,9.50,15700,2.73
2000-05-16,9.50,9.94,9.50,9.75,16300,2.80
2000-05-15,9.50,9.50,9.50,9.50,11700,2.73
2000-05-12,9.50,9.50,9.31,9.31,5000,2.68
2000-05-11,9.56,9.69,9.56,9.56,2900,2.75
2000-05-10,9.56,9.56,9.56,9.56,200,2.75
2000-05-09,9.56,9.56,9.56,9.56,3300,2.75
2000-05-08,9.56,9.56,9.56,9.56,2200,2.75
2000-05-05,9.56,9.56,9.56,9.56,400,2.75
2000-05-04,9.56,9.69,9.50,9.50,16600,2.73
2000-05-03,9.50,9.50,9.50,9.50,000,2.73
2000-05-02,9.56,9.56,9.50,9.50,1100,2.73
2000-05-01,9.44,9.69,9.44,9.56,11800,2.75
2000-04-28,9.25,9.25,9.25,9.25,4800,2.66
2000-04-27,9.50,9.50,9.19,9.25,10800,2.66
2000-04-26,9.50,9.50,9.50,9.50,100,2.73
2000-04-25,9.56,9.56,9.38,9.44,2700,2.71
2000-04-24,9.50,9.62,9.44,9.62,5800,2.77
2000-04-20,9.31,9.94,9.31,9.50,60400,2.73
2000-04-19,9.38,9.38,9.25,9.31,3300,2.68
2000-04-18,9.31,9.44,9.31,9.44,6800,2.71
2000-04-17,9.06,9.81,9.06,9.25,25200,2.66
2000-04-14,9.25,9.25,9.06,9.06,8700,2.61
2000-04-13,9.38,9.50,9.25,9.25,22400,2.66
2000-04-12,9.44,9.56,9.31,9.31,12100,2.68
2000-04-11,9.62,9.62,9.44,9.44,1800,2.71
2000-04-10,9.38,9.69,9.38,9.69,19000,2.79
2000-04-07,9.75,9.75,9.69,9.69,3700,2.79
2000-04-06,9.81,9.81,9.81,9.81,200,2.82
2000-04-05,9.69,9.81,9.69,9.81,13600,2.82
2000-04-04,9.81,9.88,9.81,9.88,14600,2.84
2000-04-03,9.69,9.94,9.56,9.88,14600,2.84
2000-03-31,9.62,9.62,9.56,9.62,4800,2.77
2000-03-30,9.25,9.56,9.25,9.50,11400,2.73
2000-03-29,9.69,9.69,9.25,9.44,39300,2.71
2000-03-28,9.38,9.62,9.38,9.62,14700,2.77
2000-03-27,9.38,9.44,9.31,9.44,6400,2.71
2000-03-24,9.25,9.38,9.19,9.25,18000,2.66
2000-03-23,9.31,9.38,9.25,9.25,4200,2.66
2000-03-22,9.31,9.50,9.25,9.38,4900,2.70
2000-03-21,9.25,9.38,9.19,9.25,9300,2.66
2000-03-20,9.31,9.50,9.19,9.19,8000,2.64
2000-03-17,9.31,9.44,9.31,9.38,5000,2.70
2000-03-16,9.12,9.25,9.12,9.25,2800,2.66
2000-03-15,9.12,9.25,8.94,9.00,22000,2.59
2000-03-14,9.25,9.38,9.25,9.38,2400,2.64
2000-03-13,9.38,9.38,9.19,9.31,8200,2.62
2000-03-10,9.31,9.44,9.25,9.31,15900,2.62
2000-03-09,9.31,9.38,9.25,9.38,8000,2.64
2000-03-08,9.44,9.44,9.25,9.25,11200,2.60
2000-03-07,9.31,9.44,9.25,9.31,32900,2.62
2000-03-06,9.19,9.50,9.19,9.31,15900,2.62
2000-03-03,9.31,9.44,9.25,9.25,15500,2.60
2000-03-02,9.19,9.31,9.19,9.19,11100,2.59
2000-03-01,9.62,9.62,9.19,9.19,34400,2.59
2000-02-29,9.38,9.50,9.38,9.50,11500,2.67
2000-02-28,9.12,9.50,9.12,9.38,7100,2.64
2000-02-25,9.25,9.25,9.12,9.12,17900,2.57
2000-02-24,9.38,9.38,9.19,9.19,12000,2.59
2000-02-23,9.56,9.56,9.38,9.38,18800,2.64
2000-02-22,9.62,9.62,9.50,9.56,1900,2.69
2000-02-18,9.69,9.88,9.56,9.69,7100,2.73
2000-02-17,9.69,9.69,9.69,9.69,200,2.73
2000-02-16,9.69,9.81,9.69,9.75,5100,2.74
2000-02-15,9.94,10.06,9.62,9.69,12600,2.73
2000-02-14,10.06,10.06,9.81,10.00,10100,2.81
2000-02-11,10.06,10.19,9.94,9.94,2800,2.80
2000-02-10,9.88,10.31,9.88,9.88,17000,2.78
2000-02-09,9.88,10.12,9.81,9.94,9600,2.80
2000-02-08,10.00,10.00,9.88,9.88,8100,2.78
2000-02-07,9.94,9.94,9.81,9.81,2200,2.76
2000-02-04,9.94,9.94,9.88,9.88,3900,2.78
2000-02-03,10.00,10.00,10.00,10.00,4000,2.81
2000-02-02,9.94,9.94,9.94,9.94,1400,2.80
2000-02-01,9.88,10.25,9.81,9.94,16600,2.80
2000-01-31,9.88,10.00,9.88,9.88,19300,2.78
2000-01-28,10.00,10.00,9.56,9.88,17200,2.78
2000-01-27,9.75,9.94,9.75,9.94,10600,2.80
2000-01-26,9.94,9.94,9.75,9.88,12200,2.78
2000-01-25,10.00,10.00,9.81,9.94,17600,2.80
2000-01-24,10.31,10.38,9.88,9.94,34600,2.80
2000-01-21,10.38,10.38,10.31,10.31,3200,2.90
2000-01-20,10.62,10.62,10.50,10.50,2900,2.95
2000-01-19,10.50,10.69,10.50,10.62,13500,2.99
2000-01-18,10.69,10.69,10.56,10.62,9200,2.99
2000-01-14,10.69,10.81,10.69,10.81,50900,3.04
2000-01-13,10.25,10.50,10.25,10.50,10600,2.95
2000-01-12,10.12,10.31,10.12,10.31,8800,2.90
2000-01-11,10.06,10.19,10.06,10.19,9600,2.87
2000-01-10,10.06,10.31,10.06,10.12,13300,2.85
2000-01-07,10.00,10.12,10.00,10.12,6300,2.85
2000-01-06,10.06,10.06,10.00,10.00,17900,2.81
2000-01-05,9.94,10.31,9.94,10.06,5900,2.83
2000-01-04,9.94,10.00,9.94,10.00,8400,2.81
2000-01-03,10.50,10.50,10.00,10.00,6900,2.81
1999-12-31,10.31,10.56,10.31,10.56,22100,2.97
1999-12-30,10.31,10.31,10.31,10.31,3000,2.90
1999-12-29,10.31,10.31,10.31,10.31,10000,2.90
1999-12-28,10.00,10.38,10.00,10.31,25500,2.90
1999-12-27,9.50,9.94,9.50,9.94,22000,2.80
1999-12-23,10.00,10.00,8.94,9.38,41100,2.64
1999-12-22,10.06,10.06,9.94,9.94,6700,2.80
1999-12-21,10.56,10.56,9.81,10.19,14200,2.87
1999-12-20,9.69,10.56,9.69,10.44,16400,2.94
1999-12-17,9.94,9.94,9.69,9.75,9800,2.74
1999-12-16,10.00,10.00,9.69,9.88,7600,2.78
1999-12-15,9.88,10.00,9.75,9.88,21000,2.78
1999-12-14,10.25,10.25,10.19,10.19,5900,2.75
1999-12-13,10.00,10.38,10.00,10.25,14000,2.76
1999-12-10,10.00,10.25,10.00,10.06,9200,2.71
1999-12-09,9.94,10.12,9.94,10.00,9200,2.69
1999-12-08,10.06,10.06,9.88,10.00,9100,2.69
1999-12-07,10.00,10.00,9.94,9.94,7900,2.68
1999-12-06,9.94,10.06,9.94,10.00,12200,2.69
1999-12-03,9.94,10.12,9.94,10.12,2600,2.73
1999-12-02,10.00,10.06,9.94,9.94,5100,2.68
1999-12-01,10.00,10.12,10.00,10.06,800,2.71
1999-11-30,10.00,10.00,9.81,10.00,34500,2.69
1999-11-29,10.38,10.38,10.06,10.25,20800,2.76
1999-11-26,10.31,10.31,10.25,10.25,2200,2.76
1999-11-24,10.25,10.25,10.25,10.25,4700,2.76
1999-11-23,10.50,10.56,10.25,10.25,16700,2.76
1999-11-22,10.62,10.62,10.44,10.56,3700,2.85
1999-11-19,10.69,10.69,10.50,10.50,1100,2.83
1999-11-18,10.50,10.75,10.50,10.75,1000,2.90
1999-11-17,10.81,10.81,10.44,10.50,7500,2.83
1999-11-16,10.50,10.81,10.50,10.69,2600,2.88
1999-11-15,10.44,10.94,10.44,10.62,4600,2.86
1999-11-12,10.62,10.62,10.50,10.50,3200,2.83
1999-11-11,10.38,10.69,10.38,10.50,5800,2.83
1999-11-10,10.38,10.56,10.38,10.56,2100,2.85
1999-11-09,10.50,10.50,10.38,10.44,7600,2.81
1999-11-08,10.69,10.81,10.56,10.81,3500,2.91
1999-11-05,10.88,10.94,10.75,10.81,12100,2.91
1999-11-04,10.62,10.69,10.50,10.50,9800,2.83
1999-11-03,10.50,10.69,10.38,10.62,15900,2.86
1999-11-02,10.38,10.44,10.31,10.31,4600,2.78
1999-11-01,10.50,10.56,10.44,10.44,5000,2.81
1999-10-29,10.38,10.50,10.25,10.50,5200,2.83
1999-10-28,10.69,10.69,10.19,10.50,9400,2.83
1999-10-27,10.19,10.69,10.19,10.56,7700,2.85
1999-10-26,10.69,10.69,10.06,10.12,12600,2.73
1999-10-25,10.38,10.44,10.25,10.44,600,2.81
1999-10-22,10.38,10.62,10.38,10.38,11800,2.80
1999-10-21,10.69,10.69,10.44,10.44,5300,2.81
1999-10-20,10.50,10.81,10.44,10.81,5400,2.91
1999-10-19,10.50,10.50,10.00,10.50,13900,2.83
1999-10-18,10.75,10.75,10.62,10.62,4100,2.86
1999-10-15,10.81,11.00,10.75,10.75,4800,2.90
1999-10-14,10.88,11.00,10.88,10.88,1600,2.93
1999-10-13,10.88,10.88,10.81,10.81,1200,2.91
1999-10-12,10.88,11.00,10.88,11.00,5300,2.96
1999-10-11,10.75,10.75,10.75,10.75,800,2.90
1999-10-08,10.81,10.88,10.81,10.88,22200,2.93
1999-10-07,10.81,10.81,10.81,10.81,1900,2.91
1999-10-06,10.88,10.88,10.88,10.88,1900,2.93
1999-10-05,10.69,11.06,10.69,11.00,30100,2.96
1999-10-04,10.62,10.69,10.62,10.69,3200,2.88
1999-10-01,10.69,10.69,10.56,10.62,1700,2.86
1999-09-30,10.69,10.69,10.69,10.69,1000,2.88
1999-09-29,10.69,10.69,10.69,10.69,7500,2.88
1999-09-28,10.62,11.00,10.62,10.75,25000,2.90
1999-09-27,10.75,10.75,10.62,10.62,3300,2.86
1999-09-24,10.50,10.75,10.50,10.75,1400,2.90
1999-09-23,10.50,10.50,10.38,10.50,4600,2.83
1999-09-22,10.50,10.69,10.44,10.50,3700,2.83
1999-09-21,10.75,10.75,10.44,10.44,17000,2.81
1999-09-20,10.44,10.69,10.38,10.69,10600,2.88
1999-09-17,10.44,10.50,10.44,10.50,4000,2.83
1999-09-16,10.38,10.44,10.31,10.44,3600,2.81
1999-09-15,10.50,10.50,10.31,10.38,4200,2.80
1999-09-14,10.69,10.75,10.56,10.62,12500,2.81
1999-09-13,10.69,10.69,10.56,10.69,8500,2.83
1999-09-10,10.69,10.69,10.62,10.62,2400,2.81
1999-09-09,10.56,10.69,10.56,10.62,6100,2.81
1999-09-08,10.56,10.56,10.50,10.56,14500,2.79
1999-09-07,10.81,10.81,10.56,10.62,4800,2.81
1999-09-03,10.75,10.88,10.75,10.88,9300,2.88
1999-09-02,10.69,10.69,10.69,10.69,2500,2.83
1999-09-01,10.56,10.81,10.56,10.75,5500,2.84
1999-08-31,10.56,10.94,10.56,10.69,11300,2.83
1999-08-30,10.56,10.69,10.56,10.69,22100,2.83
1999-08-27,10.88,10.88,10.50,10.50,15000,2.78
1999-08-26,11.00,11.00,10.88,10.88,1400,2.88
1999-08-25,11.00,11.12,10.81,11.12,10900,2.94
1999-08-24,10.94,11.06,10.94,11.06,2700,2.93
1999-08-23,11.00,11.00,10.88,10.94,3400,2.89
1999-08-20,10.81,10.88,10.81,10.88,1800,2.88
1999-08-19,10.75,10.88,10.75,10.88,8600,2.88
1999-08-18,10.88,11.00,10.88,11.00,2000,2.91
1999-08-17,10.81,10.94,10.75,10.94,8200,2.89
1999-08-16,10.88,10.88,10.81,10.81,13200,2.86
1999-08-13,10.75,10.88,10.75,10.88,12200,2.88
1999-08-12,10.88,10.94,10.88,10.94,6400,2.89
1999-08-11,10.75,10.94,10.75,10.94,11300,2.89
1999-08-10,11.00,11.00,10.56,10.62,4500,2.81
1999-08-09,10.94,11.06,10.94,11.06,6500,2.93
1999-08-06,11.06,11.06,10.88,10.88,4900,2.88
1999-08-05,11.19,11.25,11.06,11.12,11300,2.94
1999-08-04,11.06,11.06,11.06,11.06,1700,2.93
1999-08-03,11.06,11.12,11.06,11.06,6500,2.93
1999-08-02,11.06,11.06,11.00,11.00,2800,2.91
1999-07-30,11.12,11.12,11.06,11.06,500,2.93
1999-07-29,11.12,11.12,11.06,11.06,1500,2.93
1999-07-28,11.31,11.31,11.25,11.31,3600,2.99
1999-07-27,11.06,11.25,11.06,11.25,5200,2.97
1999-07-26,11.38,11.38,11.19,11.19,1800,2.96
1999-07-23,11.06,11.25,11.00,11.25,19200,2.97
1999-07-22,11.38,11.38,11.00,11.06,4200,2.93
1999-07-21,11.31,11.56,11.31,11.56,4100,3.06
1999-07-20,11.31,11.44,11.12,11.12,7400,2.94
1999-07-19,11.12,11.44,11.12,11.44,9900,3.02
1999-07-16,11.31,11.31,11.25,11.25,1400,2.97
1999-07-15,11.31,11.44,11.19,11.19,8000,2.96
1999-07-14,11.38,11.38,11.31,11.31,9600,2.99
1999-07-13,11.69,11.69,11.38,11.44,7900,3.02
1999-07-12,11.75,11.75,11.62,11.69,14400,3.09
1999-07-09,11.62,11.88,11.62,11.75,6100,3.11
1999-07-08,11.62,11.62,11.50,11.50,9100,3.04
1999-07-07,11.44,11.62,11.44,11.62,10000,3.07
1999-07-06,11.31,11.31,11.31,11.31,1300,2.99
1999-07-02,11.31,11.44,11.31,11.44,12800,3.02
1999-07-01,11.25,11.38,11.19,11.38,14000,3.01
1999-06-30,11.25,11.31,11.25,11.31,12600,2.99
1999-06-29,11.12,11.50,11.12,11.25,48700,2.97
1999-06-28,11.00,11.00,11.00,11.00,11600,2.91
1999-06-25,11.00,11.00,11.00,11.00,2100,2.91
1999-06-24,11.00,11.00,11.00,11.00,400,2.91
1999-06-23,10.94,11.00,10.94,11.00,5900,2.91
1999-06-22,10.75,10.94,10.62,10.88,31500,2.88
1999-06-21,10.94,10.94,10.69,10.88,10400,2.88
1999-06-18,10.81,10.88,10.81,10.88,1700,2.88
1999-06-17,11.12,11.12,10.62,10.88,14800,2.88
1999-06-16,10.88,11.25,10.88,11.19,15900,2.96
1999-06-15,11.06,11.06,10.88,11.00,8100,2.86
1999-06-14,10.88,11.06,10.88,11.00,3600,2.86
1999-06-11,11.06,11.06,10.88,10.88,2600,2.82
1999-06-10,10.94,11.06,10.94,10.94,7600,2.84
1999-06-09,11.06,11.06,10.81,10.94,5100,2.84
1999-06-08,10.88,11.06,10.88,11.06,6900,2.87
1999-06-07,10.81,11.00,10.81,10.88,3900,2.82
1999-06-04,10.81,10.94,10.81,10.81,13300,2.81
1999-06-03,10.81,10.81,10.81,10.81,1200,2.81
1999-06-02,10.88,10.94,10.75,10.75,14500,2.79
1999-06-01,10.88,10.94,10.75,10.94,1600,2.84
1999-05-28,10.81,11.00,10.81,11.00,4400,2.86
1999-05-27,10.94,10.94,10.75,10.81,2600,2.81
1999-05-26,10.88,11.00,10.81,11.00,15500,2.86
1999-05-25,11.31,11.31,10.69,10.69,10700,2.77
1999-05-24,11.12,11.25,11.12,11.25,2600,2.92
1999-05-21,11.12,11.25,11.00,11.12,5100,2.89
1999-05-20,11.00,11.12,11.00,11.00,3400,2.86
1999-05-19,10.81,11.00,10.81,10.88,2600,2.82
1999-05-18,10.88,10.88,10.62,10.81,7200,2.81
1999-05-17,11.06,11.31,11.06,11.12,3600,2.89
1999-05-14,11.25,11.31,10.94,11.12,4900,2.89
1999-05-13,11.19,11.38,11.12,11.38,3900,2.95
1999-05-12,11.12,11.38,11.00,11.38,9100,2.95
1999-05-11,11.25,11.25,11.00,11.19,7700,2.90
1999-05-10,11.06,11.25,11.00,11.12,16500,2.89
1999-05-07,10.81,11.06,10.81,11.00,15600,2.86
1999-05-06,10.81,10.88,10.81,10.81,4700,2.81
1999-05-05,10.81,10.94,10.81,10.88,10400,2.82
1999-05-04,10.88,10.94,10.88,10.88,5100,2.82
1999-05-03,10.94,11.00,10.81,10.81,2800,2.81
1999-04-30,10.88,10.94,10.81,10.81,3100,2.81
1999-04-29,10.81,10.94,10.81,10.88,11500,2.82
1999-04-28,10.75,10.81,10.69,10.75,10800,2.79
1999-04-27,11.00,11.00,10.88,10.88,9800,2.82
1999-04-26,10.94,10.94,10.94,10.94,2200,2.84
1999-04-23,10.62,11.12,10.62,11.00,11200,2.86
1999-04-22,10.62,10.94,10.62,10.62,19200,2.76
1999-04-21,10.88,10.88,10.56,10.56,12300,2.74
1999-04-20,10.62,10.81,10.62,10.75,10700,2.79
1999-04-19,10.62,11.12,10.62,10.62,13400,2.76
1999-04-16,10.69,10.88,10.56,10.56,6200,2.74
1999-04-15,10.56,10.69,10.56,10.56,9300,2.74
1999-04-14,10.81,11.19,10.62,10.62,14600,2.76
1999-04-13,10.62,10.81,10.62,10.62,9600,2.76
1999-04-12,10.69,10.81,10.38,10.50,11000,2.73
1999-04-09,10.62,10.62,10.56,10.56,4700,2.74
1999-04-08,10.81,10.88,10.69,10.69,3500,2.77
1999-04-07,11.06,11.12,10.81,10.94,23200,2.84
1999-04-06,11.12,11.12,11.06,11.06,14900,2.87
1999-04-05,10.94,11.19,10.94,11.19,2800,2.90
1999-04-01,11.25,11.25,11.06,11.06,14200,2.87
1999-03-31,11.12,11.12,11.00,11.12,3400,2.89
1999-03-30,11.00,11.19,11.00,11.12,20800,2.89
1999-03-29,10.69,10.88,10.50,10.88,12500,2.82
1999-03-26,10.75,10.75,10.69,10.69,3400,2.77
1999-03-25,10.62,10.69,10.38,10.69,13400,2.77
1999-03-24,10.69,10.81,10.56,10.81,3400,2.81
1999-03-23,10.56,10.56,10.50,10.50,9300,2.73
1999-03-22,10.56,10.62,10.56,10.56,7800,2.74
1999-03-19,10.62,10.81,10.56,10.56,8700,2.74
1999-03-18,10.94,10.94,10.62,10.62,7000,2.76
1999-03-17,11.12,11.19,10.94,11.00,4700,2.86
1999-03-16,10.56,11.25,10.56,11.25,59000,2.87
1999-03-15,10.56,10.69,10.56,10.62,12100,2.71
1999-03-12,10.88,10.88,10.62,10.75,3100,2.74
1999-03-11,10.81,10.88,10.62,10.62,3300,2.71
1999-03-10,10.56,10.81,10.56,10.75,9100,2.74
1999-03-09,10.94,10.94,10.56,10.56,8800,2.69
1999-03-08,10.56,10.81,10.56,10.81,4600,2.76
1999-03-05,10.50,10.62,10.50,10.62,9600,2.71
1999-03-04,10.56,10.94,10.56,10.56,10600,2.69
1999-03-03,10.56,10.56,10.50,10.56,2000,2.69
1999-03-02,10.75,10.75,10.56,10.56,12100,2.69
1999-03-01,10.62,10.81,10.62,10.62,5700,2.71
1999-02-26,10.56,10.69,10.56,10.62,4100,2.71
1999-02-25,10.56,10.56,10.50,10.56,15200,2.69
1999-02-24,10.88,10.88,10.69,10.69,14600,2.73
1999-02-23,10.94,10.94,10.75,10.88,5700,2.77
1999-02-22,10.81,10.94,10.75,10.94,13900,2.79
1999-02-19,11.19,11.19,10.88,11.00,6300,2.80
1999-02-18,10.75,11.12,10.75,11.12,9100,2.84
1999-02-17,10.81,10.88,10.75,10.75,1700,2.74
1999-02-16,10.94,11.25,10.69,10.69,13700,2.73
1999-02-12,11.00,11.00,10.25,10.62,26000,2.71
1999-02-11,11.12,11.12,11.12,11.12,3400,2.84
1999-02-10,11.25,11.31,11.12,11.19,12100,2.85
1999-02-09,11.31,11.44,11.25,11.25,23600,2.87
1999-02-08,11.31,11.38,11.12,11.12,2700,2.84
1999-02-05,11.25,11.25,11.12,11.19,2700,2.85
1999-02-04,11.44,11.44,11.19,11.19,3000,2.85
1999-02-03,11.12,11.44,11.12,11.31,8300,2.88
1999-02-02,11.44,11.44,11.19,11.19,8500,2.85
1999-02-01,11.44,11.44,11.31,11.38,6600,2.90
1999-01-29,11.62,11.62,11.31,11.31,11900,2.88
1999-01-28,11.44,11.50,11.38,11.50,2000,2.93
1999-01-27,11.62,11.62,11.25,11.25,68500,2.87
1999-01-26,11.44,11.56,11.44,11.56,13500,2.95
1999-01-25,11.50,11.50,11.44,11.50,13900,2.93
1999-01-22,11.75,11.75,11.56,11.62,3500,2.96
1999-01-21,11.69,11.75,11.69,11.75,14600,3.00
1999-01-20,11.50,11.69,11.50,11.69,3800,2.98
1999-01-19,11.50,11.56,11.50,11.50,4000,2.93
1999-01-15,11.38,11.56,11.38,11.50,19100,2.93
1999-01-14,11.50,11.50,11.44,11.44,4700,2.92
1999-01-13,11.38,11.50,11.19,11.38,7600,2.90
1999-01-12,11.50,11.69,11.50,11.50,16900,2.93
1999-01-11,11.38,11.56,11.38,11.50,10600,2.93
1999-01-08,11.50,11.50,11.44,11.50,6600,2.93
1999-01-07,11.38,11.44,11.38,11.44,13200,2.92
1999-01-06,11.50,11.56,11.25,11.25,13900,2.87
1999-01-05,11.44,11.56,11.38,11.38,13900,2.90
1999-01-04,11.12,11.38,11.12,11.38,12400,2.90
1998-12-31,11.00,11.31,11.00,11.25,16600,2.87
1998-12-30,10.88,10.88,10.88,10.88,3100,2.77
1998-12-29,11.06,11.06,10.81,10.81,5900,2.76
1998-12-28,11.12,11.38,11.00,11.00,14500,2.80
1998-12-24,10.94,11.12,10.94,11.12,2300,2.84
1998-12-23,10.94,10.94,10.94,10.94,1500,2.79
1998-12-22,11.00,11.00,10.81,11.00,9500,2.80
1998-12-21,10.88,11.00,10.88,11.00,5200,2.80
1998-12-18,11.00,11.00,10.69,10.69,8000,2.73
1998-12-17,10.88,11.00,10.75,11.00,8000,2.80
1998-12-16,11.00,11.06,10.75,11.00,8400,2.80
1998-12-15,10.88,11.12,10.69,10.88,29100,2.77
1998-12-14,10.94,11.12,10.75,11.12,14400,2.76
1998-12-11,10.88,11.06,10.81,11.06,6000,2.74
1998-12-10,10.88,11.00,10.88,10.88,3500,2.69
1998-12-09,10.75,10.75,10.75,10.75,500,2.66
1998-12-08,10.44,10.88,10.44,10.88,11600,2.69
1998-12-07,10.56,10.69,10.50,10.50,3000,2.60
1998-12-04,10.94,11.00,10.69,10.69,6200,2.65
1998-12-03,11.06,11.06,10.56,11.00,7900,2.72
1998-12-02,11.00,11.00,10.94,11.00,3500,2.72
1998-12-01,10.88,11.06,10.88,11.00,9900,2.72
1998-11-30,11.19,11.19,10.81,11.00,15800,2.72
1998-11-27,11.12,11.19,11.12,11.12,4000,2.76
1998-11-25,11.06,11.19,11.00,11.12,10300,2.76
1998-11-24,10.88,11.06,10.88,11.00,5500,2.72
1998-11-23,10.69,10.69,10.69,10.69,1400,2.65
1998-11-20,10.75,10.75,10.56,10.56,2100,2.62
1998-11-19,10.56,10.62,10.56,10.62,700,2.63
1998-11-18,10.62,10.81,10.56,10.56,12300,2.62
1998-11-17,10.69,10.69,10.56,10.56,2600,2.62
1998-11-16,10.69,10.69,10.56,10.56,12000,2.62
1998-11-13,10.75,10.75,10.56,10.56,4800,2.62
1998-11-12,10.75,10.88,10.56,10.56,3100,2.62
1998-11-11,10.62,10.62,10.56,10.56,2500,2.62
1998-11-10,10.75,10.75,10.44,10.69,13000,2.65
1998-11-09,10.75,10.75,10.62,10.62,3000,2.63
1998-11-06,10.75,10.75,10.75,10.75,200,2.66
1998-11-05,10.62,10.69,10.56,10.69,3200,2.65
1998-11-04,10.81,10.81,10.62,10.62,7600,2.63
1998-11-03,10.75,10.81,10.69,10.81,6900,2.68
1998-11-02,10.81,10.88,10.75,10.88,6100,2.69
1998-10-30,10.62,10.75,10.62,10.69,3300,2.65
1998-10-29,10.38,10.69,10.38,10.50,3300,2.60
1998-10-28,10.38,10.38,10.25,10.25,5500,2.54
1998-10-27,10.38,10.50,10.38,10.38,4500,2.57
1998-10-26,10.50,10.50,10.25,10.31,3000,2.55
1998-10-23,10.44,10.75,10.38,10.38,14100,2.57
1998-10-22,10.38,10.44,10.31,10.44,29400,2.58
1998-10-21,10.19,10.38,10.19,10.38,3800,2.57
1998-10-20,10.19,10.19,10.19,10.19,2000,2.52
1998-10-19,10.12,10.38,10.12,10.19,16200,2.52
1998-10-16,10.25,10.38,10.19,10.25,4400,2.54
1998-10-15,10.06,10.38,10.06,10.38,12400,2.57
1998-10-14,9.94,9.94,9.94,9.94,6200,2.46
1998-10-13,10.25,10.25,9.94,10.00,11700,2.48
1998-10-12,10.25,10.44,10.19,10.31,20800,2.55
1998-10-09,10.31,10.31,10.12,10.25,13100,2.54
1998-10-08,10.25,10.25,10.06,10.25,10100,2.54
1998-10-07,10.19,10.25,10.12,10.19,3300,2.52
1998-10-06,10.31,10.31,10.19,10.25,4300,2.54
1998-10-05,10.31,10.31,10.19,10.19,5100,2.52
1998-10-02,10.12,10.38,10.12,10.38,11700,2.57
1998-10-01,10.06,10.19,10.06,10.19,1900,2.52
1998-09-30,10.56,10.62,10.19,10.19,44900,2.52
1998-09-29,10.62,10.69,10.44,10.44,27200,2.58
1998-09-28,10.75,10.75,10.62,10.62,17500,2.63
1998-09-25,10.81,10.81,10.56,10.75,5400,2.66
1998-09-24,10.69,10.81,10.69,10.81,6500,2.68
1998-09-23,10.50,10.75,10.50,10.69,16800,2.65
1998-09-22,10.50,10.62,10.50,10.56,20500,2.62
1998-09-21,10.31,10.56,10.31,10.50,11800,2.60
1998-09-18,10.25,10.38,10.25,10.31,5800,2.55
1998-09-17,10.38,10.44,10.25,10.44,9400,2.58
1998-09-16,10.12,10.25,10.06,10.25,13100,2.54
1998-09-15,10.25,10.31,10.12,10.25,5700,2.49
1998-09-14,10.12,10.19,10.12,10.19,25500,2.47
1998-09-11,10.12,10.12,9.88,10.00,12600,2.43
1998-09-10,10.06,10.06,10.06,10.06,1800,2.44
1998-09-09,10.00,10.06,10.00,10.00,1400,2.43
1998-09-08,9.75,10.00,9.75,9.81,5200,2.38
1998-09-04,9.62,9.62,9.62,9.62,5900,2.34
1998-09-03,9.88,9.88,9.62,9.75,4000,2.37
1998-09-02,9.69,9.88,9.69,9.81,1800,2.38
1998-09-01,9.44,9.69,9.44,9.69,5900,2.35
1998-08-31,9.69,9.81,9.38,9.38,12400,2.28
1998-08-28,9.75,10.06,9.38,9.50,25800,2.31
1998-08-27,10.12,10.25,9.75,9.81,9800,2.38
1998-08-26,10.38,10.38,10.12,10.25,11900,2.49
1998-08-25,10.25,10.38,10.25,10.38,6500,2.52
1998-08-24,10.06,10.12,10.06,10.12,3200,2.46
1998-08-21,10.12,10.12,10.00,10.00,11000,2.43
1998-08-20,10.19,10.25,10.19,10.25,6200,2.49
1998-08-19,10.12,10.25,10.12,10.25,10300,2.49
1998-08-18,10.31,10.31,10.25,10.25,4900,2.49
1998-08-17,10.12,10.31,10.12,10.31,3100,2.50
1998-08-14,10.38,10.38,10.06,10.06,8400,2.44
1998-08-13,10.62,10.62,10.25,10.38,8300,2.52
1998-08-12,10.50,10.62,10.50,10.50,12000,2.55
1998-08-11,10.38,10.56,10.38,10.44,7700,2.53
1998-08-10,10.44,10.56,10.38,10.56,2000,2.56
1998-08-07,10.25,10.38,10.25,10.38,4800,2.52
1998-08-06,10.12,10.25,10.12,10.25,400,2.49
1998-08-05,10.31,10.38,10.12,10.19,8600,2.47
1998-08-04,10.62,10.62,10.31,10.38,6800,2.52
1998-08-03,10.62,10.88,10.62,10.75,7300,2.61
1998-07-31,10.75,10.75,10.62,10.62,2100,2.58
1998-07-30,10.94,10.94,10.81,10.81,500,2.63
1998-07-29,10.50,10.94,10.44,10.88,10200,2.64
1998-07-28,10.50,10.69,10.31,10.56,9400,2.56
1998-07-27,10.81,10.81,10.62,10.62,8500,2.58
1998-07-24,10.75,10.75,10.75,10.75,1200,2.61
1998-07-23,10.94,10.94,10.81,10.81,3400,2.63
1998-07-22,10.88,11.00,10.81,11.00,7200,2.67
1998-07-21,10.94,10.94,10.81,10.81,9200,2.63
1998-07-20,10.75,10.88,10.75,10.88,3800,2.64
1998-07-17,10.75,10.88,10.75,10.75,3300,2.61
1998-07-16,11.00,11.00,10.75,10.75,6700,2.61
1998-07-15,11.00,11.00,10.88,11.00,5000,2.67
1998-07-14,11.00,11.12,11.00,11.12,20400,2.70
1998-07-13,11.00,11.06,11.00,11.06,9000,2.69
1998-07-10,10.81,11.00,10.81,11.00,6900,2.67
1998-07-09,10.81,10.81,10.81,10.81,2700,2.63
1998-07-08,10.88,10.94,10.75,10.94,9400,2.66
1998-07-07,10.81,11.06,10.81,11.00,29500,2.67
1998-07-06,10.69,10.69,10.69,10.69,4700,2.60
1998-07-02,10.62,10.75,10.62,10.75,1900,2.61
1998-07-01,10.94,11.00,10.62,10.62,20600,2.58
1998-06-30,10.88,11.00,10.88,10.94,28800,2.66
1998-06-29,10.75,10.88,10.75,10.88,12800,2.64
1998-06-26,10.62,10.81,10.62,10.62,2800,2.58
1998-06-25,10.69,10.75,10.50,10.50,12300,2.55
1998-06-24,10.62,10.69,10.44,10.69,6000,2.60
1998-06-23,10.50,10.62,10.44,10.62,6100,2.58
1998-06-22,10.44,10.62,10.44,10.50,4800,2.55
1998-06-19,10.44,10.50,10.44,10.44,2400,2.53
1998-06-18,10.56,10.56,10.44,10.56,8900,2.56
1998-06-17,10.31,10.56,10.31,10.56,7300,2.56
1998-06-16,10.19,10.31,10.19,10.31,4300,2.50
1998-06-15,10.56,10.56,10.38,10.50,19100,2.50
1998-06-12,10.44,10.56,10.44,10.56,138000,2.52
1998-06-11,10.62,10.69,10.44,10.44,8000,2.49
1998-06-10,10.62,10.69,10.62,10.69,17900,2.55
1998-06-09,10.69,10.69,10.69,10.69,4600,2.55
1998-06-08,10.81,10.88,10.75,10.75,3600,2.56
1998-06-05,10.94,10.94,10.69,10.75,5900,2.56
1998-06-04,10.88,10.88,10.75,10.81,5500,2.58
1998-06-03,10.88,10.88,10.81,10.81,2400,2.58
1998-06-02,10.75,10.94,10.75,10.81,3800,2.58
1998-06-01,10.56,10.75,10.50,10.62,4300,2.53
1998-05-29,10.50,10.62,10.50,10.62,2600,2.53
1998-05-28,10.56,10.69,10.50,10.50,6000,2.50
1998-05-27,10.56,10.62,10.50,10.50,3900,2.50
1998-05-26,10.69,10.75,10.50,10.69,8400,2.55
1998-05-22,10.56,10.62,10.50,10.62,4100,2.53
1998-05-21,10.75,10.75,10.50,10.50,17200,2.50
1998-05-20,10.69,10.75,10.69,10.75,1300,2.56
1998-05-19,10.62,10.75,10.62,10.62,7200,2.53
1998-05-18,10.75,10.75,10.50,10.62,2500,2.53
1998-05-15,10.81,10.81,10.69,10.75,9900,2.56
1998-05-14,10.88,10.88,10.75,10.75,3800,2.56
1998-05-13,10.81,10.94,10.75,10.94,12800,2.61
1998-05-12,10.81,10.81,10.81,10.81,3500,2.58
1998-05-11,10.94,10.94,10.75,10.81,9500,2.58
1998-05-08,10.88,10.94,10.88,10.94,5700,2.61
1998-05-07,10.94,10.94,10.75,10.75,4300,2.56
1998-05-06,11.00,11.00,10.75,10.88,4600,2.59
1998-05-05,10.88,10.94,10.88,10.94,2700,2.61
1998-05-04,10.88,10.94,10.75,10.75,10900,2.56
1998-05-01,10.94,10.94,10.50,10.75,16200,2.56
1998-04-30,10.88,10.94,10.81,10.88,7700,2.59
1998-04-29,10.88,10.94,10.75,10.75,4700,2.56
1998-04-28,10.69,10.75,10.56,10.75,13100,2.56
1998-04-27,11.06,11.06,10.69,10.69,26800,2.55
1998-04-24,11.06,11.12,11.06,11.12,8500,2.65
1998-04-23,11.06,11.06,11.06,11.06,100,2.64
1998-04-22,11.19,11.19,11.06,11.12,2800,2.65
1998-04-21,11.06,11.12,11.00,11.06,7400,2.64
1998-04-20,11.00,11.06,10.94,11.00,9900,2.62
1998-04-17,11.00,11.19,11.00,11.06,7800,2.64
1998-04-16,11.12,11.12,11.00,11.00,5500,2.62
1998-04-15,11.00,11.19,11.00,11.19,12900,2.66
1998-04-14,11.19,11.19,11.00,11.06,12600,2.64
1998-04-13,11.44,11.44,11.00,11.19,12300,2.66
1998-04-09,11.12,11.50,11.12,11.31,9500,2.69
1998-04-08,11.00,11.38,11.00,11.25,11900,2.68
1998-04-07,11.00,11.25,11.00,11.00,42200,2.62
1998-04-06,11.00,11.00,11.00,11.00,9000,2.62
1998-04-03,11.00,11.06,11.00,11.00,11200,2.62
1998-04-02,11.00,11.00,11.00,11.00,20900,2.62
1998-04-01,11.00,11.00,10.88,10.88,9400,2.59
1998-03-31,11.00,11.00,11.00,11.00,10900,2.62
1998-03-30,10.94,11.00,10.88,10.88,22200,2.59
1998-03-27,11.06,11.06,10.94,10.94,21800,2.61
1998-03-26,10.88,11.06,10.88,11.06,8700,2.64
1998-03-25,11.06,11.06,10.94,10.94,6600,2.61
1998-03-24,11.00,11.06,10.88,11.00,12100,2.62
1998-03-23,11.00,11.00,10.88,10.88,5300,2.59
1998-03-20,10.94,11.00,10.94,10.94,19500,2.61
1998-03-19,10.81,10.88,10.81,10.88,2700,2.59
1998-03-18,10.88,10.94,10.81,10.81,10100,2.58
1998-03-17,10.75,10.88,10.75,10.88,6100,2.59
1998-03-16,10.75,10.94,10.75,10.81,13600,2.58
1998-03-13,10.88,10.94,10.75,10.75,34400,2.56
1998-03-12,10.94,10.94,10.81,10.88,7500,2.54
1998-03-11,10.88,10.94,10.88,10.88,5600,2.54
1998-03-10,10.88,11.12,10.88,11.00,8100,2.57
1998-03-09,10.88,11.00,10.88,10.94,15100,2.56
1998-03-06,10.81,11.00,10.75,10.88,33500,2.54
1998-03-05,10.69,10.75,10.69,10.75,15400,2.51
1998-03-04,10.88,10.88,10.75,10.75,9600,2.51
1998-03-03,10.75,10.88,10.69,10.88,8000,2.54
1998-03-02,10.81,10.81,10.69,10.75,5800,2.51
1998-02-27,10.81,10.81,10.75,10.75,4400,2.51
1998-02-26,10.81,10.81,10.75,10.81,3100,2.53
1998-02-25,10.81,10.88,10.75,10.75,19500,2.51
1998-02-24,10.69,10.81,10.62,10.81,14800,2.53
1998-02-23,10.56,10.75,10.56,10.62,47800,2.48
1998-02-20,10.38,10.44,10.38,10.44,4300,2.44
1998-02-19,10.50,10.50,10.31,10.44,10500,2.44
1998-02-18,10.69,10.75,10.38,10.38,26000,2.43
1998-02-17,10.31,10.50,10.31,10.50,15600,2.46
1998-02-13,10.50,10.50,10.25,10.25,25900,2.40
1998-02-12,10.69,10.88,10.50,10.50,40300,2.46
1998-02-11,10.62,10.69,10.56,10.56,14700,2.47
1998-02-10,10.69,10.69,10.50,10.56,24900,2.47
1998-02-09,10.75,10.75,10.62,10.62,6600,2.48
1998-02-06,10.75,10.75,10.69,10.69,4800,2.50
1998-02-05,10.81,10.81,10.75,10.75,7100,2.51
1998-02-04,10.69,10.88,10.69,10.69,12700,2.50
1998-02-03,10.62,10.75,10.56,10.56,4500,2.47
1998-02-02,10.69,10.69,10.56,10.62,1900,2.48
1998-01-30,10.62,10.69,10.50,10.50,6300,2.46
1998-01-29,10.81,10.81,10.62,10.62,10500,2.48
1998-01-28,10.69,10.81,10.69,10.69,4200,2.50
1998-01-27,10.62,10.75,10.56,10.75,8200,2.51
1998-01-26,10.56,10.62,10.50,10.50,3500,2.46
1998-01-23,10.69,10.75,10.62,10.62,13600,2.48
1998-01-22,10.75,10.75,10.62,10.69,22600,2.50
1998-01-21,10.69,10.75,10.69,10.75,28300,2.51
1998-01-20,10.62,10.75,10.56,10.75,1800,2.51
1998-01-16,10.56,10.69,10.56,10.56,21400,2.47
1998-01-15,10.56,10.56,10.50,10.56,8000,2.47
1998-01-14,10.56,10.56,10.56,10.56,500,2.47
1998-01-13,10.38,10.50,10.38,10.50,22300,2.46
1998-01-12,10.38,10.44,10.38,10.38,17400,2.43
1998-01-09,10.50,10.56,10.44,10.44,13400,2.44
1998-01-08,10.56,10.56,10.50,10.50,24800,2.46
1998-01-07,10.38,10.50,10.38,10.44,62500,2.44
1998-01-06,10.38,10.38,10.31,10.38,18700,2.43
1998-01-05,10.31,10.38,10.31,10.38,74300,2.43
1998-01-02,10.25,10.38,10.25,10.31,53000,2.41
1997-12-31,10.19,10.31,10.19,10.31,22100,2.41
1997-12-30,10.12,10.19,10.12,10.12,5100,2.37
1997-12-29,10.06,10.19,10.06,10.06,4800,2.35
1997-12-26,10.19,10.19,10.06,10.06,2700,2.35
1997-12-24,10.19,10.19,10.06,10.19,3000,2.38
1997-12-23,10.12,10.19,10.06,10.06,13400,2.35
1997-12-22,10.19,10.19,10.06,10.06,2800,2.35
1997-12-19,10.00,10.12,10.00,10.06,3600,2.35
1997-12-18,9.94,10.12,9.94,9.94,9500,2.32
1997-12-17,9.88,10.00,9.88,9.94,16800,2.32
1997-12-16,10.00,10.00,9.88,9.94,14900,2.32
1997-12-15,9.94,10.00,9.94,10.00,20900,2.34
1997-12-12,10.38,10.62,10.38,10.56,34000,2.33
1997-12-11,10.38,10.38,10.31,10.38,5700,2.29
1997-12-10,10.38,10.50,10.38,10.44,2700,2.30
1997-12-09,10.44,10.56,10.44,10.44,4000,2.30
1997-12-08,10.38,10.56,10.38,10.56,10400,2.33
1997-12-05,10.25,10.44,10.25,10.38,3600,2.29
1997-12-04,10.38,10.75,10.38,10.38,20900,2.29
1997-12-03,10.38,10.44,10.38,10.38,8800,2.29
1997-12-02,10.38,10.50,10.31,10.38,51300,2.29
1997-12-01,10.25,10.31,10.25,10.31,1200,2.27
1997-11-28,10.25,10.25,10.19,10.19,400,2.25
1997-11-26,10.19,10.19,10.12,10.12,14900,2.23
1997-11-25,10.31,10.31,10.19,10.19,18900,2.25
1997-11-24,10.12,10.19,10.06,10.19,21000,2.25
1997-11-21,10.25,10.31,10.25,10.25,18600,2.26
1997-11-20,10.31,10.31,10.12,10.12,8000,2.23
1997-11-19,10.31,10.31,10.31,10.31,1800,2.27
1997-11-18,10.06,10.31,10.06,10.31,5500,2.27
1997-11-17,10.06,10.19,10.06,10.06,10800,2.22
1997-11-14,10.00,10.12,10.00,10.06,8200,2.22
1997-11-13,10.06,10.06,10.00,10.06,21600,2.22
1997-11-12,10.12,10.12,10.06,10.12,5700,2.23
1997-11-11,10.06,10.12,10.06,10.06,3300,2.22
1997-11-10,10.06,10.06,9.94,10.00,25100,2.21
1997-11-07,10.06,10.06,10.00,10.00,6900,2.21
1997-11-06,10.12,10.12,10.06,10.12,16000,2.23
1997-11-05,10.12,10.19,10.06,10.12,12200,2.23
1997-11-04,10.00,10.12,10.00,10.12,10400,2.23
1997-11-03,9.94,10.19,9.94,10.00,17900,2.21
1997-10-31,10.00,10.00,9.94,9.94,19500,2.19
1997-10-30,9.88,10.00,9.88,10.00,5800,2.21
1997-10-29,10.00,10.12,9.81,10.00,29000,2.21
1997-10-28,9.62,9.88,9.38,9.88,26400,2.18
1997-10-27,10.12,10.12,9.56,9.56,26500,2.11
1997-10-24,10.25,10.25,10.12,10.19,3500,2.25
1997-10-23,10.06,10.25,10.06,10.12,12600,2.23
1997-10-22,10.25,10.25,10.06,10.06,13800,2.22
1997-10-21,10.25,10.31,10.25,10.25,4400,2.26
1997-10-20,10.25,10.38,10.19,10.38,15400,2.29
1997-10-17,10.19,10.19,10.19,10.19,100,2.25
1997-10-16,10.25,10.25,10.19,10.19,3100,2.25
1997-10-15,10.12,10.25,10.12,10.12,5500,2.23
1997-10-14,10.19,10.19,10.12,10.12,14800,2.23
1997-10-13,10.12,10.25,10.12,10.25,9300,2.26
1997-10-10,10.12,10.25,10.12,10.12,2500,2.23
1997-10-09,10.19,10.25,10.12,10.19,3700,2.25
1997-10-08,10.31,10.50,10.19,10.19,13300,2.25
1997-10-07,10.31,10.31,10.19,10.19,9000,2.25
1997-10-06,10.44,10.44,10.12,10.44,38800,2.30
1997-10-03,10.62,10.62,10.56,10.56,11900,2.33
1997-10-02,10.31,10.50,10.25,10.50,5100,2.32
1997-10-01,10.25,10.44,10.25,10.38,9200,2.29
1997-09-30,10.31,10.31,10.25,10.25,6400,2.26
1997-09-29,10.25,10.25,10.25,10.25,9100,2.26
1997-09-26,10.12,10.25,10.12,10.12,7800,2.23
1997-09-25,10.31,10.31,10.06,10.06,12500,2.22
1997-09-24,10.19,10.25,10.19,10.19,33100,2.25
1997-09-23,10.25,10.25,10.19,10.19,9800,2.25
1997-09-22,10.06,10.25,10.06,10.25,30100,2.26
1997-09-19,10.12,10.12,10.06,10.06,2100,2.22
1997-09-18,10.00,10.12,10.00,10.06,3700,2.22
1997-09-17,10.00,10.12,9.94,10.00,36800,2.21
1997-09-16,10.12,10.12,10.00,10.12,39400,2.23
1997-09-15,10.00,10.00,9.88,10.00,6000,2.21
1997-09-12,10.00,10.06,10.00,10.00,44800,2.18
1997-09-11,10.00,10.00,9.88,10.00,12100,2.18
1997-09-10,9.94,10.00,9.94,10.00,3800,2.18
1997-09-09,9.94,10.00,9.94,9.94,18500,2.17
1997-09-08,9.88,10.06,9.88,9.94,13000,2.17
1997-09-05,9.94,9.94,9.88,9.88,2900,2.15
1997-09-04,9.88,9.94,9.88,9.88,7700,2.15
1997-09-03,9.94,9.94,9.88,9.88,2000,2.15
1997-09-02,9.88,10.00,9.88,10.00,14600,2.18
1997-08-29,9.75,9.88,9.75,9.88,4300,2.15
1997-08-28,9.88,9.88,9.75,9.75,3900,2.12
1997-08-27,9.88,9.94,9.88,9.94,15400,2.17
1997-08-26,9.88,9.88,9.88,9.88,2700,2.15
1997-08-25,9.75,9.88,9.75,9.88,19400,2.15
1997-08-22,9.81,9.81,9.75,9.75,7200,2.12
1997-08-21,9.81,9.81,9.75,9.75,16100,2.12
1997-08-20,9.81,9.88,9.75,9.88,6800,2.15
1997-08-19,9.75,9.88,9.75,9.88,7800,2.15
1997-08-18,9.81,9.81,9.75,9.75,5500,2.12
1997-08-15,9.81,9.94,9.75,9.75,5300,2.12
1997-08-14,9.75,9.88,9.75,9.81,16300,2.14
1997-08-13,9.81,9.88,9.75,9.81,12600,2.14
1997-08-12,9.75,9.75,9.75,9.75,11700,2.12
1997-08-11,9.88,9.88,9.75,9.75,13800,2.12
1997-08-08,9.81,9.81,9.75,9.75,16000,2.12
1997-08-07,9.88,10.00,9.81,9.81,10800,2.14
1997-08-06,9.88,9.94,9.81,9.94,17000,2.17
1997-08-05,9.88,9.88,9.75,9.75,7300,2.12
1997-08-04,9.75,9.81,9.75,9.81,3400,2.14
1997-08-01,9.88,9.88,9.75,9.75,16100,2.12
1997-07-31,9.88,9.94,9.81,9.94,8200,2.17
1997-07-30,9.81,9.88,9.81,9.81,12900,2.14
1997-07-29,9.75,9.88,9.75,9.88,11600,2.15
1997-07-28,9.75,9.81,9.75,9.75,15900,2.12
1997-07-25,9.75,9.75,9.69,9.75,21600,2.12
1997-07-24,9.81,9.81,9.75,9.75,13700,2.12
1997-07-23,9.88,9.88,9.75,9.75,6200,2.12
1997-07-22,9.81,9.81,9.75,9.81,15800,2.14
1997-07-21,9.88,9.88,9.69,9.69,15800,2.11
1997-07-18,9.75,9.88,9.69,9.88,18100,2.15
1997-07-17,9.81,9.94,9.69,9.75,29400,2.12
1997-07-16,9.81,9.81,9.75,9.75,22200,2.12
1997-07-15,9.88,9.88,9.75,9.88,8700,2.15
1997-07-14,9.88,9.88,9.75,9.75,19800,2.12
1997-07-11,9.75,9.81,9.75,9.75,4100,2.12
1997-07-10,9.81,9.94,9.81,9.88,9900,2.15
1997-07-09,9.88,9.88,9.75,9.75,21300,2.12
1997-07-08,9.75,9.88,9.75,9.75,8600,2.12
1997-07-07,9.88,9.94,9.88,9.88,14800,2.15
1997-07-03,10.06,10.06,9.88,9.88,10300,2.15
1997-07-02,10.00,10.06,10.00,10.00,39400,2.18
1997-07-01,9.88,10.00,9.88,10.00,57200,2.18
1997-06-30,9.88,10.00,9.75,9.88,20600,2.15
1997-06-27,10.00,10.00,9.88,9.88,3400,2.15
1997-06-26,9.88,9.88,9.88,9.88,5000,2.15
1997-06-25,9.75,9.88,9.75,9.88,10700,2.15
1997-06-24,9.75,9.75,9.62,9.75,5800,2.12
1997-06-23,9.75,9.88,9.75,9.75,6000,2.12
1997-06-20,9.88,9.88,9.75,9.75,2100,2.12
1997-06-19,9.88,9.88,9.75,9.75,5300,2.12
1997-06-18,9.88,9.88,9.75,9.88,20000,2.15
1997-06-17,9.88,10.00,9.88,9.88,19400,2.13
1997-06-16,9.88,9.88,9.75,9.88,10900,2.13
1997-06-13,9.75,9.75,9.75,9.75,12600,2.10
1997-06-12,9.75,9.88,9.75,9.88,9100,2.13
1997-06-11,9.75,9.88,9.75,9.75,12400,2.10
1997-06-10,9.88,9.88,9.62,9.62,13200,2.07
1997-06-09,9.88,9.88,9.75,9.75,4100,2.10
1997-06-06,9.75,9.88,9.75,9.88,15000,2.13
1997-06-05,9.75,9.75,9.62,9.75,8900,2.10
1997-06-04,9.62,9.75,9.62,9.62,3000,2.07
1997-06-03,9.50,9.75,9.50,9.75,42800,2.10
1997-06-02,9.75,9.75,9.62,9.62,8000,2.07
1997-05-30,9.50,9.75,9.50,9.75,19400,2.10
1997-05-29,9.50,9.50,9.50,9.50,3100,2.04
1997-05-28,9.62,9.62,9.62,9.62,13900,2.07
1997-05-27,9.62,9.75,9.62,9.75,4900,2.10
1997-05-23,9.62,9.75,9.62,9.75,2200,2.10
1997-05-22,9.62,9.62,9.50,9.62,8100,2.07
1997-05-21,9.62,9.62,9.50,9.50,11100,2.04
1997-05-20,9.50,9.62,9.50,9.50,5100,2.04
1997-05-19,9.75,9.75,9.50,9.62,22600,2.07
1997-05-16,9.62,9.62,9.62,9.62,700,2.07
1997-05-15,9.62,9.88,9.62,9.62,7400,2.07
1997-05-14,9.75,9.75,9.62,9.62,26300,2.07
1997-05-13,9.75,9.88,9.62,9.62,7400,2.07
1997-05-12,9.62,9.75,9.62,9.62,10600,2.07
1997-05-09,9.62,9.75,9.62,9.62,6900,2.07
1997-05-08,9.62,9.75,9.62,9.75,37500,2.10
1997-05-07,9.62,9.62,9.50,9.50,8100,2.04
1997-05-06,9.50,9.50,9.50,9.50,11800,2.04
1997-05-05,9.62,9.62,9.50,9.50,23000,2.04
1997-05-02,9.50,9.62,9.50,9.50,7300,2.04
1997-05-01,9.50,9.62,9.50,9.62,10300,2.07
1997-04-30,9.62,9.62,9.38,9.38,11300,2.02
1997-04-29,9.62,9.62,9.50,9.50,8500,2.04
1997-04-28,9.62,9.62,9.50,9.50,11600,2.04
1997-04-25,9.62,9.62,9.50,9.50,5600,2.04
1997-04-24,9.62,9.62,9.50,9.50,2100,2.04
1997-04-23,9.62,9.62,9.50,9.50,14700,2.04
1997-04-22,9.62,9.62,9.50,9.62,7100,2.07
1997-04-21,9.62,9.62,9.50,9.50,7500,2.04
1997-04-18,9.50,9.62,9.50,9.50,14400,2.04
1997-04-17,9.62,9.75,9.50,9.50,43600,2.04
1997-04-16,9.50,9.62,9.38,9.50,7900,2.04
1997-04-15,9.50,9.62,9.38,9.38,5000,2.02
1997-04-14,9.50,9.50,9.38,9.50,14200,2.04
1997-04-11,9.38,9.38,9.38,9.38,3300,2.02
1997-04-10,9.50,9.50,9.38,9.50,22800,2.04
1997-04-09,9.62,9.62,9.50,9.50,21000,2.04
1997-04-08,9.38,9.50,9.38,9.50,10800,2.04
1997-04-07,9.38,9.50,9.38,9.50,5900,2.04
1997-04-04,9.38,9.50,9.38,9.38,4600,2.02
1997-04-03,9.38,9.38,9.25,9.25,7000,1.99
1997-04-02,9.38,9.38,9.38,9.38,4500,2.02
1997-04-01,9.50,9.50,9.50,9.50,7600,2.04
1997-03-31,9.50,9.75,9.38,9.38,73100,2.02
1997-03-27,9.62,9.75,9.38,9.38,31000,2.02
1997-03-26,9.62,9.62,9.50,9.62,25600,2.07
1997-03-25,9.50,9.62,9.50,9.50,11300,2.04
1997-03-24,9.50,9.50,9.50,9.50,3600,2.04
1997-03-21,9.50,9.62,9.50,9.50,9700,2.04
1997-03-20,9.50,9.50,9.50,9.50,16400,2.04
1997-03-19,9.50,9.50,9.50,9.50,22900,2.04
1997-03-18,9.62,9.62,9.50,9.50,12800,2.04
1997-03-17,9.75,9.88,9.62,9.62,11300,2.05
1997-03-14,9.88,9.88,9.75,9.88,29900,2.10
1997-03-13,9.75,9.88,9.75,9.75,19000,2.07
1997-03-12,9.75,9.88,9.75,9.75,11300,2.07
1997-03-11,9.62,9.75,9.62,9.62,9700,2.05
1997-03-10,9.62,9.62,9.62,9.62,29100,2.05
1997-03-07,9.62,9.62,9.50,9.50,10500,2.02
1997-03-06,9.75,9.75,9.62,9.75,8100,2.07
1997-03-05,9.75,9.75,9.50,9.50,4800,2.02
1997-03-04,9.62,9.88,9.62,9.62,21300,2.05
1997-03-03,9.62,9.75,9.62,9.75,14000,2.07
1997-02-28,9.62,9.75,9.62,9.75,22100,2.07
1997-02-27,9.62,9.62,9.50,9.62,13400,2.05
1997-02-26,9.75,9.75,9.50,9.50,10100,2.02
1997-02-25,9.62,9.75,9.62,9.62,7400,2.05
1997-02-24,9.62,9.62,9.50,9.50,13000,2.02
1997-02-21,9.75,9.75,9.62,9.75,9100,2.07
1997-02-20,9.62,9.75,9.50,9.75,34500,2.07
1997-02-19,9.62,9.75,9.50,9.62,26000,2.05
1997-02-18,9.62,9.62,9.50,9.50,25100,2.02
1997-02-14,9.62,9.62,9.50,9.50,16600,2.02
1997-02-13,9.62,9.62,9.50,9.62,9400,2.05
1997-02-12,9.50,9.62,9.50,9.62,14400,2.05
1997-02-11,9.50,9.62,9.50,9.62,14900,2.05
1997-02-10,9.50,9.62,9.50,9.62,12500,2.05
1997-02-07,9.62,9.62,9.50,9.50,12300,2.02
1997-02-06,9.62,9.62,9.50,9.50,13300,2.02
1997-02-05,9.62,9.75,9.50,9.62,30000,2.05
1997-02-04,9.50,9.75,9.50,9.75,10600,2.07
1997-02-03,9.62,9.75,9.50,9.50,33000,2.02
1997-01-31,9.50,9.62,9.38,9.62,37800,2.05
1997-01-30,9.38,9.50,9.25,9.38,25700,1.99
1997-01-29,9.50,9.50,9.38,9.50,8100,2.02
1997-01-28,9.50,9.62,9.38,9.50,42400,2.02
1997-01-27,9.50,9.62,9.38,9.38,15400,1.99
1997-01-24,9.62,9.62,9.50,9.50,5300,2.02
1997-01-23,9.38,9.62,9.38,9.50,29800,2.02
1997-01-22,9.50,9.50,9.38,9.50,34700,2.02
1997-01-21,9.50,9.50,9.38,9.50,26600,2.02
1997-01-20,9.38,9.50,9.38,9.50,7100,2.02
1997-01-17,9.38,9.50,9.38,9.50,18100,2.02
1997-01-16,9.38,9.50,9.38,9.38,11100,1.99
1997-01-15,9.50,9.50,9.25,9.25,42200,1.97
1997-01-14,9.38,9.50,9.38,9.50,18900,2.02
1997-01-13,9.50,9.50,9.38,9.38,22100,1.99
1997-01-10,9.62,9.62,9.38,9.38,29600,1.99
1997-01-09,9.62,9.62,9.50,9.50,52800,2.02
1997-01-08,9.38,9.62,9.38,9.62,42500,2.05
1997-01-07,9.50,9.50,9.38,9.50,24600,2.02
1997-01-06,9.38,9.62,9.38,9.50,45900,2.02
1997-01-03,9.38,9.38,9.38,9.38,23300,1.99
1997-01-02,9.38,9.38,9.25,9.38,16100,1.99
1996-12-31,9.38,9.50,9.25,9.25,102200,1.97
1996-12-30,9.62,9.62,9.38,9.38,84100,1.99
1996-12-27,9.50,9.62,9.50,9.50,24500,2.02
1996-12-26,9.62,9.62,9.50,9.62,8500,2.05
1996-12-24,9.50,9.62,9.50,9.50,4900,2.02
1996-12-23,9.38,9.62,9.38,9.62,17800,2.05
1996-12-20,9.50,9.50,9.38,9.38,12900,1.99
1996-12-19,9.50,9.62,9.38,9.38,7700,1.99
1996-12-18,9.50,9.50,9.50,9.50,7500,2.02
1996-12-17,9.62,9.62,9.38,9.50,19100,2.02
1996-12-16,9.88,10.00,9.88,9.88,10800,2.02
1996-12-13,9.75,10.00,9.75,9.88,13200,2.02
1996-12-12,9.88,10.00,9.88,9.88,8800,2.02
1996-12-11,10.00,10.00,9.75,9.88,10400,2.02
1996-12-10,9.75,10.00,9.75,9.88,10700,2.02
1996-12-09,9.75,9.88,9.62,9.88,5700,2.02
1996-12-06,9.75,9.88,9.62,9.75,27600,1.99
1996-12-05,9.88,10.00,9.88,9.88,11800,2.02
1996-12-04,10.00,10.00,9.88,9.88,5800,2.02
1996-12-03,9.88,10.00,9.75,9.88,23900,2.02
1996-12-02,9.75,9.88,9.75,9.75,8700,1.99
1996-11-29,9.75,9.75,9.75,9.75,200,1.99
1996-11-27,9.75,9.88,9.75,9.88,6300,2.02
1996-11-26,9.75,9.88,9.75,9.88,17300,2.02
1996-11-25,9.75,9.88,9.75,9.75,10400,1.99
1996-11-22,9.75,9.88,9.75,9.75,7900,1.99
1996-11-21,9.75,9.88,9.75,9.75,3900,1.99
1996-11-20,9.75,9.88,9.75,9.75,19500,1.99
1996-11-19,9.75,9.88,9.75,9.75,8100,1.99
1996-11-18,9.62,9.88,9.62,9.62,6100,1.97
1996-11-15,9.88,9.88,9.62,9.62,24700,1.97
1996-11-14,9.75,9.75,9.75,9.75,700,1.99
1996-11-13,9.62,9.75,9.62,9.75,6000,1.99
1996-11-12,9.88,9.88,9.75,9.75,10600,1.99
1996-11-11,9.75,9.88,9.75,9.88,8300,2.02
1996-11-08,9.88,9.88,9.75,9.75,5500,1.99
1996-11-07,9.62,9.75,9.62,9.75,13100,1.99
1996-11-06,9.75,9.75,9.62,9.62,21500,1.97
1996-11-05,9.62,9.75,9.62,9.62,4400,1.97
1996-11-04,9.62,9.75,9.62,9.75,8700,1.99
1996-11-01,9.75,9.75,9.50,9.50,7100,1.94
1996-10-31,9.62,9.62,9.50,9.62,13300,1.97
1996-10-30,9.62,9.62,9.62,9.62,4600,1.97
1996-10-29,9.75,9.75,9.62,9.62,1800,1.97
1996-10-28,9.62,9.62,9.50,9.62,11900,1.97
1996-10-25,9.62,9.62,9.62,9.62,6900,1.97
1996-10-24,9.50,9.75,9.50,9.75,4900,1.99
1996-10-23,9.75,9.75,9.50,9.50,4600,1.94
1996-10-22,9.62,9.62,9.50,9.62,10400,1.97
1996-10-21,9.62,9.75,9.50,9.50,25200,1.94
1996-10-18,9.62,9.75,9.50,9.50,9800,1.94
1996-10-17,9.75,9.75,9.50,9.62,41000,1.97
1996-10-16,9.62,9.75,9.62,9.62,7200,1.97
1996-10-15,9.75,9.75,9.62,9.75,9300,1.99
1996-10-14,9.62,9.62,9.62,9.62,4000,1.97
1996-10-11,9.62,9.62,9.50,9.50,3800,1.94
1996-10-10,9.62,9.62,9.50,9.62,6200,1.97
1996-10-09,9.62,9.75,9.62,9.75,4000,1.99
1996-10-08,9.62,9.62,9.50,9.50,15700,1.94
1996-10-07,9.62,9.75,9.50,9.50,13100,1.94
1996-10-04,9.75,9.75,9.62,9.75,9600,1.99
1996-10-03,9.62,9.75,9.62,9.75,5500,1.99
1996-10-02,9.62,9.75,9.62,9.75,12200,1.99
1996-10-01,9.62,9.75,9.62,9.75,7300,1.99
1996-09-30,9.75,9.88,9.62,9.75,37100,1.99
1996-09-27,9.75,9.88,9.62,9.62,25500,1.97
1996-09-26,9.62,9.62,9.62,9.62,000,1.97
1996-09-25,9.50,9.75,9.50,9.62,16500,1.97
1996-09-24,9.62,9.62,9.50,9.50,12300,1.94
1996-09-23,9.50,9.62,9.50,9.62,23300,1.97
1996-09-20,9.62,9.62,9.50,9.50,14600,1.94
1996-09-19,9.62,9.62,9.50,9.50,11200,1.94
1996-09-18,9.50,9.62,9.50,9.62,5300,1.97
1996-09-17,9.62,9.75,9.50,9.50,17700,1.94
1996-09-16,9.62,9.75,9.62,9.75,7200,1.99
1996-09-13,9.75,9.75,9.62,9.62,9600,1.97
1996-09-12,9.62,9.75,9.62,9.62,8600,1.97
1996-09-11,9.62,9.75,9.62,9.62,7600,1.94
1996-09-10,9.75,9.75,9.62,9.75,7400,1.97
1996-09-09,9.50,9.75,9.50,9.75,8600,1.97
1996-09-06,9.50,9.62,9.38,9.62,10800,1.94
1996-09-05,9.62,9.62,9.50,9.62,6600,1.94
1996-09-04,9.62,9.62,9.50,9.50,5100,1.92
1996-09-03,9.62,9.75,9.50,9.62,11400,1.94
1996-08-30,9.75,9.88,9.62,9.75,5500,1.97
1996-08-29,9.75,9.88,9.75,9.88,10800,1.99
1996-08-28,9.75,9.88,9.75,9.88,1400,1.99
1996-08-27,9.88,9.88,9.75,9.75,2100,1.97
1996-08-26,9.75,9.88,9.75,9.88,8700,1.99
1996-08-23,9.88,9.88,9.75,9.75,6300,1.97
1996-08-22,9.75,9.75,9.75,9.75,2200,1.97
1996-08-21,9.75,9.75,9.75,9.75,500,1.97
1996-08-20,9.75,9.75,9.62,9.75,11100,1.97
1996-08-19,9.62,9.75,9.62,9.62,5900,1.94
1996-08-16,9.50,9.62,9.50,9.50,9900,1.92
1996-08-15,9.50,9.62,9.38,9.50,22600,1.92
1996-08-14,9.50,9.62,9.50,9.50,4700,1.92
1996-08-13,9.50,9.62,9.50,9.50,13700,1.92
1996-08-12,9.50,9.50,9.50,9.50,7800,1.92
1996-08-09,9.62,9.75,9.50,9.50,2600,1.92
1996-08-08,9.62,9.62,9.50,9.62,10100,1.94
1996-08-07,9.62,9.75,9.50,9.75,3200,1.97
1996-08-06,9.62,9.75,9.62,9.75,4500,1.97
1996-08-05,9.62,9.62,9.62,9.62,1200,1.94
1996-08-02,9.50,9.62,9.50,9.62,10000,1.94
1996-08-01,9.50,9.62,9.38,9.50,5900,1.92
1996-07-31,9.50,9.62,9.38,9.50,21500,1.92
1996-07-30,9.38,9.62,9.38,9.50,13800,1.92
1996-07-29,9.50,9.50,9.38,9.38,8000,1.89
1996-07-26,9.38,9.50,9.38,9.38,2200,1.89
1996-07-25,9.50,9.62,9.38,9.38,12500,1.89
1996-07-24,9.62,9.62,9.50,9.50,4700,1.92
1996-07-23,9.75,9.75,9.50,9.62,7500,1.94
1996-07-22,9.75,9.75,9.75,9.75,1400,1.97
1996-07-19,9.75,9.88,9.62,9.75,2000,1.97
1996-07-18,9.62,9.62,9.50,9.62,11600,1.94
1996-07-17,9.38,9.62,9.25,9.62,19400,1.94
1996-07-16,9.62,9.75,9.25,9.25,8800,1.87
1996-07-15,9.75,9.75,9.62,9.62,5700,1.94
1996-07-12,9.75,9.75,9.75,9.75,6000,1.97
1996-07-11,9.88,9.88,9.62,9.75,11100,1.97
1996-07-10,10.00,10.00,9.88,9.88,4100,1.99
1996-07-09,10.00,10.00,9.88,9.88,6600,1.99
1996-07-08,9.88,10.00,9.88,9.88,3900,1.99
1996-07-05,10.00,10.12,9.88,9.88,11700,1.99
1996-07-03,10.00,10.00,10.00,10.00,6800,2.02
1996-07-02,10.00,10.00,10.00,10.00,10800,2.02
1996-07-01,10.12,10.12,10.12,10.12,13400,2.04
1996-06-28,10.12,10.25,10.12,10.25,18000,2.07
1996-06-27,10.00,10.12,10.00,10.00,26200,2.02
1996-06-26,10.00,10.12,10.00,10.00,46000,2.02
1996-06-25,10.00,10.12,9.88,9.88,16900,1.99
1996-06-24,10.00,10.00,10.00,10.00,2200,2.02
1996-06-21,10.00,10.00,9.88,9.88,2900,1.99
1996-06-20,10.00,10.00,9.88,9.88,1400,1.99
1996-06-19,9.88,10.00,9.88,9.88,20700,1.99
1996-06-18,9.75,9.88,9.75,9.75,7700,1.97
1996-06-17,9.75,9.88,9.75,9.75,10400,1.97
1996-06-14,9.75,9.88,9.75,9.88,4400,1.99
1996-06-13,9.75,9.75,9.62,9.62,7700,1.94
1996-06-12,9.88,9.88,9.75,9.75,16600,1.94
1996-06-11,9.88,9.88,9.75,9.75,14100,1.94
1996-06-10,9.75,9.75,9.75,9.75,2500,1.94
1996-06-07,9.88,9.88,9.75,9.75,12800,1.94
1996-06-06,9.88,9.88,9.75,9.75,2100,1.94
1996-06-05,9.88,9.88,9.75,9.88,8800,1.97
1996-06-04,9.88,9.88,9.75,9.88,18300,1.97
1996-06-03,9.88,9.88,9.75,9.75,10800,1.94
1996-05-31,9.88,9.88,9.75,9.75,5300,1.94
1996-05-30,9.88,10.00,9.75,9.88,11700,1.97
1996-05-29,9.88,9.88,9.75,9.75,6000,1.94
1996-05-28,10.00,10.00,9.75,9.75,8900,1.94
1996-05-24,10.00,10.00,9.88,10.00,7300,1.99
1996-05-23,10.00,10.00,9.88,9.88,7300,1.97
1996-05-22,10.00,10.12,9.88,9.88,14900,1.97
1996-05-21,10.12,10.12,9.88,10.00,18500,1.99
1996-05-20,10.12,10.12,10.00,10.00,6400,1.99
1996-05-17,10.12,10.12,10.00,10.12,9800,2.02
1996-05-16,10.12,10.25,10.00,10.12,8400,2.02
1996-05-15,10.00,10.25,10.00,10.25,6000,2.04
1996-05-14,10.12,10.12,10.00,10.00,7300,1.99
1996-05-13,10.00,10.12,9.88,10.00,12300,1.99
1996-05-10,10.00,10.00,9.88,9.88,11200,1.97
1996-05-09,10.00,10.00,9.88,9.88,6300,1.97
1996-05-08,10.00,10.12,10.00,10.00,3700,1.99
1996-05-07,10.00,10.00,10.00,10.00,9600,1.99
1996-05-06,10.00,10.12,10.00,10.12,8900,2.02
1996-05-03,10.00,10.12,10.00,10.00,16100,1.99
1996-05-02,10.12,10.12,9.88,9.88,15100,1.97
1996-05-01,10.12,10.12,10.00,10.00,3500,1.99
1996-04-30,10.12,10.12,10.00,10.12,9100,2.02
1996-04-29,10.00,10.12,10.00,10.00,3800,1.99
1996-04-26,10.00,10.12,10.00,10.12,3600,2.02
1996-04-25,10.00,10.12,10.00,10.00,10600,1.99
1996-04-24,10.00,10.00,9.88,9.88,14400,1.97
1996-04-23,10.00,10.00,9.88,9.88,6700,1.97
1996-04-22,10.00,10.00,9.88,9.88,7000,1.97
1996-04-19,9.88,9.88,9.88,9.88,9700,1.97
1996-04-18,10.00,10.00,9.88,10.00,13500,1.99
1996-04-17,10.00,10.00,9.88,10.00,3100,1.99
1996-04-16,10.00,10.12,9.88,9.88,7400,1.97
1996-04-15,9.75,10.12,9.75,10.00,12700,1.99
1996-04-12,9.75,9.88,9.75,9.88,8900,1.97
1996-04-11,10.00,10.00,9.62,9.62,15100,1.92
1996-04-10,10.25,10.25,10.00,10.12,18500,2.02
1996-04-09,10.25,10.25,10.12,10.12,8700,2.02
1996-04-08,10.12,10.25,10.12,10.25,14600,2.04
1996-04-04,10.38,10.50,10.38,10.38,17500,2.07
1996-04-03,10.62,10.62,10.50,10.50,6600,2.09
1996-04-02,10.50,10.50,10.50,10.50,8700,2.09
1996-04-01,10.50,10.50,10.38,10.38,16700,2.07
1996-03-29,10.38,10.50,10.25,10.38,28300,2.07
1996-03-28,10.25,10.50,10.25,10.38,16200,2.07
1996-03-27,10.38,10.50,10.25,10.25,27300,2.04
1996-03-26,10.25,10.38,10.25,10.25,17300,2.04
1996-03-25,10.25,10.25,10.12,10.25,23700,2.04
1996-03-22,10.25,10.25,10.12,10.25,5600,2.04
1996-03-21,10.25,10.25,10.12,10.25,14100,2.04
1996-03-20,10.12,10.25,10.12,10.12,4900,2.02
1996-03-19,10.25,10.25,10.12,10.12,7900,2.02
1996-03-18,10.12,10.25,10.12,10.25,7400,2.04
1996-03-15,10.25,10.25,10.12,10.12,3000,2.02
1996-03-14,10.12,10.12,10.00,10.12,8000,2.02
1996-03-13,10.12,10.12,10.00,10.00,3800,1.99
1996-03-12,10.00,10.12,9.88,10.00,16500,1.99
1996-03-11,9.88,10.00,9.88,9.88,5900,1.97
1996-03-08,9.88,10.00,9.88,10.00,25600,1.99
1996-03-07,10.00,10.12,9.88,10.12,14600,2.02
1996-03-06,10.25,10.25,10.00,10.00,20300,1.97
1996-03-05,10.00,10.25,10.00,10.12,14100,2.00
1996-03-04,10.12,10.12,10.00,10.12,10900,2.00
1996-03-01,10.12,10.12,10.00,10.12,7100,2.00
1996-02-29,10.12,10.12,10.00,10.12,8000,2.00
1996-02-28,10.12,10.12,10.00,10.00,24500,1.97
1996-02-27,10.00,10.12,10.00,10.12,17700,2.00
1996-02-26,10.00,10.25,10.00,10.00,18700,1.97
1996-02-23,10.25,10.38,10.00,10.12,20100,2.00
1996-02-22,10.00,10.25,10.00,10.12,15100,2.00
1996-02-21,10.12,10.25,9.88,9.88,43900,1.95
1996-02-20,10.25,10.38,10.12,10.12,7900,2.00
1996-02-16,10.38,10.50,10.25,10.25,32200,2.02
1996-02-15,10.50,10.62,10.38,10.50,27400,2.07
1996-02-14,10.50,10.62,10.38,10.38,5600,2.04
1996-02-13,10.38,10.62,10.38,10.50,10600,2.07
1996-02-12,10.50,10.50,10.38,10.50,13700,2.07
1996-02-09,10.50,10.50,10.38,10.50,10200,2.07
1996-02-08,10.50,10.50,10.38,10.38,34200,2.04
1996-02-07,10.38,10.50,10.38,10.50,7800,2.07
1996-02-06,10.38,10.50,10.38,10.38,25000,2.04
1996-02-05,10.38,10.62,10.38,10.50,2600,2.07
1996-02-02,10.50,10.50,10.38,10.38,6600,2.04
1996-02-01,10.50,10.62,10.50,10.50,14500,2.07
1996-01-31,10.50,10.50,10.50,10.50,6900,2.07
1996-01-30,10.62,10.75,10.50,10.50,15600,2.07
1996-01-29,10.50,10.62,10.50,10.62,10100,2.09
1996-01-26,10.50,10.62,10.38,10.62,8100,2.09
1996-01-25,10.62,10.62,10.38,10.38,11400,2.04
1996-01-24,10.50,10.50,10.38,10.50,45000,2.07
1996-01-23,10.50,10.50,10.38,10.50,15600,2.07
1996-01-22,10.50,10.50,10.38,10.38,6600,2.04
1996-01-19,10.50,10.50,10.38,10.38,9000,2.04
1996-01-18,10.50,10.62,10.50,10.62,13400,2.09
1996-01-17,10.38,10.50,10.38,10.38,15000,2.04
1996-01-16,10.50,10.50,10.38,10.38,25000,2.04
1996-01-15,10.38,10.50,10.38,10.38,1800,2.04
1996-01-12,10.38,10.38,10.25,10.25,20000,2.02
1996-01-11,10.38,10.50,10.38,10.38,20400,2.04
1996-01-10,10.50,10.50,10.50,10.50,100,2.07
1996-01-09,10.50,10.50,10.38,10.50,4500,2.07
1996-01-08,10.62,10.62,10.38,10.38,22400,2.04
1996-01-05,10.75,10.75,10.62,10.62,4500,2.09
1996-01-04,10.75,10.75,10.62,10.62,11100,2.09
1996-01-03,10.88,11.00,10.75,10.75,137900,2.12
1996-01-02,10.75,11.00,10.75,11.00,135500,2.17
1995-12-29,11.00,11.00,10.75,10.75,27300,2.12
1995-12-28,10.38,11.12,10.25,11.00,257100,2.17
1995-12-27,10.38,10.38,10.25,10.25,8100,2.02
1995-12-26,10.62,10.62,10.25,10.25,49300,2.02
1995-12-22,10.62,10.75,10.62,10.75,4300,2.12
1995-12-21,10.50,10.75,10.50,10.62,24200,2.09
1995-12-20,10.25,10.62,10.25,10.38,23700,2.04
1995-12-19,10.50,11.00,10.50,10.88,28000,2.00
1995-12-18,10.75,10.75,10.62,10.62,15100,1.95
1995-12-15,10.75,10.75,10.62,10.75,14000,1.97
1995-12-14,10.62,10.75,10.62,10.75,8800,1.97
1995-12-13,10.62,10.62,10.62,10.62,6100,1.95
1995-12-12,10.62,10.75,10.62,10.62,8800,1.95
1995-12-11,10.62,10.62,10.62,10.62,8600,1.95
1995-12-08,10.62,10.75,10.50,10.50,33500,1.93
1995-12-07,10.62,10.75,10.62,10.75,4100,1.97
1995-12-06,10.75,10.88,10.62,10.75,15900,1.97
1995-12-05,10.62,10.88,10.62,10.75,9700,1.97
1995-12-04,10.62,10.75,10.62,10.62,5600,1.95
1995-12-01,10.50,10.62,10.50,10.50,7700,1.93
1995-11-30,10.38,10.62,10.38,10.62,7400,1.95
1995-11-29,10.50,10.50,10.38,10.38,10500,1.90
1995-11-28,10.62,10.62,10.38,10.50,20700,1.93
1995-11-27,10.50,10.50,10.50,10.50,7600,1.93
1995-11-24,10.50,10.50,10.50,10.50,1100,1.93
1995-11-22,10.62,10.62,10.50,10.50,3900,1.93
1995-11-21,10.62,10.62,10.50,10.50,11100,1.93
1995-11-20,10.38,10.62,10.38,10.62,11400,1.95
1995-11-17,10.62,10.62,10.25,10.25,9600,1.88
1995-11-16,10.62,10.62,10.50,10.50,5700,1.93
1995-11-15,10.50,10.62,10.50,10.50,12100,1.93
1995-11-14,10.62,10.62,10.50,10.62,3900,1.95
1995-11-13,10.50,10.62,10.50,10.50,4400,1.93
1995-11-10,10.62,10.62,10.50,10.62,6900,1.95
1995-11-09,10.75,10.75,10.50,10.50,7500,1.93
1995-11-08,10.62,10.62,10.62,10.62,8700,1.95
1995-11-07,10.62,10.75,10.62,10.62,8600,1.95
1995-11-06,10.62,10.62,10.62,10.62,6300,1.95
1995-11-03,10.75,10.75,10.50,10.50,8200,1.93
1995-11-02,10.75,10.75,10.62,10.62,21200,1.95
1995-11-01,10.62,10.62,10.62,10.62,1600,1.95
1995-10-31,10.62,10.75,10.62,10.75,9800,1.97
1995-10-30,10.62,10.62,10.50,10.62,11000,1.95
1995-10-27,10.62,10.62,10.50,10.50,7100,1.93
1995-10-26,10.75,10.75,10.62,10.62,7100,1.95
1995-10-25,10.75,10.88,10.62,10.62,5000,1.95
1995-10-24,10.62,10.75,10.62,10.62,20000,1.95
1995-10-23,10.62,10.62,10.50,10.50,13100,1.93
1995-10-20,10.62,10.75,10.62,10.62,2700,1.95
1995-10-19,10.75,10.75,10.50,10.50,9100,1.93
1995-10-18,10.88,10.88,10.62,10.62,7000,1.95
1995-10-17,10.62,10.62,10.62,10.62,1900,1.95
1995-10-16,10.75,10.88,10.62,10.62,18400,1.95
1995-10-13,10.75,10.75,10.75,10.75,2800,1.97
1995-10-12,10.75,10.75,10.62,10.62,5000,1.95
1995-10-11,10.75,10.75,10.62,10.62,12700,1.95
1995-10-10,10.75,10.75,10.75,10.75,6300,1.97
1995-10-09,10.75,10.75,10.75,10.75,3600,1.97
1995-10-06,10.88,10.88,10.88,10.88,4600,2.00
1995-10-05,10.88,10.88,10.75,10.75,1800,1.97
1995-10-04,10.88,11.00,10.75,10.75,7700,1.97
1995-10-03,10.88,11.00,10.75,10.88,13100,2.00
1995-10-02,10.88,10.88,10.88,10.88,2100,2.00
1995-09-29,11.00,11.00,10.88,10.88,800,2.00
1995-09-28,11.00,11.00,10.88,10.88,2600,2.00
1995-09-27,10.88,10.88,10.75,10.75,6500,1.97
1995-09-26,11.00,11.00,10.88,10.88,8800,2.00
1995-09-25,10.88,11.12,10.88,10.88,145100,2.00
1995-09-22,10.88,11.00,10.88,11.00,17700,2.02
1995-09-21,10.62,10.88,10.62,10.88,14000,2.00
1995-09-20,10.88,10.88,10.75,10.75,2900,1.97
1995-09-19,10.75,10.88,10.62,10.62,13300,1.95
1995-09-18,10.62,10.75,10.50,10.62,12600,1.95
1995-09-15,10.62,10.62,10.50,10.50,12800,1.93
1995-09-14,10.75,10.88,10.62,10.62,7200,1.95
1995-09-13,10.50,10.75,10.50,10.75,8400,1.97
1995-09-12,10.62,10.62,10.62,10.62,4600,1.91
1995-09-11,10.75,10.75,10.62,10.62,6400,1.91
1995-09-08,10.75,10.75,10.62,10.75,14300,1.94
1995-09-07,10.75,10.75,10.62,10.75,5600,1.94
1995-09-06,10.50,10.75,10.50,10.62,6200,1.91
1995-09-05,10.50,10.62,10.50,10.62,12000,1.91
1995-09-01,10.62,10.62,10.50,10.62,17200,1.91
1995-08-31,10.50,10.50,10.50,10.50,8100,1.89
1995-08-30,10.50,10.62,10.50,10.62,16000,1.91
1995-08-29,10.62,10.75,10.50,10.50,6800,1.89
1995-08-28,10.50,10.62,10.50,10.50,4000,1.89
1995-08-25,10.50,10.62,10.50,10.50,6100,1.89
1995-08-24,10.75,10.75,10.62,10.62,9200,1.91
1995-08-23,10.75,10.75,10.62,10.75,8500,1.94
1995-08-22,10.50,10.75,10.50,10.75,3800,1.94
1995-08-21,10.62,10.75,10.50,10.50,10200,1.89
1995-08-18,10.62,10.62,10.50,10.50,2300,1.89
1995-08-17,10.62,10.62,10.62,10.62,6000,1.91
1995-08-16,10.62,10.75,10.62,10.75,3600,1.94
1995-08-15,10.62,10.75,10.62,10.62,27300,1.91
1995-08-14,10.62,10.75,10.62,10.62,3100,1.91
1995-08-11,10.62,10.75,10.62,10.62,10400,1.91
1995-08-10,10.62,10.75,10.62,10.62,11900,1.91
1995-08-09,10.62,10.62,10.50,10.62,1600,1.91
1995-08-08,10.62,10.62,10.62,10.62,3900,1.91
1995-08-07,10.62,10.62,10.50,10.62,8400,1.91
1995-08-04,10.50,10.62,10.50,10.62,12700,1.91
1995-08-03,10.50,10.50,10.50,10.50,17100,1.89
1995-08-02,10.50,10.50,10.25,10.25,40500,1.85
1995-08-01,10.62,10.75,10.50,10.50,3800,1.89
1995-07-31,10.62,10.62,10.62,10.62,6900,1.91
1995-07-28,10.38,10.75,10.38,10.75,11800,1.94
1995-07-27,10.50,10.50,10.38,10.38,21200,1.87
1995-07-26,10.50,10.62,10.38,10.50,24300,1.89
1995-07-25,10.50,10.62,10.50,10.50,20300,1.89
1995-07-24,10.50,10.50,10.50,10.50,700,1.89
1995-07-21,10.62,10.62,10.62,10.62,500,1.91
1995-07-20,10.75,10.88,10.75,10.75,15500,1.94
1995-07-19,10.75,10.75,10.50,10.50,93200,1.89
1995-07-18,10.75,10.75,10.75,10.75,100,1.94
1995-07-17,10.75,10.75,10.62,10.75,3400,1.94
1995-07-14,11.00,11.00,10.88,10.88,9200,1.96
1995-07-13,11.25,11.38,11.12,11.12,11200,2.00
1995-07-12,11.12,11.25,11.00,11.25,5900,2.03
1995-07-11,11.12,11.25,11.12,11.12,11600,2.00
1995-07-10,11.38,11.38,11.00,11.12,5300,2.00
1995-07-07,11.38,11.38,11.38,11.38,10500,2.05
1995-07-06,11.25,11.38,11.25,11.38,6500,2.05
1995-07-05,11.12,11.25,11.12,11.25,3300,2.03
1995-07-03,11.12,11.25,11.12,11.12,21300,2.00
1995-06-30,11.12,11.12,11.12,11.12,48200,2.00
1995-06-29,11.12,11.12,11.00,11.12,11600,2.00
1995-06-28,11.12,11.12,11.00,11.12,40000,2.00
1995-06-27,11.12,11.12,11.00,11.12,900,2.00
1995-06-26,11.00,11.12,11.00,11.12,5700,2.00
1995-06-23,11.00,11.00,11.00,11.00,100,1.98
1995-06-22,11.00,11.12,11.00,11.00,3900,1.98
1995-06-21,11.12,11.12,11.00,11.00,13200,1.98
1995-06-20,10.88,11.25,10.88,11.12,12500,2.00
1995-06-19,10.88,11.12,10.88,10.88,4600,1.96
1995-06-16,10.88,11.00,10.88,10.88,4800,1.96
1995-06-15,11.00,11.00,10.88,10.88,1400,1.96
1995-06-14,11.00,11.12,11.00,11.00,4000,1.98
1995-06-13,10.88,11.25,10.88,11.00,24700,1.98
1995-06-12,10.75,10.75,10.75,10.75,6200,1.94
1995-06-09,10.62,10.88,10.50,10.75,16900,1.94
1995-06-08,10.62,10.62,10.62,10.62,7000,1.91
1995-06-07,10.88,10.88,10.62,10.62,10400,1.91
1995-06-06,11.00,11.12,10.88,11.00,9600,1.98
1995-06-05,10.62,11.00,10.62,11.00,19800,1.98
1995-06-02,10.50,10.50,10.38,10.38,3200,1.87
1995-06-01,10.38,10.62,10.38,10.50,31700,1.89
1995-05-31,10.25,10.50,10.00,10.38,17300,1.87
1995-05-30,10.25,10.38,10.25,10.25,14800,1.85
1995-05-26,10.25,10.25,10.12,10.12,7100,1.82
1995-05-25,10.50,10.62,10.12,10.25,33500,1.85
1995-05-24,10.50,10.62,10.50,10.50,19600,1.89
1995-05-23,10.62,10.62,10.38,10.50,7200,1.89
1995-05-22,10.62,10.75,10.62,10.75,1400,1.94
1995-05-19,10.50,10.62,10.38,10.62,4000,1.91
1995-05-18,10.50,10.50,10.38,10.50,1400,1.89
1995-05-17,10.50,10.50,10.38,10.50,2300,1.89
1995-05-16,10.50,10.50,10.50,10.50,1000,1.89
1995-05-15,10.50,10.50,10.38,10.38,2100,1.87
1995-05-12,10.50,10.50,10.50,10.50,5800,1.89
1995-05-11,10.50,10.50,10.50,10.50,3400,1.89
1995-05-10,10.38,10.38,10.38,10.38,51400,1.87
1995-05-09,10.50,10.50,10.38,10.50,5600,1.89
1995-05-08,10.50,10.50,10.38,10.50,12000,1.89
1995-05-05,10.50,10.62,10.50,10.50,5100,1.89
1995-05-04,10.12,10.38,10.12,10.25,64800,1.85
1995-05-03,10.00,10.25,10.00,10.12,22600,1.82
1995-05-02,10.12,10.12,10.00,10.00,6200,1.80
1995-05-01,10.25,10.25,10.12,10.25,9000,1.85
1995-04-28,10.38,10.38,10.38,10.38,1000,1.87
1995-04-27,10.38,10.38,10.25,10.38,9600,1.87
1995-04-26,10.25,10.38,10.25,10.38,4500,1.87
1995-04-25,10.38,10.50,10.25,10.25,12000,1.85
1995-04-24,10.38,10.38,10.38,10.38,3100,1.87
1995-04-21,10.75,10.75,10.62,10.62,5500,1.91
1995-04-20,10.75,10.75,10.75,10.75,400,1.94
1995-04-19,10.88,10.88,10.75,10.75,1500,1.94
1995-04-18,10.88,10.88,10.88,10.88,200,1.96
1995-04-17,11.12,11.12,10.88,10.88,7100,1.96
1995-04-13,11.25,11.25,11.25,11.25,100,2.03
1995-04-12,11.25,11.25,11.25,11.25,2900,2.03
1995-04-11,11.25,11.25,11.25,11.25,800,2.03
1995-04-10,11.25,11.25,11.25,11.25,500,2.03
1995-04-07,11.25,11.25,11.25,11.25,200,2.03
1995-04-06,11.25,11.25,11.25,11.25,1000,2.03
1995-04-05,11.25,11.25,11.25,11.25,1400,2.03
1995-04-04,11.38,11.50,11.38,11.50,1200,2.07
1995-04-03,11.38,11.38,11.38,11.38,1400,2.05
1995-03-31,11.25,11.25,11.25,11.25,000,2.03
