Date,Open,High,Low,Close,Volume,Adj Close
2014-06-19,79.95,80.65,79.83,80.37,2260700,80.37
2014-06-18,79.54,79.77,78.88,79.68,968700,79.68
2014-06-17,78.92,79.54,78.75,79.49,1383800,79.49
2014-06-16,78.88,79.14,78.67,79.10,1086300,79.10
2014-06-13,78.73,79.38,78.25,79.23,1727900,79.23
2014-06-12,79.58,79.88,78.63,78.77,1937600,78.77
2014-06-11,79.06,79.62,78.85,79.53,1479400,79.53
2014-06-10,79.57,79.80,79.03,79.40,1302400,79.40
2014-06-09,79.93,80.20,79.56,79.82,3123800,79.82
2014-06-06,79.30,79.99,79.04,79.99,2259800,79.99
2014-06-05,78.87,79.34,78.55,79.11,1713800,79.11
2014-06-04,78.64,78.74,78.10,78.70,2102800,78.70
2014-06-03,77.98,78.76,77.70,78.65,2748400,78.65
2014-06-02,76.96,78.15,76.96,78.12,1630100,78.12
2014-05-30,76.84,77.40,76.65,77.31,2882000,77.31
2014-05-29,76.92,77.20,76.35,76.72,2238600,76.72
2014-05-28,76.01,77.20,75.67,76.94,2963400,76.94
2014-05-27,75.22,76.36,75.04,76.17,2208600,76.17
2014-05-23,74.87,74.99,74.48,74.77,1755600,74.77
2014-05-22,74.63,75.14,74.35,74.87,1761900,74.87
2014-05-21,74.94,74.94,74.38,74.67,1701000,74.67
2014-05-20,74.76,75.53,74.31,74.66,2767500,74.66
2014-05-19,74.56,74.73,74.16,74.60,1885300,74.60
2014-05-16,74.72,75.00,74.39,74.81,2135900,74.81
2014-05-15,75.92,76.03,74.07,74.87,3177400,74.87
2014-05-14,76.63,76.83,75.65,75.86,1342200,75.86
2014-05-13,76.65,76.85,76.26,76.47,1817400,76.47
2014-05-12,76.43,76.62,75.87,76.13,2430400,76.13
2014-05-09,76.28,76.35,75.49,76.33,1558000,76.33
2014-05-08,75.77,76.46,75.72,75.94,2611300,75.94
2014-05-07,76.13,76.20,75.45,75.77,2090400,75.77
2014-05-06,76.28,76.95,75.83,75.85,1978100,75.85
2014-05-05,76.01,76.41,75.51,76.30,1591500,76.30
2014-05-02,76.45,76.96,76.14,76.20,2327200,76.20
2014-05-01,76.92,76.98,75.87,76.25,3025400,76.25
2014-04-30,76.88,77.02,76.24,76.99,1890700,76.99
2014-04-29,77.81,77.90,76.86,76.98,2977500,76.98
2014-04-28,78.08,78.09,77.00,77.69,3828900,77.69
2014-04-25,76.61,77.87,76.47,77.67,3893400,77.67
2014-04-24,77.48,77.50,75.77,76.79,2355000,76.79
2014-04-23,79.65,79.70,75.28,76.81,7573400,76.81
2014-04-22,76.23,77.64,76.10,77.48,5054100,77.48
2014-04-21,75.45,76.10,75.14,76.01,2674300,76.01
2014-04-17,76.65,77.11,76.18,76.34,2596200,76.34
2014-04-16,76.27,76.88,75.83,76.86,2598200,76.86
2014-04-15,75.65,76.26,74.76,75.47,2499900,75.47
2014-04-14,74.83,75.56,74.77,75.43,2577000,75.43
2014-04-11,74.90,75.17,74.27,74.37,2522900,74.37
2014-04-10,76.74,76.91,74.74,75.19,3345800,75.19
2014-04-09,76.11,77.07,76.01,76.81,3458000,76.81
2014-04-08,74.93,76.64,74.71,76.31,4548400,75.94
2014-04-07,75.25,75.69,74.63,75.23,3282400,74.87
2014-04-04,76.81,76.87,75.11,75.44,2608100,75.07
2014-04-03,77.48,77.60,76.13,76.44,2755000,76.07
2014-04-02,77.91,77.91,76.33,77.11,3842400,76.74
2014-04-01,75.51,76.25,75.51,76.06,2731500,75.69
2014-03-31,74.93,75.56,74.51,75.39,3301600,75.02
2014-03-28,73.49,74.44,73.41,74.20,2276900,73.84
2014-03-27,73.95,74.13,72.23,73.20,3924900,72.85
2014-03-26,74.03,74.65,73.89,74.17,3356900,73.81
2014-03-25,74.93,74.97,73.57,73.78,2863700,73.42
2014-03-24,75.22,75.28,74.18,74.53,2097100,74.17
2014-03-21,76.00,76.70,75.23,75.27,2980700,74.91
2014-03-20,74.48,75.56,74.17,75.25,2898400,74.89
2014-03-19,75.28,75.54,73.67,74.20,1994400,73.84
2014-03-18,75.18,75.71,74.93,75.06,1942900,74.70
2014-03-17,75.42,75.79,74.93,75.12,3192300,74.76
2014-03-14,75.40,76.20,75.03,75.08,3323400,74.72
2014-03-13,77.24,77.50,75.60,75.83,2356500,75.46
2014-03-12,77.02,77.34,76.83,77.12,1988200,76.75
2014-03-11,77.35,77.95,77.00,77.33,2336400,76.96
2014-03-10,76.89,77.44,76.53,77.40,2419700,77.02
2014-03-07,77.38,77.69,76.51,77.16,2955800,76.79
2014-03-06,75.76,77.75,75.75,77.29,5267600,76.92
2014-03-05,74.93,74.96,74.33,74.81,1943100,74.45
2014-03-04,74.49,74.89,74.36,74.64,2666200,74.28
2014-03-03,73.34,73.76,72.70,73.61,2419000,73.25
2014-02-28,73.83,74.34,73.40,74.08,2375500,73.72
2014-02-27,73.39,74.17,73.38,73.79,2142400,73.43
2014-02-26,73.35,73.74,73.04,73.39,2520700,73.03
2014-02-25,73.00,73.80,72.52,73.28,2259000,72.92
2014-02-24,72.87,73.40,72.74,72.97,1799600,72.62
2014-02-21,72.94,73.22,72.37,72.85,2099800,72.50
2014-02-20,72.90,73.32,72.45,72.98,1986200,72.63
2014-02-19,73.54,74.06,72.77,72.82,2245400,72.47
2014-02-18,73.40,73.74,72.97,73.24,2810500,72.88
2014-02-14,73.50,73.90,73.10,73.42,2894100,73.06
2014-02-13,73.05,73.89,72.86,73.82,2212800,73.46
2014-02-12,73.34,73.76,73.23,73.51,3034100,73.15
2014-02-11,72.95,73.63,72.70,73.21,3586400,72.86
2014-02-10,72.00,72.80,71.67,72.76,3632300,72.41
2014-02-07,71.59,72.44,71.45,71.73,2850500,71.38
2014-02-06,70.69,71.86,70.55,71.17,3405400,70.82
2014-02-05,71.75,71.75,69.84,70.54,5688000,70.20
2014-02-04,71.59,72.58,70.55,72.06,14147200,71.71
2014-02-03,67.36,68.06,65.84,66.16,6752200,65.84
2014-01-31,66.13,67.59,65.83,67.15,5387300,66.82
2014-01-30,66.85,66.98,66.17,66.60,4370800,66.28
2014-01-29,67.75,67.92,65.87,66.51,6878700,66.19
2014-01-28,68.09,68.60,67.85,68.20,3121300,67.87
2014-01-27,68.79,68.91,67.06,67.84,4665400,67.51
2014-01-24,69.32,69.78,68.82,68.82,4187500,68.49
2014-01-23,70.54,70.68,69.32,69.80,4642700,69.46
2014-01-22,71.62,71.92,71.11,71.34,3162000,70.99
2014-01-21,72.71,72.86,70.99,71.15,3653100,70.81
2014-01-17,72.43,72.66,71.87,72.10,3712500,71.75
2014-01-16,73.25,73.83,72.25,72.30,3788300,71.95
2014-01-15,73.24,73.80,72.98,73.17,3164800,72.82
2014-01-14,73.52,74.13,73.15,73.23,4471300,72.51
2014-01-13,75.01,75.12,73.32,73.41,3475800,72.68
2014-01-10,75.40,75.91,74.76,75.02,2582200,74.28
2014-01-09,74.91,75.50,74.75,75.05,3773100,74.31
2014-01-08,76.68,77.33,76.21,76.53,4448600,75.77
2014-01-07,76.89,77.21,76.43,76.56,3619700,75.80
2014-01-06,75.52,76.14,75.29,75.50,2935800,74.75
2014-01-03,75.46,76.10,75.00,75.56,1457100,74.81
2014-01-02,75.38,75.61,74.83,75.09,1956300,74.35
2013-12-31,75.00,76.41,75.00,75.61,2132900,74.86
2013-12-30,73.85,74.97,73.84,74.92,1953300,74.18
2013-12-27,74.41,74.41,73.56,73.87,872300,73.14
2013-12-26,74.12,74.40,73.92,74.11,812600,73.38
2013-12-24,73.96,74.19,73.63,74.10,708100,73.37
2013-12-23,73.50,74.00,72.81,73.97,1820200,73.24
2013-12-20,72.85,73.79,72.77,73.39,3100300,72.67
2013-12-19,72.48,72.93,71.78,72.75,2697700,72.03
2013-12-18,71.87,72.74,71.25,72.73,2599500,72.01
2013-12-17,73.07,73.19,71.75,71.87,2467100,71.16
2013-12-16,73.07,73.89,72.70,73.23,2950700,72.51
2013-12-13,71.74,72.65,71.63,71.81,2225500,71.10
2013-12-12,72.63,72.89,71.50,71.60,2957300,70.89
2013-12-11,73.59,74.02,72.76,72.90,1908000,72.18
2013-12-10,74.30,74.30,73.24,73.41,2476900,72.68
2013-12-09,74.37,74.72,74.17,74.30,2788100,73.57
2013-12-06,75.25,75.34,74.08,74.37,2890800,73.64
2013-12-05,75.10,75.29,74.00,74.39,3789600,73.66
2013-12-04,75.66,76.16,75.40,75.66,2471500,74.91
2013-12-03,75.40,76.41,74.83,75.61,6714800,74.86
2013-12-02,77.56,78.57,77.38,77.71,2500800,76.94
2013-11-29,77.59,78.24,77.36,77.68,1361300,76.91
2013-11-27,77.48,77.69,76.88,77.59,2419100,76.82
2013-11-26,77.40,78.28,77.39,77.65,3254000,76.88
2013-11-25,77.88,78.37,77.45,78.01,2916800,77.24
2013-11-22,75.82,78.68,75.79,78.30,8320300,77.53
2013-11-21,72.44,75.15,72.34,74.92,5690300,74.18
2013-11-20,74.00,74.00,72.10,72.32,3713900,71.61
2013-11-19,73.50,73.99,73.26,73.78,1994900,73.05
2013-11-18,73.85,74.25,73.29,73.41,2651300,72.68
2013-11-15,73.48,73.99,73.18,73.98,2986900,73.25
2013-11-14,73.20,73.49,72.93,73.34,2474500,72.62
2013-11-13,71.35,73.25,71.20,73.19,4691100,72.47
2013-11-12,71.56,71.74,70.72,71.49,4830800,70.78
2013-11-11,70.92,72.69,70.61,71.74,5110500,71.03
2013-11-08,69.63,70.63,69.29,70.57,3025200,69.87
2013-11-07,70.43,70.70,69.63,69.80,2660000,69.11
2013-11-06,70.32,70.70,69.81,70.33,2945100,69.64
2013-11-05,69.49,70.32,69.22,70.23,2909000,69.54
2013-11-04,68.91,70.00,68.79,69.91,4211700,69.22
2013-11-01,67.61,68.61,67.51,68.48,3277600,67.80
2013-10-31,67.90,68.00,67.12,67.62,2585500,66.95
2013-10-30,67.47,68.50,67.47,68.16,3850400,67.49
2013-10-29,66.90,67.15,66.77,67.06,2037500,66.40
2013-10-28,66.57,66.95,66.57,66.76,2163100,66.10
2013-10-25,66.26,67.00,66.06,66.57,2766700,65.91
2013-10-24,65.42,66.02,65.21,66.00,2725100,65.35
2013-10-23,67.00,67.00,64.08,65.17,10134800,64.53
2013-10-22,67.04,67.28,66.78,67.07,4241800,66.41
2013-10-21,66.75,67.08,66.46,66.85,3373400,66.19
2013-10-18,67.71,67.79,66.62,66.68,4839200,66.02
2013-10-17,66.40,67.48,66.32,67.39,4084700,66.72
2013-10-16,66.17,66.60,66.12,66.46,3811500,65.80
2013-10-15,66.89,66.91,65.76,65.80,4994300,65.15
2013-10-14,66.84,67.29,66.55,66.94,3283200,66.28
2013-10-11,65.97,67.13,65.81,67.00,5610500,66.34
2013-10-10,66.85,67.15,65.67,65.94,6865300,65.29
2013-10-09,65.75,66.95,64.92,66.48,20648300,65.82
2013-10-08,71.25,72.08,70.94,71.67,6557100,70.60
2013-10-07,70.97,71.79,70.89,71.43,3246100,70.36
2013-10-04,70.60,71.68,70.57,71.53,2236400,70.46
2013-10-03,70.50,71.25,70.28,70.44,2507400,69.38
2013-10-02,70.91,71.38,70.00,70.70,3401100,69.64
2013-10-01,71.58,71.74,71.07,71.58,1670300,70.51
2013-09-30,71.52,71.86,71.02,71.39,2262200,70.32
2013-09-27,72.13,72.56,71.91,72.13,1151000,71.05
2013-09-26,71.89,72.55,71.70,72.37,1501900,71.29
2013-09-25,72.00,72.04,71.45,71.60,1206600,70.53
2013-09-24,71.85,72.71,71.71,72.06,1423900,70.98
2013-09-23,71.91,72.16,71.39,71.81,1301800,70.73
2013-09-20,72.71,72.79,72.00,72.09,2751200,71.01
2013-09-19,73.66,73.66,72.69,72.73,2164500,71.64
2013-09-18,72.58,73.76,72.29,73.62,2031100,72.52
2013-09-17,72.57,73.22,72.46,72.74,2330300,71.65
2013-09-16,73.00,73.20,72.49,72.65,2016800,71.56
2013-09-13,72.51,72.70,72.09,72.53,1787000,71.44
2013-09-12,72.34,72.84,72.13,72.39,1795200,71.30
2013-09-11,71.61,72.21,71.32,72.21,1566000,71.13
2013-09-10,71.71,71.83,71.03,71.53,2854700,70.46
2013-09-09,70.14,71.71,70.14,71.48,3323500,70.41
2013-09-06,70.06,70.38,69.43,69.61,3449800,68.57
2013-09-05,69.89,70.82,69.74,69.84,2633400,68.79
2013-09-04,69.24,69.69,68.78,69.63,5766800,68.59
2013-09-03,70.74,70.94,69.65,70.00,2473900,68.95
2013-08-30,70.52,70.52,69.57,70.02,3090300,68.97
2013-08-29,70.69,71.32,70.40,70.55,2610000,69.49
2013-08-28,71.18,71.30,70.76,70.78,2964400,69.72
2013-08-27,71.46,71.92,71.26,71.37,1704800,70.30
2013-08-26,72.55,72.75,71.91,72.03,1503800,70.95
2013-08-23,72.84,72.92,71.92,72.57,1806600,71.48
2013-08-22,72.43,73.00,72.36,72.75,1107000,71.66
2013-08-21,72.57,72.91,72.08,72.21,2011300,71.13
2013-08-20,72.32,73.04,72.26,72.64,1515100,71.55
2013-08-19,72.29,73.00,72.06,72.08,1587100,71.00
2013-08-16,72.25,72.60,72.00,72.16,1967100,71.08
2013-08-15,72.67,72.87,72.25,72.47,2053400,71.38
2013-08-14,72.38,73.32,72.28,73.06,2626400,71.96
2013-08-13,72.41,73.10,71.73,72.97,5847800,71.88
2013-08-12,74.26,75.13,74.17,74.47,3153700,73.35
2013-08-09,73.92,74.95,73.80,74.40,1820600,73.28
2013-08-08,74.10,74.50,73.91,74.10,1310000,72.99
2013-08-07,74.33,74.66,73.84,73.88,1710200,72.77
2013-08-06,74.73,74.80,73.93,74.00,1879700,72.89
2013-08-05,74.50,74.84,73.72,74.82,2586000,73.70
2013-08-02,73.90,74.42,73.45,74.39,2137400,73.28
2013-08-01,73.50,74.13,73.35,73.90,1646400,72.79
2013-07-31,73.33,73.55,72.77,72.92,1551300,71.83
2013-07-30,73.80,73.98,72.80,73.05,1656000,71.96
2013-07-29,73.61,73.77,73.02,73.52,1780800,72.42
2013-07-26,72.00,74.02,71.77,74.00,3918800,72.89
2013-07-25,71.64,72.11,71.37,72.10,2048900,71.02
2013-07-24,70.64,71.50,70.41,71.45,3209700,70.38
2013-07-23,71.43,71.57,70.03,70.43,3170900,69.37
2013-07-22,71.52,71.99,71.30,71.47,1719000,70.40
2013-07-19,72.30,72.33,71.54,72.08,2021400,71.00
2013-07-18,71.37,72.38,71.28,72.20,2740800,71.12
2013-07-17,72.00,72.00,71.09,71.40,1694700,70.33
2013-07-16,72.05,72.31,70.91,71.57,2962900,70.50
2013-07-15,70.85,72.11,70.79,71.76,3330700,70.68
2013-07-12,71.49,72.02,70.45,70.64,5886200,69.58
2013-07-11,70.92,72.74,70.38,71.53,6580800,70.46
2013-07-10,72.65,72.73,71.86,72.36,2645000,71.28
2013-07-09,73.31,73.46,72.66,73.00,2591600,71.58
2013-07-08,72.48,73.06,72.20,72.49,2500300,71.08
2013-07-05,71.60,71.73,70.74,71.66,1529300,70.26
2013-07-03,69.93,71.25,69.64,71.12,1840700,69.73
2013-07-02,70.18,70.87,69.88,70.10,2313900,68.73
2013-07-01,69.60,70.49,69.26,70.22,2166100,68.85
2013-06-28,69.62,69.89,68.90,69.34,3062700,67.99
2013-06-27,69.81,69.99,69.16,69.60,1827800,68.24
2013-06-26,68.96,69.42,68.51,69.22,2141600,67.87
2013-06-25,68.87,69.11,68.32,68.34,2254600,67.01
2013-06-24,68.06,68.56,67.06,68.10,3287000,66.77
2013-06-21,69.72,70.00,68.82,68.98,4734200,67.63
2013-06-20,70.81,71.00,69.23,69.39,3125400,68.04
2013-06-19,72.20,72.64,71.33,71.51,1830900,70.11
2013-06-18,71.77,72.62,71.77,72.22,1741000,70.81
2013-06-17,71.54,72.24,70.96,71.60,1900900,70.20
2013-06-14,71.60,71.74,70.96,71.11,1788700,69.72
2013-06-13,71.53,71.85,71.05,71.61,2892600,70.21
2013-06-12,71.84,72.67,71.42,71.70,3452000,70.30
2013-06-11,71.86,73.06,71.69,71.76,3453600,70.36
2013-06-10,73.40,73.89,72.20,72.47,3975100,71.06
2013-06-07,72.24,73.64,72.12,73.52,5620600,72.09
2013-06-06,68.30,71.25,68.29,71.12,7427800,69.73
2013-06-05,68.61,69.12,67.80,68.03,2023000,66.70
2013-06-04,69.04,70.11,68.51,68.86,2600400,67.52
2013-06-03,67.79,69.01,67.79,69.01,2925900,67.66
2013-05-31,68.50,69.08,67.75,67.75,2453300,66.43
2013-05-30,69.50,69.52,68.56,68.60,2015000,67.26
2013-05-29,69.73,70.09,69.29,69.54,2141400,68.18
2013-05-28,69.86,70.41,69.60,70.03,1886400,68.66
2013-05-24,69.13,69.25,68.55,69.21,1809800,67.86
2013-05-23,68.94,69.37,68.66,69.30,2394400,67.95
2013-05-22,70.05,70.93,69.51,69.83,2181300,68.47
2013-05-21,70.26,70.64,70.00,70.18,2608000,68.81
2013-05-20,70.10,70.57,69.68,70.46,2660100,69.09
2013-05-17,69.72,70.29,69.23,70.16,2825000,68.79
2013-05-16,69.92,70.13,69.33,69.63,2783800,68.27
2013-05-15,69.90,70.60,69.81,69.92,3340500,68.56
2013-05-14,69.18,70.22,69.00,70.15,2739100,68.78
2013-05-13,69.28,70.07,68.43,68.92,4759000,67.58
2013-05-10,69.31,70.36,69.27,70.36,3286300,68.99
2013-05-09,69.33,69.49,68.83,69.07,2208000,67.72
2013-05-08,68.70,69.68,68.45,69.58,3144700,68.22
2013-05-07,68.63,68.77,68.16,68.62,1830700,67.28
2013-05-06,68.00,68.74,67.95,68.38,2356000,67.05
2013-05-03,68.50,69.05,68.49,68.91,2760000,67.57
2013-05-02,67.63,68.38,67.25,68.08,2867800,66.75
2013-05-01,67.79,68.21,67.51,67.60,2089100,66.28
2013-04-30,67.50,68.22,66.98,68.12,3297200,66.79
2013-04-29,67.15,67.69,66.72,67.60,2762900,66.28
2013-04-26,66.99,67.20,66.62,66.86,2852400,65.56
2013-04-25,69.14,69.14,67.04,67.20,4743300,65.89
2013-04-24,68.40,69.78,67.76,68.65,10298000,67.31
2013-04-23,64.39,64.64,63.16,64.15,8453600,62.90
2013-04-22,65.04,65.43,64.57,65.26,3133000,63.99
2013-04-19,65.28,65.33,64.74,65.04,4851700,63.77
2013-04-18,66.34,66.42,64.87,65.00,4566100,63.73
2013-04-17,66.27,66.72,65.82,66.23,3680500,64.94
2013-04-16,66.30,66.87,66.02,66.65,4399000,65.35
2013-04-15,67.04,67.25,65.94,66.06,4417000,64.77
2013-04-12,67.10,67.87,66.95,67.80,3891400,66.48
2013-04-11,65.92,67.60,65.92,67.23,6904600,65.92
2013-04-10,66.78,67.70,66.74,66.76,5515900,65.46
2013-04-09,67.32,67.55,66.67,66.79,5919900,65.16
2013-04-08,66.16,67.37,66.10,67.33,3934700,65.69
2013-04-05,66.50,67.06,65.28,66.97,7611300,65.33
2013-04-04,67.61,68.28,67.32,67.73,3360500,66.08
2013-04-03,69.93,69.97,67.10,67.54,8693800,65.89
2013-04-02,70.82,70.92,69.43,70.15,5632400,68.44
2013-04-01,71.93,72.32,71.02,71.17,1587000,69.43
2013-03-28,71.32,72.21,70.90,71.94,3275200,70.18
2013-03-27,70.62,71.39,70.61,71.32,1932300,69.58
2013-03-26,70.81,71.28,70.60,71.11,2958000,69.37
2013-03-25,70.54,70.98,70.29,70.70,3624500,68.97
2013-03-22,69.36,69.90,69.30,69.69,1791900,67.99
2013-03-21,69.06,69.90,69.06,69.46,1829500,67.76
2013-03-20,69.18,69.71,68.95,69.45,1649100,67.75
2013-03-19,69.27,69.54,68.46,68.84,2390700,67.16
2013-03-18,69.31,69.63,68.75,69.11,3187000,67.42
2013-03-15,69.53,70.20,69.24,70.20,3497500,68.49
2013-03-14,69.46,69.91,69.25,69.85,2672200,68.14
2013-03-13,68.61,69.63,68.55,69.35,5971900,67.66
2013-03-12,71.39,71.50,68.55,68.73,9455700,67.05
2013-03-11,67.78,67.97,67.32,67.84,4667000,66.18
2013-03-08,67.71,68.37,67.67,67.72,4600400,66.07
2013-03-07,66.82,67.31,66.63,67.25,3538700,65.61
2013-03-06,66.36,68.00,66.30,66.91,4263600,65.28
2013-03-05,65.59,66.83,65.55,66.30,3145800,64.68
2013-03-04,65.11,65.48,64.95,65.47,2148600,63.87
2013-03-01,64.89,65.62,64.35,65.21,3079700,63.62
2013-02-28,65.63,66.48,65.43,65.48,3367400,63.88
2013-02-27,64.85,65.65,64.76,65.38,1984600,63.78
2013-02-26,65.15,65.48,64.31,64.87,3758300,63.29
2013-02-25,65.62,66.39,64.73,64.73,4388000,63.15
2013-02-22,65.21,65.60,64.72,65.45,2579100,63.85
2013-02-21,64.27,65.40,64.25,65.05,4487400,63.46
2013-02-20,65.17,65.46,64.52,64.56,4302900,62.98
2013-02-19,64.20,65.18,63.93,65.15,4286800,63.56
2013-02-15,63.82,64.50,63.45,63.99,4334200,62.43
2013-02-14,64.27,64.54,63.77,63.89,3949600,62.33
2013-02-13,64.77,64.91,63.95,64.41,4000000,62.84
2013-02-12,64.58,65.06,64.06,64.75,4934400,63.17
2013-02-11,65.16,65.19,64.48,64.55,5352600,62.97
2013-02-08,63.70,65.49,63.66,65.30,7190100,63.70
2013-02-07,63.04,63.95,63.00,63.57,6844100,62.02
2013-02-06,61.31,63.21,61.11,62.93,9060200,61.39
2013-02-05,59.74,62.62,59.68,62.08,29144200,60.56
2013-02-04,65.90,66.01,63.90,63.94,10501700,62.38
2013-02-01,65.22,66.02,64.80,65.93,4690700,64.32
2013-01-31,64.21,65.40,64.02,64.94,5129500,63.35
2013-01-30,63.88,64.57,63.18,64.24,11510900,62.67
2013-01-29,64.25,65.03,64.00,64.24,4883100,62.67
2013-01-28,64.51,64.87,63.27,64.59,7591300,63.01
2013-01-25,65.70,65.73,64.00,64.63,8407800,63.05
2013-01-24,66.25,66.81,66.16,66.39,3853200,64.77
2013-01-23,65.40,66.13,65.30,66.10,4811300,64.49
2013-01-22,64.92,65.81,64.65,65.29,4131400,63.70
2013-01-18,65.40,65.48,64.90,65.15,4500300,63.56
2013-01-17,66.19,66.24,65.05,65.40,5682300,63.80
2013-01-16,65.93,66.25,65.86,65.95,3030100,64.34
2013-01-15,66.02,66.54,65.88,66.37,2680500,64.75
2013-01-14,66.95,67.18,66.05,66.15,3482500,64.53
2013-01-11,66.11,66.96,65.54,66.87,3981000,65.24
2013-01-10,65.30,66.52,65.26,66.25,4970500,64.63
2013-01-09,65.06,65.38,64.09,64.82,7451800,63.24
2013-01-08,64.40,65.43,64.40,65.04,12403800,63.12
2013-01-07,67.99,68.29,66.71,67.89,3802600,65.89
2013-01-04,67.44,68.45,66.85,68.32,2719400,66.31
2013-01-03,67.13,68.05,66.94,67.58,2627300,65.59
2013-01-02,67.50,67.50,66.32,67.16,4379100,65.18
2012-12-31,64.72,66.47,64.56,66.40,3338700,64.44
2012-12-28,65.06,65.29,64.70,64.72,2804200,62.81
2012-12-27,65.28,65.80,64.74,65.46,3356000,63.53
2012-12-26,65.01,65.35,64.61,65.04,2899500,63.12
2012-12-24,64.73,65.24,64.41,65.01,2695600,63.10
2012-12-21,65.55,65.60,63.07,63.88,11992700,62.00
2012-12-20,67.13,67.16,65.83,66.49,6049600,64.53
2012-12-19,68.84,68.87,67.15,67.16,7848100,65.18
2012-12-18,69.34,70.35,68.90,69.05,5258200,67.02
2012-12-17,68.11,69.09,67.80,69.07,3675800,67.04
2012-12-14,67.87,68.45,67.76,67.90,3784900,65.90
2012-12-13,68.84,68.90,67.62,67.80,4267700,65.80
2012-12-12,68.19,68.25,67.50,67.64,3600600,65.65
2012-12-11,66.46,67.87,66.28,67.52,4259200,65.53
2012-12-10,66.59,66.86,65.76,66.25,4087800,64.30
2012-12-07,67.20,67.61,66.05,66.30,3918400,64.35
2012-12-06,66.01,68.09,65.53,66.92,4877900,64.95
2012-12-05,66.23,66.47,65.43,65.90,3744600,63.96
2012-12-04,66.64,66.84,65.35,65.89,5880200,63.95
2012-12-03,67.12,67.75,66.64,66.79,6150300,64.82
2012-11-30,67.50,68.20,66.73,67.08,18706500,65.10
2012-11-29,73.99,74.75,73.37,74.47,3011100,72.28
2012-11-28,73.68,74.16,73.04,73.89,2556600,71.71
2012-11-27,73.73,74.44,73.56,73.80,1900300,71.63
2012-11-26,73.79,73.85,73.06,73.63,2587300,71.46
2012-11-23,74.00,74.35,73.62,74.00,1936400,71.82
2012-11-21,72.77,73.89,72.61,73.53,2734000,71.36
2012-11-20,72.89,72.89,71.51,72.39,3149200,70.26
2012-11-19,72.82,73.34,72.52,73.32,1946900,71.16
2012-11-16,71.14,72.15,70.56,71.89,3502700,69.77
2012-11-15,71.16,72.03,70.86,71.11,2309300,69.02
2012-11-14,72.93,73.26,71.04,71.31,3773200,69.21
2012-11-13,72.44,73.66,72.03,72.70,2603400,70.56
2012-11-12,72.16,72.94,71.54,72.76,2965400,70.62
2012-11-09,71.07,72.75,70.42,71.97,3147500,69.85
2012-11-08,71.41,71.75,70.70,71.14,3044700,69.04
2012-11-07,72.42,73.00,71.56,71.88,2592500,69.76
2012-11-06,72.57,73.31,72.52,73.15,2521100,71.00
2012-11-05,71.88,72.49,71.63,72.29,2196200,70.16
2012-11-02,73.27,73.86,72.08,72.12,3051300,70.00
2012-11-01,70.08,73.30,69.99,72.82,4778100,70.68
2012-10-31,70.64,70.68,69.58,70.11,2130000,68.05
2012-10-26,69.93,70.06,69.43,69.90,2145400,67.84
2012-10-25,70.27,70.86,69.84,70.19,2521900,68.12
2012-10-24,70.41,70.71,69.68,69.93,2758000,67.87
2012-10-23,69.68,70.22,69.00,70.01,3091700,67.95
2012-10-22,70.19,70.74,69.68,70.19,2073700,68.12
2012-10-19,71.44,71.68,69.79,70.09,4486900,68.03
2012-10-18,71.35,72.15,71.29,72.09,3493200,69.97
2012-10-17,71.30,72.00,70.95,71.35,2698300,69.25
2012-10-16,71.07,71.56,70.02,70.95,3397400,68.86
2012-10-15,69.73,71.17,69.63,70.82,4067200,68.73
2012-10-12,69.72,69.91,69.09,69.45,2929900,67.40
2012-10-11,71.26,71.55,69.23,69.93,7015800,67.87
2012-10-10,70.18,72.00,69.15,70.99,18930600,68.90
2012-10-09,66.80,68.29,65.99,66.04,5717900,63.77
2012-10-08,66.11,67.10,65.92,66.94,3334700,64.64
2012-10-05,66.89,67.15,65.62,66.00,3724700,63.73
2012-10-04,66.76,66.90,66.13,66.47,2190500,64.19
2012-10-03,66.70,66.98,66.01,66.42,1992400,64.14
2012-10-02,67.49,68.00,65.81,66.45,3791000,64.17
2012-10-01,66.80,67.85,66.74,67.42,3558700,65.10
2012-09-28,65.68,66.83,64.53,66.34,4604600,64.06
2012-09-27,67.01,68.13,66.75,67.63,3444700,65.31
2012-09-26,66.80,67.05,65.98,66.54,2532200,64.25
2012-09-25,68.67,68.88,66.72,66.72,3206700,64.43
2012-09-24,67.95,68.41,67.75,68.24,1789300,65.89
2012-09-21,68.92,69.21,68.49,68.52,3711600,66.16
2012-09-20,67.81,68.19,67.40,68.19,2853500,65.85
2012-09-19,66.64,68.03,66.64,67.83,3082200,65.50
2012-09-18,66.54,66.87,66.33,66.81,2861900,64.51
2012-09-17,66.60,66.80,66.25,66.54,4690400,64.25
2012-09-14,67.42,67.69,66.32,66.56,4534500,64.27
2012-09-13,66.85,67.46,66.06,67.21,2276900,64.90
2012-09-12,66.93,67.23,65.76,66.79,3940400,64.49
2012-09-11,66.68,67.97,66.44,66.85,4736500,64.55
2012-09-10,65.77,66.65,65.68,66.13,3874900,63.86
2012-09-07,64.33,65.75,64.15,65.75,3885300,63.49
2012-09-06,63.78,65.05,63.64,64.08,3896000,61.88
2012-09-05,62.93,63.63,62.80,63.34,2510200,61.16
2012-09-04,63.48,63.69,62.75,62.98,2557800,60.82
2012-08-31,63.88,64.00,63.26,63.72,2429800,61.53
2012-08-30,63.70,63.98,63.31,63.36,1945400,61.18
2012-08-29,63.76,64.36,63.74,63.90,1786800,61.70
2012-08-28,63.85,64.23,63.43,63.78,2235300,61.59
2012-08-27,64.22,64.54,63.45,63.92,3292000,61.72
2012-08-24,64.23,64.24,62.90,64.03,4125600,61.83
2012-08-23,65.24,65.38,64.30,64.67,2874800,62.45
2012-08-22,65.40,65.80,65.20,65.29,2500900,63.05
2012-08-21,65.07,65.81,65.07,65.60,4052000,63.35
2012-08-20,66.24,66.34,65.10,65.18,2865400,62.94
2012-08-17,66.40,66.77,65.97,66.10,3600200,63.83
2012-08-16,66.25,66.73,65.80,66.13,2884400,63.86
2012-08-15,66.28,66.38,65.57,65.90,4156400,63.63
2012-08-14,67.11,67.22,65.45,66.25,5327600,63.97
2012-08-13,66.79,67.08,66.62,66.97,1943500,64.67
2012-08-10,66.42,66.84,66.26,66.83,1603800,64.53
2012-08-09,66.62,66.92,66.45,66.61,2494300,64.32
2012-08-08,66.39,66.84,66.00,66.58,3203700,64.29
2012-08-07,67.67,68.17,67.10,67.11,2785900,64.80
2012-08-06,67.55,68.00,67.26,67.32,2391300,65.01
2012-08-03,66.89,68.66,66.52,67.53,4717700,65.21
2012-08-02,64.34,65.72,64.16,65.66,4110100,63.40
2012-08-01,65.18,65.40,64.47,64.56,3786900,62.34
2012-07-31,66.24,66.24,64.75,64.84,5563300,62.61
2012-07-30,66.77,66.99,66.04,66.40,3237800,64.12
2012-07-27,65.15,66.99,65.04,66.73,4154000,64.44
2012-07-26,64.34,65.47,64.34,65.11,3783400,62.87
2012-07-25,62.85,63.98,62.85,63.51,3336200,61.33
2012-07-24,63.36,63.36,62.27,62.76,3193300,60.60
2012-07-23,63.75,64.16,63.06,63.12,4952000,60.95
2012-07-20,65.46,65.55,63.70,64.95,9149200,62.72
2012-07-19,63.43,67.50,63.42,65.86,12531200,63.60
2012-07-18,64.45,65.81,64.08,65.55,6777900,63.30
2012-07-17,64.28,65.70,63.83,64.41,5467800,62.20
2012-07-16,64.39,64.84,63.84,64.04,3788800,61.84
2012-07-13,63.11,64.84,62.80,64.72,4605100,62.50
2012-07-12,61.47,63.41,61.05,63.14,7856800,60.97
2012-07-11,62.97,63.13,61.76,61.95,5806400,59.82
2012-07-10,63.96,64.33,62.81,63.05,4438000,60.61
2012-07-09,65.00,65.00,63.20,63.47,4950700,61.01
2012-07-06,64.50,65.47,64.13,64.92,3969500,62.41
2012-07-05,63.00,65.17,63.00,64.75,4653200,62.24
2012-07-03,63.52,63.68,62.07,63.19,3561800,60.74
2012-07-02,64.27,64.71,63.33,63.95,3201000,61.47
2012-06-29,63.33,64.49,61.55,64.42,8757900,61.92
2012-06-28,64.05,64.35,62.83,63.89,4208100,61.41
2012-06-27,65.31,65.63,64.15,64.63,2635400,62.13
2012-06-26,65.53,65.83,64.99,65.46,2423200,62.92
2012-06-25,65.28,65.61,64.66,65.30,2928300,62.77
2012-06-22,66.10,66.74,65.66,66.11,3556000,63.55
2012-06-21,66.48,66.56,64.94,65.01,2998500,62.49
2012-06-20,67.31,67.59,65.36,66.23,4745000,63.66
2012-06-19,66.21,67.48,65.87,67.25,4950900,64.64
2012-06-18,64.63,65.93,64.54,65.80,3156900,63.25
2012-06-15,64.94,65.09,64.34,64.99,3446800,62.47
2012-06-14,63.08,64.75,63.02,64.42,3925700,61.92
2012-06-13,63.53,64.38,62.50,62.86,3352500,60.42
2012-06-12,63.43,64.13,63.07,63.50,4416100,61.04
2012-06-11,65.26,65.34,63.40,63.45,5571800,60.99
2012-06-08,64.89,64.90,62.37,64.59,11461500,62.09
2012-06-07,67.79,68.54,66.58,66.77,3385000,64.18
2012-06-06,65.16,67.71,65.07,66.74,5821300,64.15
2012-06-05,63.83,64.70,63.73,64.40,3149000,61.91
2012-06-04,63.72,64.36,62.77,64.23,6437400,61.74
2012-06-01,67.74,68.43,64.36,64.70,13368800,62.19
2012-05-31,70.33,70.96,69.56,70.36,3197700,67.63
2012-05-30,70.89,70.92,70.16,70.34,2779900,67.62
2012-05-29,70.76,71.88,70.74,71.49,2516400,68.72
2012-05-25,70.02,70.91,70.02,70.40,1914100,67.67
2012-05-24,71.03,71.36,69.52,70.49,4340400,67.76
2012-05-23,69.87,70.85,69.46,70.69,2662200,67.95
2012-05-22,69.56,71.40,69.27,70.48,4426100,67.75
2012-05-21,67.67,69.17,67.25,69.11,2893800,66.43
2012-05-18,68.09,68.36,67.23,67.43,4696800,64.82
2012-05-17,70.05,70.19,67.91,68.02,4318700,65.38
2012-05-16,69.86,70.63,69.82,70.14,2692600,67.42
2012-05-15,69.80,71.08,69.66,69.76,3341000,67.06
2012-05-14,71.10,71.38,69.70,69.81,3404500,67.11
2012-05-11,71.10,72.37,71.07,71.70,2545300,68.92
2012-05-10,70.96,71.85,70.77,71.36,2770200,68.60
2012-05-09,70.99,71.10,70.25,70.44,3833100,67.71
2012-05-08,71.93,72.05,70.81,71.81,4087600,69.03
2012-05-07,71.11,72.69,70.84,72.38,3356900,69.58
2012-05-04,71.71,71.94,70.79,71.15,2962800,68.39
2012-05-03,74.00,74.10,71.48,72.00,5728500,69.21
2012-05-02,73.31,74.07,73.13,73.69,2478600,70.84
2012-05-01,73.02,74.33,72.88,73.55,2319800,70.70
2012-04-30,73.12,73.27,72.43,72.73,2053300,69.91
2012-04-27,72.95,73.53,72.38,73.32,2410800,70.48
2012-04-26,72.79,73.29,72.36,72.89,2805000,70.07
2012-04-25,72.69,73.05,72.16,72.75,4211600,69.93
2012-04-24,73.48,73.85,72.08,72.24,4393400,69.44
2012-04-23,73.53,73.84,72.80,73.78,4121900,70.92
2012-04-20,72.23,74.44,71.80,73.93,8059100,71.07
2012-04-19,71.44,72.74,70.98,71.41,7939400,68.64
2012-04-18,72.71,73.27,72.61,72.94,5244500,70.11
2012-04-17,73.43,73.65,72.39,73.19,4426200,70.35
2012-04-16,73.10,73.27,71.68,72.25,5591300,69.45
2012-04-13,70.78,73.70,70.72,72.86,6142400,70.04
2012-04-12,70.25,70.98,69.87,70.87,2302700,68.12
2012-04-11,68.79,70.49,68.65,70.11,3612100,67.39
2012-04-10,69.75,70.15,68.42,68.48,3202200,65.55
2012-04-09,69.67,70.21,69.67,70.00,1832900,67.01
2012-04-05,69.99,70.72,69.77,70.68,2296900,67.66
2012-04-04,70.18,70.58,69.81,70.06,2293600,67.07
2012-04-03,70.03,71.02,69.93,70.71,4099300,67.69
2012-04-02,71.10,71.12,69.89,70.00,4211400,67.01
2012-03-30,70.80,71.42,70.38,71.18,3516000,68.14
2012-03-29,70.00,70.41,69.71,70.29,1986300,67.29
2012-03-28,70.63,71.03,70.04,70.40,3103400,67.39
2012-03-27,71.60,71.79,70.57,70.62,3682200,67.60
2012-03-26,70.78,71.47,70.69,71.44,2359900,68.39
2012-03-23,70.81,70.82,69.62,70.64,2735900,67.62
2012-03-22,69.78,71.12,69.78,70.72,3522700,67.70
2012-03-21,70.07,70.21,69.63,69.92,2190000,66.93
2012-03-20,68.78,70.41,68.77,70.21,3767200,67.21
2012-03-19,68.53,69.08,68.00,69.06,2039500,66.11
2012-03-16,68.67,68.94,68.11,68.40,2604000,65.48
2012-03-15,69.03,69.03,68.04,68.62,2003700,65.69
2012-03-14,68.80,69.35,68.20,68.64,3419000,65.71
2012-03-13,67.43,68.71,67.31,68.63,2884800,65.70
2012-03-12,67.58,67.84,66.82,66.93,1911100,64.07
2012-03-09,67.56,67.58,67.08,67.41,2089200,64.53
2012-03-08,65.97,67.25,65.82,66.99,3565800,64.13
2012-03-07,65.50,66.63,65.35,66.51,2960800,63.67
2012-03-06,65.70,66.13,65.08,65.48,3204900,62.68
2012-03-05,66.25,66.62,66.01,66.36,1663400,63.52
2012-03-02,66.13,66.41,65.95,66.24,2078900,63.41
2012-03-01,66.23,66.65,65.99,66.22,2551300,63.39
2012-02-29,65.99,66.55,65.61,66.24,3001700,63.41
2012-02-28,65.55,65.99,65.45,65.96,2147600,63.14
2012-02-27,65.22,65.85,65.01,65.56,1752300,62.76
2012-02-24,65.79,65.85,65.31,65.54,2403600,62.74
2012-02-23,65.84,65.93,65.22,65.83,2995900,63.02
2012-02-22,65.33,65.99,65.10,65.90,4243400,63.08
2012-02-21,65.46,65.90,65.29,65.50,3292700,62.70
2012-02-17,64.93,65.48,64.73,65.25,5514800,62.46
2012-02-16,63.67,64.87,63.63,64.73,3005000,61.96
2012-02-15,64.21,64.45,63.37,63.72,4097900,61.00
2012-02-14,64.44,64.45,63.28,63.98,5727900,61.25
2012-02-13,65.02,65.06,64.46,64.58,3248800,61.82
2012-02-10,64.51,65.23,64.30,64.74,3776900,61.97
2012-02-09,64.54,65.07,64.45,64.91,6423800,62.14
2012-02-08,65.49,65.70,64.17,64.44,6285600,61.69
2012-02-07,64.89,65.79,64.49,64.85,12812600,62.08
2012-02-06,63.65,64.07,63.06,63.19,5622300,60.49
2012-02-03,64.51,64.75,63.80,63.84,3938600,61.11
2012-02-02,63.98,64.24,63.48,63.78,3470500,61.05
2012-02-01,63.75,64.41,63.43,64.18,2931900,61.44
2012-01-31,63.79,64.20,63.04,63.33,3469200,60.62
2012-01-30,62.48,63.83,62.03,63.68,3323900,60.96
2012-01-27,62.40,63.01,62.30,62.85,3864200,60.16
2012-01-26,62.89,63.00,62.18,62.48,2028100,59.81
2012-01-25,62.15,62.84,62.07,62.65,2497700,59.97
2012-01-24,61.98,62.36,61.25,62.27,3303400,59.61
2012-01-23,62.51,62.60,61.70,62.27,2765900,59.61
2012-01-20,62.85,63.44,62.39,62.48,4074200,59.81
2012-01-19,62.70,62.98,62.17,62.47,3601500,59.80
2012-01-18,61.83,63.00,61.80,62.66,3772000,59.98
2012-01-17,61.86,62.50,61.60,61.89,3012800,59.24
2012-01-13,60.68,61.32,60.61,61.23,3648200,58.61
2012-01-12,61.07,61.55,60.68,60.86,3445500,58.26
2012-01-11,59.77,61.64,59.77,60.92,6130400,58.32
2012-01-10,60.09,60.45,59.58,59.99,3469400,57.15
2012-01-09,59.81,59.89,59.32,59.62,2648900,56.80
2012-01-06,59.33,59.98,59.20,59.85,2704000,57.02
2012-01-05,58.88,59.50,58.40,59.42,3637400,56.61
2012-01-04,58.47,59.50,58.47,58.97,3604000,56.18
2012-01-03,59.61,59.90,58.49,58.57,3404500,55.80
2011-12-30,59.50,59.59,59.01,59.01,1246200,56.22
2011-12-29,59.12,59.79,59.11,59.58,1734200,56.76
2011-12-28,59.33,59.40,58.70,58.98,1805700,56.19
2011-12-27,59.02,59.48,58.78,59.30,2164000,56.50
2011-12-23,58.55,59.03,58.50,59.03,1920600,56.24
2011-12-22,58.44,58.53,58.16,58.39,2490100,55.63
2011-12-21,58.49,58.70,58.00,58.44,4235500,55.68
2011-12-20,58.11,58.61,57.91,58.33,3983900,55.57
2011-12-19,57.72,58.15,57.45,57.60,2489900,54.88
2011-12-16,57.98,58.15,57.48,57.70,4359000,54.97
2011-12-15,57.83,58.06,57.16,57.50,3061300,54.78
2011-12-14,58.20,58.66,57.09,57.37,4690000,54.66
2011-12-13,59.00,59.17,58.15,58.28,4163200,55.52
2011-12-12,57.59,59.05,57.23,58.96,5189900,56.17
2011-12-09,58.11,58.56,57.74,57.96,4152200,55.22
2011-12-08,57.84,58.95,57.39,57.49,4624400,54.77
2011-12-07,57.47,58.11,57.04,58.01,4692000,55.27
2011-12-06,57.04,57.49,56.41,57.33,3058000,54.62
2011-12-05,56.85,57.24,56.60,57.09,3278300,54.39
2011-12-02,56.63,56.88,56.09,56.25,2951400,53.59
2011-12-01,56.10,56.53,55.88,56.29,3397300,53.63
2011-11-30,56.07,56.50,55.62,56.04,3832300,53.39
2011-11-29,54.59,55.02,54.55,54.89,2429800,52.29
2011-11-28,53.84,54.75,53.65,54.54,3199600,51.96
2011-11-25,53.22,53.34,52.54,52.72,2194300,50.23
2011-11-23,54.09,54.23,53.13,53.18,2704400,50.67
2011-11-22,53.63,55.32,53.36,54.51,4469300,51.93
2011-11-21,53.16,53.74,52.67,53.49,2420700,50.96
2011-11-18,53.94,54.07,53.42,53.84,3143100,51.29
2011-11-17,54.25,54.69,53.12,53.77,2728900,51.23
2011-11-16,55.00,55.42,54.41,54.49,2586600,51.91
2011-11-15,55.28,55.64,54.81,55.41,1847800,52.79
2011-11-14,55.55,55.80,55.21,55.29,1911300,52.68
2011-11-11,55.21,55.95,54.93,55.81,2439500,53.17
2011-11-10,55.26,55.26,54.29,54.74,3298300,52.15
2011-11-09,54.43,55.61,54.31,54.81,6320600,52.22
2011-11-08,54.85,55.78,54.42,55.63,4002600,53.00
2011-11-07,54.15,54.75,53.76,54.63,3518900,52.05
2011-11-04,54.03,54.57,53.35,53.98,3955600,51.43
2011-11-03,53.63,54.12,53.01,54.04,3105600,51.48
2011-11-02,53.09,53.35,52.56,53.15,3317700,50.64
2011-11-01,52.51,53.26,52.16,52.62,4129000,50.13
2011-10-31,53.76,54.51,53.57,53.57,2536000,51.04
2011-10-28,54.33,54.74,53.33,54.14,3277500,51.58
2011-10-27,54.32,54.89,53.73,54.39,3538600,51.82
2011-10-26,53.44,53.87,51.93,53.05,3463100,50.54
2011-10-25,53.16,53.92,52.65,52.84,2399400,50.34
2011-10-24,53.73,53.82,53.17,53.47,3119600,50.94
2011-10-21,53.06,53.91,52.85,53.74,4332600,51.20
2011-10-20,51.73,52.46,51.24,52.16,3815900,49.69
2011-10-19,52.30,52.50,51.31,51.62,3289600,49.18
2011-10-18,51.21,52.83,50.60,52.28,3585800,49.81
2011-10-17,51.78,51.99,51.00,51.13,3864200,48.71
2011-10-14,52.72,52.85,51.58,52.14,4820700,49.67
2011-10-13,50.77,52.98,50.70,52.61,6641500,50.12
2011-10-12,51.96,52.82,50.97,51.03,5624400,48.62
2011-10-11,50.77,51.95,50.73,51.88,3866600,49.16
2011-10-10,49.80,51.17,49.72,50.90,3883000,48.23
2011-10-07,49.31,49.82,49.01,49.24,5192500,46.65
2011-10-06,48.19,49.51,48.14,49.33,7187900,46.74
2011-10-05,49.75,50.20,47.81,48.12,14168000,45.59
2011-10-04,47.60,49.56,47.15,49.44,7400500,46.84
2011-10-03,49.27,50.05,48.41,48.45,6407800,45.91
2011-09-30,48.60,51.22,48.50,49.39,9134300,46.80
2011-09-29,53.43,53.50,48.38,49.54,11955400,46.94
2011-09-28,53.46,54.54,52.46,52.57,4058800,49.81
2011-09-27,53.62,54.73,53.08,53.36,4093800,50.56
2011-09-26,52.03,52.75,50.87,52.60,4292200,49.84
2011-09-23,50.98,52.10,50.33,51.66,4062900,48.95
2011-09-22,51.05,51.77,50.31,50.97,6403800,48.29
2011-09-21,54.77,54.89,52.49,52.55,5007200,49.79
2011-09-20,54.91,55.70,54.08,54.54,3426900,51.68
2011-09-19,53.15,54.99,52.82,54.77,4197300,51.89
2011-09-16,54.29,54.29,53.26,53.85,4532900,51.02
2011-09-15,53.83,54.03,53.34,53.65,2825500,50.83
2011-09-14,52.57,54.05,51.97,53.30,3108000,50.50
2011-09-13,52.12,52.52,51.80,52.23,3297700,49.49
2011-09-12,50.85,52.09,50.52,52.06,4120500,49.33
2011-09-09,52.71,52.71,51.00,51.53,4863000,48.82
2011-09-08,53.53,54.05,53.11,53.37,2640700,50.57
2011-09-07,53.11,53.78,52.56,53.78,3256300,50.96
2011-09-06,51.33,52.61,50.99,52.52,3615100,49.76
2011-09-02,52.90,53.40,52.18,52.65,3931200,49.88
2011-09-01,54.33,54.38,53.40,53.85,3606200,51.02
2011-08-31,54.43,54.79,53.89,54.37,3384600,51.51
2011-08-30,53.85,54.38,53.50,54.02,3383200,51.18
2011-08-29,53.55,54.00,53.41,54.00,3058100,51.16
2011-08-26,51.47,53.03,50.90,52.77,4239200,50.00
2011-08-25,53.07,53.52,51.33,51.71,4920400,48.99
2011-08-24,51.58,53.08,51.38,53.05,5596500,50.26
2011-08-23,50.17,51.63,49.88,51.63,4919100,48.92
2011-08-22,50.18,51.13,49.84,49.95,5300400,47.33
2011-08-19,48.48,50.47,48.30,49.41,6470700,46.81
2011-08-18,50.17,50.39,48.43,48.93,5035600,46.36
2011-08-17,51.18,51.65,50.71,51.34,3099600,48.64
2011-08-16,51.33,51.57,50.71,51.03,4555600,48.35
2011-08-15,51.85,51.96,51.08,51.60,4191500,48.89
2011-08-12,52.23,52.31,50.92,51.34,6065600,48.64
2011-08-11,48.61,52.15,48.61,51.45,7656400,48.75
2011-08-10,49.92,49.93,48.12,48.27,10710800,45.73
2011-08-09,48.48,50.42,47.54,50.34,10879800,47.70
2011-08-08,49.77,50.39,47.77,47.82,8471900,45.31
2011-08-05,50.52,51.16,49.11,50.71,7107800,48.05
2011-08-04,50.53,51.02,50.13,50.39,6340800,47.74
2011-08-03,50.77,51.09,49.93,51.05,5942100,48.37
2011-08-02,52.37,52.56,50.95,50.98,4105300,48.30
2011-08-01,53.39,53.39,52.03,52.66,3150100,49.89
2011-07-29,51.95,53.23,51.89,52.82,4175700,50.05
2011-07-28,52.33,53.46,52.30,52.68,5522900,49.91
2011-07-27,53.41,53.56,52.20,52.40,4623000,49.65
2011-07-26,53.81,54.19,53.40,53.73,2764900,50.91
2011-07-25,54.34,54.45,53.79,53.84,2756100,51.01
2011-07-22,54.93,55.00,54.53,54.57,2935600,51.70
2011-07-21,54.60,54.85,54.09,54.50,4725300,51.64
2011-07-20,55.08,55.14,54.20,54.34,2817600,51.49
2011-07-19,55.16,55.20,54.66,55.16,3136000,52.26
2011-07-18,55.36,55.65,54.67,54.85,3100000,51.97
2011-07-15,56.66,56.73,55.29,55.51,4634100,52.59
2011-07-14,56.91,57.75,55.58,56.37,9930500,53.41
2011-07-13,55.41,56.55,55.40,55.58,6434900,52.66
2011-07-12,55.36,55.75,55.18,55.23,3519700,52.09
2011-07-11,55.19,56.07,55.08,55.51,3573100,52.36
2011-07-08,55.15,55.63,54.88,55.61,3342000,52.45
2011-07-07,54.88,56.00,54.75,55.59,6196300,52.43
2011-07-06,56.24,56.65,56.02,56.15,2853600,52.96
2011-07-05,56.97,56.97,56.38,56.60,2874700,53.38
2011-07-01,55.29,57.04,55.29,56.75,3358700,53.53
2011-06-30,55.41,55.54,54.97,55.24,2608500,52.10
2011-06-29,55.50,55.95,55.03,55.23,3151800,52.09
2011-06-28,54.50,55.40,54.44,55.37,2880500,52.22
2011-06-27,53.78,54.64,53.53,54.40,3036300,51.31
2011-06-24,54.41,54.68,53.78,53.84,3918800,50.78
2011-06-23,54.21,54.78,53.82,54.40,6055500,51.31
2011-06-22,55.26,55.63,54.72,54.74,3231900,51.63
2011-06-21,54.90,55.75,54.77,55.49,3909800,52.34
2011-06-20,54.82,55.05,54.33,54.57,3985400,51.47
2011-06-17,54.99,55.30,54.56,54.83,3140800,51.72
2011-06-16,53.97,54.75,53.88,54.43,3670400,51.34
2011-06-15,53.62,54.42,53.39,54.03,3915400,50.96
2011-06-14,53.99,54.20,53.60,53.98,2185000,50.91
2011-06-13,52.86,53.27,52.50,53.03,2489300,50.02
2011-06-10,53.46,53.68,52.73,52.80,2342400,49.80
2011-06-09,53.70,54.03,53.24,53.70,2287100,50.65
2011-06-08,53.96,54.49,53.48,53.56,3236500,50.52
2011-06-07,53.98,54.79,53.98,54.15,3502800,51.07
2011-06-06,54.28,54.98,53.88,53.88,3382400,50.82
2011-06-03,53.91,54.73,53.84,54.42,4306000,51.33
2011-06-02,54.42,54.63,53.93,54.49,3069800,51.39
2011-06-01,55.30,55.39,54.46,54.46,3228800,51.37
2011-05-31,55.85,55.98,55.04,55.32,4951600,52.18
2011-05-27,56.32,56.41,55.30,55.45,3518800,52.30
2011-05-26,55.78,56.20,55.56,56.07,2146400,52.88
2011-05-25,55.57,56.05,55.47,55.86,2429500,52.69
2011-05-24,55.81,56.08,55.52,55.67,3341400,52.51
2011-05-23,55.78,56.16,55.70,55.81,3812600,52.64
2011-05-20,56.83,56.98,55.87,56.26,5709800,53.06
2011-05-19,55.98,56.78,55.78,56.69,3632300,53.47
2011-05-18,54.75,55.65,54.59,55.62,4862700,52.46
2011-05-17,53.79,54.68,53.48,54.66,3579400,51.55
2011-05-16,54.77,54.86,54.03,54.08,2490200,51.01
2011-05-13,54.88,55.17,54.53,54.86,2379500,51.74
2011-05-12,54.49,54.93,54.09,54.73,3163700,51.62
2011-05-11,54.79,54.95,54.16,54.59,3470000,51.49
2011-05-10,54.49,55.39,54.47,54.88,3610700,51.76
2011-05-09,53.70,54.39,53.66,54.34,2520600,51.25
2011-05-06,53.81,54.27,53.49,53.64,2677200,50.59
2011-05-05,53.22,53.94,53.02,53.25,2889800,50.22
2011-05-04,53.90,54.02,53.14,53.43,2775300,50.39
2011-05-03,53.58,54.03,53.28,53.97,3627100,50.90
2011-05-02,53.79,53.97,53.40,53.50,2796400,50.46
2011-04-29,52.89,53.86,52.81,53.64,4185200,50.59
2011-04-28,52.49,53.25,52.35,52.83,3174600,49.83
2011-04-27,52.18,52.35,51.67,52.30,2858500,49.33
2011-04-26,53.20,53.31,52.03,52.18,4500000,49.22
2011-04-25,53.56,53.60,52.52,53.20,3985900,50.18
2011-04-21,54.65,54.98,53.57,53.65,7423600,50.60
2011-04-20,51.35,51.85,51.12,51.55,3425200,48.62
2011-04-19,50.39,50.94,50.11,50.89,3412500,48.00
2011-04-18,50.58,50.59,49.90,50.38,4151600,47.52
2011-04-15,50.83,51.19,50.57,51.12,2792800,48.22
2011-04-14,49.75,50.83,49.59,50.68,4260300,47.80
2011-04-13,49.89,50.12,49.71,49.98,2891000,47.14
2011-04-12,49.84,50.60,49.81,49.86,3886900,46.79
2011-04-11,49.58,50.06,49.57,49.97,3828300,46.89
2011-04-08,49.76,50.02,49.24,49.58,4127500,46.53
2011-04-07,49.96,50.35,49.30,49.42,4472100,46.38
2011-04-06,50.17,50.27,49.92,50.10,3896100,47.02
2011-04-05,50.70,50.77,49.90,49.96,5155100,46.89
2011-04-04,51.49,51.76,50.77,50.87,3090900,47.74
2011-04-01,51.48,51.88,51.28,51.40,2669000,48.24
2011-03-31,51.59,51.67,51.34,51.38,3562500,48.22
2011-03-30,51.50,51.82,51.41,51.73,4344400,48.55
2011-03-29,51.44,51.59,51.19,51.30,3493200,48.14
2011-03-28,51.98,52.23,51.44,51.47,2000300,48.30
2011-03-25,51.95,52.30,51.66,51.84,2232300,48.65
2011-03-24,51.40,51.92,51.22,51.90,1793800,48.71
2011-03-23,50.68,51.34,50.35,51.09,2457200,47.95
2011-03-22,51.33,51.35,50.63,50.82,1859400,47.69
2011-03-21,51.54,51.72,51.08,51.25,2618400,48.10
2011-03-18,51.51,51.69,50.80,51.00,2488900,47.86
2011-03-17,51.23,51.49,50.72,50.99,3724200,47.85
2011-03-16,50.92,51.38,50.53,50.85,3728300,47.72
2011-03-15,50.44,51.23,50.31,50.95,3093200,47.81
2011-03-14,52.19,52.43,51.52,51.90,2323100,48.71
2011-03-11,52.62,52.79,51.90,52.58,3157600,49.34
2011-03-10,52.05,53.19,51.86,52.85,4578000,49.60
2011-03-09,52.17,52.66,52.04,52.66,4196100,49.42
2011-03-08,51.04,52.19,51.03,52.15,4759000,48.94
2011-03-07,51.33,51.46,50.46,50.84,2781900,47.71
2011-03-04,50.68,51.04,50.56,50.97,3114600,47.83
2011-03-03,49.84,50.66,49.81,50.66,2606700,47.54
2011-03-02,49.67,49.80,48.91,49.48,2652700,46.44
2011-03-01,50.58,50.58,49.68,49.85,3417400,46.78
2011-02-28,50.10,50.53,49.96,50.33,2479800,47.23
2011-02-25,49.47,50.15,49.47,50.01,2569200,46.93
2011-02-24,48.98,49.48,48.67,49.37,2939400,46.33
2011-02-23,49.69,50.08,48.56,49.27,3540600,46.24
2011-02-22,50.96,51.05,49.57,49.72,4624900,46.66
2011-02-18,51.42,51.64,50.85,51.17,2372900,48.02
2011-02-17,51.13,51.44,50.83,51.38,2875100,48.22
2011-02-16,50.98,51.48,50.82,51.18,3120300,48.03
2011-02-15,50.08,50.86,49.90,50.73,3103900,47.61
2011-02-14,49.70,50.40,49.30,50.30,3073000,47.20
2011-02-11,49.22,49.82,49.08,49.77,2319800,46.71
2011-02-10,49.35,49.77,49.09,49.74,2830900,46.68
2011-02-09,49.41,49.79,49.14,49.50,2217500,46.45
2011-02-08,49.53,49.98,49.40,49.59,2438700,46.54
2011-02-07,49.34,49.87,49.10,49.40,3817500,46.36
2011-02-04,49.35,49.64,48.78,49.30,3622000,46.27
2011-02-03,49.11,50.17,49.00,49.23,8248300,46.20
2011-02-02,47.67,47.91,47.27,47.73,3843800,44.79
2011-02-01,46.93,47.76,46.76,47.42,3224300,44.50
2011-01-31,46.49,46.97,46.34,46.76,3755200,43.88
2011-01-28,47.75,48.24,46.27,46.40,5504900,43.54
2011-01-27,47.77,48.26,47.55,47.59,3916800,44.66
2011-01-26,48.15,48.26,47.75,47.77,3322100,44.83
2011-01-25,48.27,48.41,47.80,48.00,3188900,45.05
2011-01-24,48.24,48.42,48.05,48.30,3001500,45.33
2011-01-21,48.76,48.79,48.06,48.27,4008100,45.30
2011-01-20,49.27,49.51,48.53,48.64,3912800,45.65
2011-01-19,49.31,49.41,48.95,49.29,3288200,46.26
2011-01-18,47.83,49.51,47.78,49.25,5576300,46.22
2011-01-14,48.61,48.67,47.80,47.84,4967900,44.90
2011-01-13,49.24,49.42,48.82,48.90,2323600,45.89
2011-01-12,49.41,49.59,49.09,49.15,2267400,46.13
2011-01-11,49.95,49.98,49.19,49.27,2228500,46.00
2011-01-10,49.40,49.83,49.10,49.59,2997500,46.30
2011-01-07,49.01,49.62,48.89,49.52,3379100,46.24
2011-01-06,48.95,49.06,48.53,48.91,4095300,45.67
2011-01-05,48.13,48.80,48.00,48.57,3698900,45.35
2011-01-04,49.08,49.10,47.77,48.34,4908500,45.14
2011-01-03,49.30,49.51,48.98,49.09,3403900,45.84
2010-12-31,49.18,49.41,49.02,49.05,1147200,45.80
2010-12-30,49.58,49.65,49.18,49.31,1205200,46.04
2010-12-29,49.38,49.86,49.35,49.60,1763400,46.31
2010-12-28,49.57,49.64,48.92,49.23,1479800,45.97
2010-12-27,49.68,49.68,49.20,49.52,1002900,46.24
2010-12-23,49.99,50.27,49.54,49.66,1631000,46.37
2010-12-22,50.07,50.30,49.69,50.09,1466000,46.77
2010-12-21,49.71,50.13,49.47,50.02,2072900,46.70
2010-12-20,50.16,50.17,49.45,49.62,2328600,46.33
2010-12-17,50.08,50.28,49.68,50.05,3723000,46.73
2010-12-16,49.34,50.06,49.12,50.02,3304600,46.70
2010-12-15,49.40,49.66,49.15,49.34,3308700,46.07
2010-12-14,49.52,49.75,49.24,49.46,2620900,46.18
2010-12-13,50.34,50.61,49.46,49.47,2901300,46.19
2010-12-10,49.69,50.43,49.69,50.26,2985100,46.93
2010-12-09,50.64,50.73,49.50,49.66,5546500,46.37
2010-12-08,50.07,50.32,49.24,50.27,3505400,46.94
2010-12-07,50.27,50.79,49.95,50.42,3063300,47.08
2010-12-06,50.39,50.47,49.74,49.91,2819800,46.60
2010-12-03,50.66,50.80,50.11,50.57,2846400,47.22
2010-12-02,50.43,51.30,50.42,50.94,2864100,47.56
2010-12-01,50.83,50.96,50.23,50.41,3662900,47.07
2010-11-30,49.63,50.48,49.50,50.08,2802700,46.76
2010-11-29,49.79,50.18,49.36,50.02,3365300,46.70
2010-11-26,50.37,50.37,49.80,50.05,959700,46.73
2010-11-24,50.11,50.56,49.91,50.56,2321100,47.21
2010-11-23,50.12,50.35,49.47,49.70,3082100,46.40
2010-11-22,50.56,50.89,49.96,50.64,3055100,47.28
2010-11-19,50.62,50.81,50.30,50.79,2954000,47.42
2010-11-18,50.32,51.06,50.09,50.55,4729300,47.20
2010-11-17,49.22,49.68,48.64,49.64,5369000,46.35
2010-11-16,50.75,50.87,49.07,49.28,5376300,46.01
2010-11-15,51.06,51.33,50.46,51.12,3428600,47.73
2010-11-12,51.67,51.93,50.59,50.79,2889100,47.42
2010-11-11,51.10,52.10,51.05,51.90,3035700,48.46
2010-11-10,50.71,51.72,50.53,51.39,3044700,47.98
2010-11-09,51.80,51.83,50.51,50.66,3444800,47.30
2010-11-08,51.31,51.91,51.17,51.69,2902600,48.26
2010-11-05,51.64,51.66,51.20,51.33,2194800,47.93
2010-11-04,51.27,52.47,51.06,51.48,4209100,48.07
2010-11-03,50.66,51.10,50.36,50.84,2928800,47.47
2010-11-02,50.18,50.69,50.08,50.54,1708400,47.19
2010-11-01,49.90,50.18,49.47,49.80,2365800,46.50
2010-10-29,49.06,49.58,49.00,49.56,2294600,46.27
2010-10-28,49.36,49.39,48.79,49.26,2669500,45.99
2010-10-27,49.36,49.48,48.45,49.04,3549100,45.79
2010-10-26,49.77,49.90,49.51,49.81,2190100,46.51
2010-10-25,49.77,50.07,49.57,49.88,3653000,46.57
2010-10-22,48.97,49.63,48.78,49.57,2489400,46.28
2010-10-21,48.68,49.40,48.45,48.80,4087700,45.56
2010-10-20,48.05,48.72,47.83,48.44,3714300,45.23
2010-10-19,48.11,48.23,47.13,47.69,3603800,44.53
2010-10-18,48.79,48.83,48.48,48.62,2442500,45.40
2010-10-15,48.70,48.90,48.47,48.85,4277000,45.61
2010-10-14,48.10,48.44,47.72,48.42,4052200,45.21
2010-10-13,48.01,48.06,47.58,47.96,3165200,44.78
2010-10-12,47.35,47.93,47.16,47.90,2840500,44.49
2010-10-11,47.70,47.77,47.35,47.58,2204500,44.19
2010-10-08,47.34,48.01,47.03,47.65,4592800,44.26
2010-10-07,47.63,47.63,46.93,47.21,3616400,43.85
2010-10-06,46.92,47.45,46.72,47.36,6334400,43.99
2010-10-05,46.70,47.50,46.66,46.80,5868800,43.47
2010-10-04,46.37,46.65,46.09,46.42,3405600,43.12
2010-10-01,46.31,46.62,46.13,46.48,3935400,43.17
2010-09-30,46.56,46.85,45.96,46.06,4268800,42.78
2010-09-29,46.45,46.64,46.07,46.28,3198300,42.99
2010-09-28,46.42,46.63,45.94,46.44,6932200,43.13
2010-09-27,46.58,46.80,46.32,46.37,2600900,43.07
2010-09-24,46.18,46.75,46.09,46.50,3239900,43.19
2010-09-23,46.28,46.58,45.71,45.82,2637400,42.56
2010-09-22,46.41,46.63,46.11,46.47,3083000,43.16
2010-09-21,46.72,46.91,46.28,46.44,4916600,43.13
2010-09-20,45.80,46.66,45.70,46.58,2571200,43.26
2010-09-17,45.96,46.08,45.61,45.75,2970600,42.49
2010-09-16,45.99,46.13,45.52,45.82,2306200,42.56
2010-09-15,45.38,46.28,45.24,45.92,3920300,42.65
2010-09-14,45.50,46.25,45.29,45.52,4707600,42.28
2010-09-13,44.89,45.65,44.80,45.54,5800100,42.30
2010-09-10,44.03,44.55,43.84,44.52,3201700,41.35
2010-09-09,44.25,44.38,43.66,43.85,3329900,40.73
2010-09-08,44.18,44.89,44.04,44.51,3186300,41.34
2010-09-07,44.25,44.69,44.07,44.28,2875600,41.13
2010-09-03,43.85,44.38,43.67,44.35,4472700,41.19
2010-09-02,42.81,43.94,42.81,43.85,5365800,40.73
2010-09-01,42.00,42.70,41.94,42.60,8778200,39.57
2010-08-31,41.56,41.96,41.35,41.70,4691000,38.73
2010-08-30,42.29,42.38,41.70,41.70,2462100,38.73
2010-08-27,42.57,42.79,42.06,42.32,4829600,39.31
2010-08-26,42.49,42.66,42.26,42.36,5256000,39.35
2010-08-25,41.29,42.53,41.14,42.32,4708000,39.31
2010-08-24,41.41,41.96,41.00,41.59,3427600,38.63
2010-08-23,42.42,42.64,41.88,41.91,3419500,38.93
2010-08-20,41.55,42.40,41.55,42.32,2534800,39.31
2010-08-19,42.03,42.27,41.45,41.91,2693300,38.93
2010-08-18,41.81,42.47,41.60,42.17,2413300,39.17
2010-08-17,41.21,42.25,41.02,42.02,2886100,39.03
2010-08-16,40.73,41.04,40.51,40.93,1723300,38.02
2010-08-13,40.80,41.04,40.62,40.85,2005600,37.94
2010-08-12,40.70,41.17,40.54,41.00,2353300,38.08
2010-08-11,41.80,41.80,41.05,41.15,3474200,38.22
2010-08-10,42.43,42.72,42.00,42.39,3383500,39.37
2010-08-09,42.56,43.10,42.56,42.69,3011900,39.65
2010-08-06,42.00,42.40,41.73,42.36,3096000,39.35
2010-08-05,41.76,42.45,41.56,42.41,4055800,39.39
2010-08-04,41.59,41.89,41.41,41.75,2978300,38.78
2010-08-03,42.00,42.05,41.33,41.39,3191400,38.44
2010-08-02,41.79,42.16,41.72,42.04,2447700,39.05
2010-07-30,41.07,41.57,40.72,41.30,3076100,38.36
2010-07-29,41.84,42.14,41.09,41.33,3167600,38.39
2010-07-28,41.84,42.24,41.37,41.52,3252800,38.56
2010-07-27,42.36,42.56,41.87,41.94,3535600,38.95
2010-07-26,41.62,42.27,41.54,42.14,3435600,39.14
2010-07-23,41.00,41.70,40.85,41.62,4116000,38.66
2010-07-22,40.26,41.26,40.12,41.17,4664400,38.24
2010-07-21,41.29,41.29,39.67,39.86,5591800,37.02
2010-07-20,39.49,41.20,39.42,41.15,4036700,38.22
2010-07-19,40.07,40.33,39.57,40.00,3549800,37.15
2010-07-16,40.95,41.20,39.96,40.07,4388700,37.22
2010-07-15,41.00,41.27,40.31,41.20,5101700,38.27
2010-07-14,40.07,41.15,39.75,41.00,10737600,38.08
2010-07-13,41.74,41.82,41.21,41.71,6371100,38.55
2010-07-12,40.31,41.06,40.02,40.87,5249600,37.77
2010-07-09,39.89,40.33,39.89,40.27,2614200,37.22
2010-07-08,39.86,40.20,39.70,39.98,4057100,36.95
2010-07-07,38.82,39.77,38.66,39.71,4227900,36.70
2010-07-06,38.98,39.58,38.43,38.70,5080400,35.76
2010-07-02,39.14,39.25,38.41,38.53,3544300,35.61
2010-07-01,38.95,39.25,38.25,39.09,5311500,36.12
2010-06-30,39.40,39.67,38.94,39.04,4807900,36.08
2010-06-29,40.08,40.17,39.17,39.37,5326300,36.38
2010-06-28,41.13,41.21,40.47,40.52,2745800,37.45
2010-06-25,41.07,41.31,40.74,40.96,5058300,37.85
2010-06-24,41.21,41.37,40.81,40.97,6027800,37.86
2010-06-23,42.11,42.17,41.31,41.41,5298400,38.27
2010-06-22,43.15,43.15,41.92,41.99,5846300,38.81
2010-06-21,43.47,43.50,42.59,42.79,7752700,39.54
2010-06-18,42.69,42.79,42.33,42.49,4032300,39.27
2010-06-17,42.78,43.01,42.26,42.58,4891300,39.35
2010-06-16,43.01,43.03,42.58,42.73,4706600,39.49
2010-06-15,42.42,43.38,42.42,43.38,5845500,40.09
2010-06-14,42.21,42.74,42.07,42.18,3863000,38.98
2010-06-11,41.70,42.26,41.70,42.00,4021100,38.81
2010-06-10,41.78,42.31,41.66,42.05,3678600,38.86
2010-06-09,41.10,41.94,41.02,41.21,7873500,38.08
2010-06-08,39.82,40.95,39.46,40.89,6328000,37.79
2010-06-07,40.76,40.76,39.75,39.77,4714600,36.75
2010-06-04,41.36,41.60,40.70,40.86,4808700,37.76
2010-06-03,41.62,42.15,41.54,41.92,3924100,38.74
2010-06-02,40.58,41.41,40.25,41.41,3129000,38.27
2010-06-01,40.77,41.33,40.35,40.49,2935500,37.42
2010-05-28,41.25,41.65,40.77,40.95,2587000,37.84
2010-05-27,40.55,41.43,40.45,41.40,3731800,38.26
2010-05-26,40.32,40.71,39.94,39.99,5020600,36.96
2010-05-25,38.77,40.01,38.25,39.97,4940400,36.94
2010-05-24,40.04,40.31,39.69,39.76,3329700,36.74
2010-05-21,38.87,40.22,38.60,40.15,5906100,37.10
2010-05-20,39.98,40.41,39.58,39.64,6107300,36.63
2010-05-19,40.90,41.17,40.16,40.85,3751500,37.75
2010-05-18,41.75,42.10,41.02,41.10,3652000,37.98
2010-05-17,40.59,41.24,40.33,41.13,6519300,38.01
2010-05-14,41.13,41.33,40.24,40.57,4428300,37.49
2010-05-13,42.37,42.66,41.41,41.46,4546100,38.32
2010-05-12,42.19,42.50,41.77,42.41,4263600,39.19
2010-05-11,41.63,42.45,41.58,41.81,4348800,38.64
2010-05-10,40.99,42.20,40.93,42.08,8078000,38.89
2010-05-07,39.79,40.40,38.75,39.61,6960800,36.61
2010-05-06,41.05,41.50,37.54,40.07,5532800,37.03
2010-05-05,41.09,41.81,40.68,41.36,4175700,38.22
2010-05-04,42.81,42.81,41.55,41.68,4016100,38.52
2010-05-03,42.63,43.22,42.52,43.07,2755600,39.80
2010-04-30,42.85,42.94,42.25,42.42,3957400,39.20
2010-04-29,42.53,43.14,42.51,42.77,3616000,39.53
2010-04-28,42.90,42.96,41.98,42.35,4844200,39.14
2010-04-27,43.83,43.87,42.59,42.78,4519400,39.54
2010-04-26,43.53,44.00,43.48,43.94,4491500,40.61
2010-04-23,43.27,43.47,42.94,43.44,3214000,40.15
2010-04-22,42.98,43.27,42.75,43.18,3980200,39.90
2010-04-21,43.10,43.37,42.76,43.11,3024000,39.84
2010-04-20,42.91,43.12,42.53,43.10,3913400,39.83
2010-04-19,42.69,42.87,42.34,42.68,4433500,39.44
2010-04-16,42.50,42.75,42.04,42.70,9197700,39.46
2010-04-15,42.29,43.76,42.25,42.78,11340900,39.54
2010-04-14,41.14,41.84,41.09,41.68,9066500,38.52
2010-04-13,40.90,41.31,40.61,41.16,7127300,37.84
2010-04-12,40.91,41.11,40.70,40.78,4990900,37.49
2010-04-09,40.22,40.70,40.02,40.70,3933200,37.42
2010-04-08,40.11,40.21,39.78,40.07,4072300,36.84
2010-04-07,39.84,40.28,39.75,40.15,4739200,36.92
2010-04-06,39.99,40.07,39.75,39.80,5999800,36.59
2010-04-05,39.46,40.27,39.29,40.04,5697200,36.81
2010-04-01,38.48,39.24,38.48,39.20,5066100,36.04
2010-03-31,38.22,38.43,37.99,38.33,3273700,35.24
2010-03-30,38.17,38.49,38.10,38.38,3237000,35.29
2010-03-29,38.49,38.61,37.89,38.18,3621600,35.10
2010-03-26,38.17,38.39,38.10,38.27,2362600,35.19
2010-03-25,38.19,38.45,38.05,38.05,3482600,34.98
2010-03-24,38.28,38.28,37.89,37.92,3703700,34.86
2010-03-23,38.33,38.40,37.98,38.25,3376000,35.17
2010-03-22,37.79,38.24,37.79,38.15,3066700,35.08
2010-03-19,37.94,38.55,37.86,37.94,6181100,34.88
2010-03-18,38.54,38.63,38.10,38.15,4897600,35.08
2010-03-17,37.64,38.86,37.60,38.64,7070400,35.53
2010-03-16,37.70,37.73,37.30,37.63,2864300,34.60
2010-03-15,37.35,37.68,37.26,37.68,3186000,34.64
2010-03-12,37.50,37.60,37.09,37.47,4919200,34.45
2010-03-11,36.78,37.38,36.71,37.30,3677400,34.29
2010-03-10,36.69,36.97,36.47,36.88,5119500,33.91
2010-03-09,36.19,36.99,36.05,36.60,10655500,33.65
2010-03-08,35.10,35.65,35.02,35.41,4934800,32.56
2010-03-05,34.13,34.91,33.97,34.87,5539400,32.06
2010-03-04,34.09,34.22,33.74,34.02,2961100,31.28
2010-03-03,34.16,34.27,33.86,33.97,2779900,31.23
2010-03-02,34.04,34.15,33.88,34.08,4869500,31.33
2010-03-01,33.77,34.00,33.61,33.88,2826700,31.15
2010-02-26,33.73,33.86,33.59,33.72,2519100,31.00
2010-02-25,33.38,33.74,33.26,33.70,5097500,30.98
2010-02-24,33.73,33.81,33.46,33.71,2870200,30.99
2010-02-23,33.66,33.77,33.40,33.58,3043000,30.87
2010-02-22,33.80,33.84,33.49,33.68,3180100,30.97
2010-02-19,33.52,33.82,33.46,33.79,2951800,31.07
2010-02-18,33.67,33.87,33.55,33.67,2933300,30.96
2010-02-17,33.72,33.87,33.55,33.66,2774300,30.95
2010-02-16,33.40,33.65,33.35,33.60,3795600,30.89
2010-02-12,33.03,33.52,32.87,33.36,5830200,30.67
2010-02-11,33.13,33.43,32.93,33.39,3731700,30.70
2010-02-10,32.99,33.32,32.94,33.16,4203200,30.49
2010-02-09,32.90,33.21,32.49,33.07,7718600,30.41
2010-02-08,33.14,33.22,32.65,32.72,4953500,30.08
2010-02-05,33.49,33.63,32.74,32.98,7488100,30.32
2010-02-04,34.88,35.19,33.33,33.40,9977800,30.71
2010-02-03,35.52,35.59,34.97,35.34,3676400,32.49
2010-02-02,35.42,35.93,35.19,35.82,3342600,32.93
2010-02-01,34.45,35.45,34.39,35.42,3913100,32.57
2010-01-29,34.53,34.83,34.19,34.21,2942000,31.45
2010-01-28,34.99,35.22,34.30,34.34,3770700,31.57
2010-01-27,34.34,34.90,34.20,34.81,3594600,32.01
2010-01-26,34.10,34.53,34.05,34.33,2501700,31.56
2010-01-25,34.50,34.60,34.26,34.28,3681700,31.52
2010-01-22,34.69,35.00,34.26,34.29,3951300,31.53
2010-01-21,35.23,35.41,34.80,34.97,3889000,32.15
2010-01-20,35.39,35.59,34.99,35.15,3354900,32.32
2010-01-19,35.65,35.79,35.49,35.65,3559500,32.78
2010-01-15,36.27,36.32,35.51,35.67,4540600,32.80
2010-01-14,35.91,36.32,35.70,36.28,2982000,33.36
2010-01-13,35.83,36.10,35.53,35.89,4053200,33.00
2010-01-12,35.51,36.06,35.32,35.99,4769600,32.90
2010-01-11,34.88,35.56,34.70,35.32,4162600,32.28
2010-01-08,34.70,34.82,34.50,34.72,2712000,31.74
2010-01-07,34.57,34.81,34.50,34.71,1763100,31.73
2010-01-06,34.95,35.16,34.66,34.72,3004300,31.74
2010-01-05,35.12,35.16,34.81,34.97,2371500,31.97
2010-01-04,35.12,35.28,35.05,35.09,2129600,32.07
2009-12-31,35.20,35.45,34.96,34.97,1287000,31.97
2009-12-30,35.23,35.43,35.12,35.21,1356000,32.18
2009-12-29,35.25,35.44,35.22,35.22,2045100,32.19
2009-12-28,35.52,35.53,35.09,35.16,1795900,32.14
2009-12-24,35.45,35.57,35.32,35.38,1028500,32.34
2009-12-23,35.23,35.45,35.11,35.40,1893500,32.36
2009-12-22,35.01,35.39,34.82,35.06,2210000,32.05
2009-12-21,34.71,35.04,34.33,35.00,2853000,31.99
2009-12-18,34.43,34.58,34.26,34.51,3836900,31.54
2009-12-17,34.38,34.69,34.26,34.35,2473500,31.40
2009-12-16,34.90,34.93,34.48,34.58,1896600,31.61
2009-12-15,34.73,34.83,34.49,34.59,2588500,31.62
2009-12-14,34.75,34.95,34.51,34.83,3505700,31.84
2009-12-11,34.49,34.72,34.35,34.46,2340900,31.50
2009-12-10,34.75,34.96,34.27,34.30,4575400,31.35
2009-12-09,34.05,34.62,33.89,34.56,7544800,31.59
2009-12-08,33.64,34.20,33.64,34.11,6984500,31.18
2009-12-07,33.84,34.28,33.84,34.10,5064200,31.17
2009-12-04,34.91,35.00,33.20,34.03,15261700,31.11
2009-12-03,35.45,35.55,35.09,35.13,6062700,32.11
2009-12-02,35.36,35.50,35.19,35.32,3291500,32.28
2009-12-01,35.57,35.57,35.16,35.29,3865500,32.26
2009-11-30,35.48,35.60,35.16,35.27,3173200,32.24
2009-11-27,35.06,35.53,34.89,35.40,1440900,32.36
2009-11-25,35.70,35.80,35.33,35.71,2064000,32.64
2009-11-24,35.83,35.87,35.41,35.57,2993300,32.51
2009-11-23,36.20,36.20,35.78,35.87,3110700,32.79
2009-11-20,35.51,35.77,35.35,35.73,3323300,32.66
2009-11-19,35.72,35.75,35.23,35.65,2645900,32.59
2009-11-18,36.12,36.15,35.54,35.91,2709900,32.82
2009-11-17,35.80,36.09,35.61,36.06,2995900,32.96
2009-11-16,35.16,36.00,35.12,35.91,2795700,32.82
2009-11-13,34.96,35.59,34.83,35.29,2557500,32.26
2009-11-12,35.63,35.89,35.09,35.27,2944100,32.24
2009-11-11,35.79,35.91,35.46,35.74,2374600,32.67
2009-11-10,35.90,35.95,35.29,35.58,2977500,32.52
2009-11-09,35.37,35.80,35.13,35.80,3664900,32.72
2009-11-06,34.82,35.32,34.65,35.23,5569000,32.20
2009-11-05,34.06,34.83,34.00,34.80,5487500,31.81
2009-11-04,33.22,34.10,33.13,33.79,8416400,30.89
2009-11-03,32.90,33.50,32.84,33.06,5582200,30.22
2009-11-02,33.26,33.69,32.78,33.12,10198100,30.27
2009-10-30,33.78,34.00,32.95,32.95,8179000,30.12
2009-10-29,33.70,34.02,33.52,33.74,5628400,30.84
2009-10-28,33.85,34.25,33.44,33.50,4392300,30.62
2009-10-27,34.09,34.15,33.62,33.91,5138800,31.00
2009-10-26,34.38,34.39,33.86,34.00,4578000,31.08
2009-10-23,35.14,35.14,34.10,34.29,4495900,31.34
2009-10-22,34.77,35.15,34.55,35.00,4522200,31.99
2009-10-21,35.17,35.52,34.54,34.55,5687700,31.58
2009-10-20,35.81,35.98,35.06,35.12,5018300,32.10
2009-10-19,35.18,35.89,35.10,35.82,4109800,32.74
2009-10-16,34.74,35.50,34.74,35.25,6495100,32.22
2009-10-15,34.65,35.45,34.57,35.36,8925100,32.32
2009-10-14,35.06,35.14,34.35,34.81,6336300,31.82
2009-10-13,35.29,35.46,34.77,34.92,5881000,31.73
2009-10-12,35.15,35.52,35.04,35.34,3871400,32.11
2009-10-09,34.44,35.04,34.18,35.00,4951400,31.80
2009-10-08,34.52,34.81,34.48,34.52,6193500,31.36
2009-10-07,34.79,35.11,33.86,34.37,15637900,31.23
2009-10-06,34.78,35.28,34.73,34.86,10463500,31.67
2009-10-05,33.57,34.95,33.57,34.85,13081100,31.66
2009-10-02,32.80,33.38,32.69,33.15,5749000,30.12
2009-10-01,33.71,33.85,33.11,33.13,7948900,30.10
2009-09-30,32.63,34.21,32.52,33.76,12289100,30.67
2009-09-29,32.81,33.15,32.68,32.78,4058800,29.78
2009-09-28,32.58,33.00,32.53,32.81,3967000,29.81
2009-09-25,33.06,33.06,32.50,32.50,4965400,29.53
2009-09-24,33.08,33.27,32.66,33.13,5068800,30.10
2009-09-23,33.53,33.59,32.93,32.93,4162200,29.92
2009-09-22,33.89,33.98,33.49,33.53,3108300,30.46
2009-09-21,34.04,34.35,33.73,33.80,5867800,30.71
2009-09-18,34.44,34.93,34.25,34.74,4907900,31.56
2009-09-17,33.95,34.42,33.95,34.20,5736600,31.07
2009-09-16,33.70,34.12,33.59,34.01,5385500,30.90
2009-09-15,33.39,33.96,33.39,33.62,6396200,30.55
2009-09-14,33.12,33.60,33.12,33.46,5226700,30.40
2009-09-11,33.53,33.56,32.85,33.40,7302200,30.35
2009-09-10,33.60,33.71,33.17,33.53,6238400,30.46
2009-09-09,33.87,33.89,33.00,33.60,8415700,30.53
2009-09-08,34.32,34.45,33.97,34.19,1904100,31.06
2009-09-04,33.66,34.08,33.39,34.04,1936600,30.93
2009-09-03,33.54,33.84,33.06,33.57,4259600,30.50
2009-09-02,33.61,33.72,33.29,33.36,4604700,30.31
2009-09-01,34.24,34.39,33.65,33.72,4440800,30.64
2009-08-31,34.63,34.77,33.96,34.25,3810000,31.12
2009-08-28,34.99,35.19,34.77,34.92,4364000,31.73
2009-08-27,35.00,35.00,34.44,34.90,2644300,31.71
2009-08-26,35.21,35.36,34.76,35.03,2873900,31.83
2009-08-25,35.47,35.95,34.99,35.17,3830800,31.95
2009-08-24,36.02,36.16,35.10,35.15,3221300,31.94
2009-08-21,35.57,36.06,35.28,36.02,3196200,32.73
2009-08-20,34.95,35.31,34.89,35.28,2922700,32.05
2009-08-19,34.52,35.08,34.41,34.93,2532200,31.74
2009-08-18,34.68,34.90,34.46,34.86,3588700,31.67
2009-08-17,34.39,34.62,34.07,34.50,3892400,31.35
2009-08-14,35.14,35.31,34.44,34.94,3212500,31.75
2009-08-13,35.23,35.29,34.65,35.10,2847600,31.89
2009-08-12,35.04,35.75,35.03,35.20,3068900,31.98
2009-08-11,35.66,35.88,34.56,35.13,8073500,31.92
2009-08-10,36.37,36.56,36.20,36.53,2286500,33.19
2009-08-07,36.39,36.67,36.09,36.56,3169200,33.22
2009-08-06,36.43,36.49,35.79,36.05,5090700,32.75
2009-08-05,36.37,36.96,36.15,36.56,4478600,33.22
2009-08-04,35.61,36.40,35.53,36.24,4749900,32.93
2009-08-03,35.82,35.95,35.48,35.74,4933100,32.47
2009-07-31,35.35,35.82,35.35,35.46,4677500,32.22
2009-07-30,34.80,35.46,34.44,35.30,7246800,32.07
2009-07-29,33.86,34.39,33.70,33.95,5842600,30.85
2009-07-28,33.82,34.26,33.66,33.99,4798600,30.88
2009-07-27,33.73,34.06,33.44,34.05,5404400,30.94
2009-07-24,33.53,34.03,33.28,33.90,5789400,30.80
2009-07-23,33.42,34.09,33.19,33.71,5627100,30.63
2009-07-22,33.28,34.19,33.28,33.68,3789500,30.60
2009-07-21,33.73,34.00,33.25,33.38,4810700,30.33
2009-07-20,33.71,33.90,33.52,33.70,4007900,30.62
2009-07-17,33.64,33.99,33.36,33.61,5131000,30.54
2009-07-16,34.04,34.27,33.34,33.65,9835200,30.57
2009-07-15,34.40,34.79,33.62,34.05,24315500,30.94
2009-07-14,35.96,36.65,35.46,36.23,8348700,32.74
2009-07-13,35.28,35.75,34.62,35.67,4515400,32.24
2009-07-10,34.85,35.48,34.59,34.98,3516700,31.62
2009-07-09,35.32,35.36,34.62,35.00,3542000,31.63
2009-07-08,34.62,35.32,34.61,35.21,6280900,31.82
2009-07-07,35.13,35.13,34.40,34.50,3702500,31.18
2009-07-06,34.09,35.13,34.05,34.85,4492400,31.50
2009-07-02,34.86,34.90,34.25,34.25,4746900,30.96
2009-07-01,34.74,35.43,34.32,35.02,6301200,31.65
2009-06-30,33.39,33.72,33.05,33.34,5044100,30.13
2009-06-29,33.37,33.57,32.82,33.32,3533000,30.11
2009-06-26,33.47,33.56,32.95,33.23,5769400,30.03
2009-06-25,32.46,33.90,32.46,33.64,4756300,30.40
2009-06-24,33.43,33.43,32.24,32.57,6373100,29.44
2009-06-23,33.47,33.50,32.59,32.69,3754400,29.55
2009-06-22,34.17,34.32,33.05,33.38,4654400,30.17
2009-06-19,34.38,34.85,34.19,34.48,4741600,31.16
2009-06-18,34.12,34.66,33.80,34.06,2459000,30.78
2009-06-17,33.86,34.42,33.60,34.01,3624700,30.74
2009-06-16,34.73,34.73,33.63,33.86,2885800,30.60
2009-06-15,34.72,34.72,34.07,34.54,3675100,31.22
2009-06-12,34.08,35.05,33.98,35.01,3777300,31.64
2009-06-11,34.76,35.12,34.17,34.20,3540300,30.91
2009-06-10,35.79,36.11,34.39,34.77,4286400,31.43
2009-06-09,35.79,36.17,35.37,35.61,2339100,32.18
2009-06-08,35.46,36.00,34.84,35.74,3280600,32.30
2009-06-05,36.22,36.22,35.42,35.76,3606500,32.32
2009-06-04,36.56,36.64,35.58,35.81,4741700,32.37
2009-06-03,36.09,36.67,35.83,36.64,3733400,33.12
2009-06-02,36.04,36.75,35.78,36.44,4381500,32.93
2009-06-01,34.99,35.96,34.86,35.89,5200000,32.44
2009-05-29,34.31,34.63,33.72,34.63,2899600,31.30
2009-05-28,34.12,34.75,33.39,34.08,3436200,30.80
2009-05-27,35.00,35.22,34.12,34.22,4587300,30.93
2009-05-26,34.00,35.32,33.86,34.95,6787900,31.59
2009-05-22,33.54,34.38,33.09,33.85,5676500,30.59
2009-05-21,33.46,33.72,32.94,33.21,4571000,30.02
2009-05-20,34.57,35.00,33.75,33.91,4621000,30.65
2009-05-19,34.50,34.71,33.92,34.37,5671200,31.06
2009-05-18,33.54,34.51,33.07,34.47,5199100,31.15
2009-05-15,32.16,33.68,32.16,33.16,7447300,29.97
2009-05-14,31.72,32.75,31.72,32.17,5342200,29.08
2009-05-13,32.50,32.55,31.54,31.61,4399400,28.57
2009-05-12,33.94,34.00,32.66,32.94,4562200,29.77
2009-05-11,33.54,34.09,33.30,33.70,4187500,30.46
2009-05-08,34.30,34.45,33.22,33.92,4564900,30.66
2009-05-07,35.51,35.67,33.63,33.94,5957400,30.68
2009-05-06,35.50,35.50,34.23,35.35,8178700,31.95
2009-05-05,33.79,35.36,33.79,35.21,6348800,31.82
2009-05-04,33.48,34.25,32.83,34.05,7375100,30.77
2009-05-01,33.38,33.69,32.87,33.10,4477500,29.92
2009-04-30,34.22,34.56,33.16,33.35,5236000,30.14
2009-04-29,33.95,34.31,33.59,33.84,5233800,30.58
2009-04-28,33.54,34.36,33.54,33.81,5351900,30.56
2009-04-27,33.71,35.00,33.63,34.53,5587400,31.21
2009-04-24,34.64,35.24,34.11,34.87,6925700,31.52
2009-04-23,33.77,35.20,33.55,34.52,12164200,31.20
2009-04-22,32.78,32.96,31.54,32.09,7849000,29.00
2009-04-21,31.04,32.29,31.04,32.17,5192700,29.08
2009-04-20,31.90,31.90,31.22,31.33,5039900,28.32
2009-04-17,31.96,32.61,31.92,32.07,6505700,28.99
2009-04-16,30.51,32.10,30.28,31.82,5937100,28.76
2009-04-15,30.00,30.53,29.26,30.26,8067200,27.35
2009-04-14,29.81,30.00,29.48,29.50,6290500,26.66
2009-04-13,30.35,30.35,29.83,29.99,3863700,27.11
2009-04-09,30.14,30.46,29.97,30.28,5189200,27.37
2009-04-08,28.95,29.53,28.90,29.53,3498500,26.69
2009-04-07,29.43,29.43,28.66,28.78,3093800,26.01
2009-04-06,29.75,30.14,29.55,29.85,3196900,26.81
2009-04-03,29.92,30.33,29.70,30.33,3930200,27.24
2009-04-02,28.81,30.96,28.54,30.03,9325700,26.97
2009-04-01,27.17,28.38,27.08,28.30,5138700,25.41
2009-03-31,27.99,27.99,27.40,27.48,6371400,24.68
2009-03-30,28.26,28.31,27.44,27.66,5649600,24.84
2009-03-27,29.54,29.54,28.67,28.79,3893600,25.85
2009-03-26,28.73,29.88,28.39,29.86,5336400,26.82
2009-03-25,28.30,28.49,27.56,28.43,4275300,25.53
2009-03-24,28.30,28.98,28.07,28.23,4393600,25.35
2009-03-23,27.11,28.61,26.77,28.59,5075700,25.68
2009-03-20,27.25,27.43,26.25,26.61,5113700,23.90
2009-03-19,27.97,27.97,26.63,27.12,5022500,24.36
2009-03-18,27.26,27.86,26.91,27.62,5958000,24.80
2009-03-17,26.62,27.40,26.49,27.38,4116500,24.59
2009-03-16,27.16,27.43,26.58,26.65,4239200,23.93
2009-03-13,26.81,27.07,26.40,26.98,3820300,24.23
2009-03-12,25.40,26.90,25.07,26.73,5567300,24.01
2009-03-11,25.06,25.64,24.48,25.40,5540000,22.81
2009-03-10,23.94,25.00,23.66,24.94,5817900,22.40
2009-03-09,24.03,24.41,23.37,23.47,6176500,21.08
2009-03-06,24.70,24.90,23.97,24.50,5718800,22.00
2009-03-05,25.10,25.65,24.56,24.65,6375200,22.14
2009-03-04,25.03,26.09,24.92,25.71,6048500,23.09
2009-03-03,25.42,25.50,24.35,24.61,7139800,22.10
2009-03-02,25.72,26.27,24.90,24.96,7053100,22.42
2009-02-27,26.14,26.76,26.02,26.28,6619600,23.60
2009-02-26,27.96,28.17,26.69,26.70,5206800,23.98
2009-02-25,27.90,28.36,27.60,27.73,6881300,24.90
2009-02-24,27.63,28.36,27.63,28.10,6871200,25.24
2009-02-23,28.60,28.60,27.35,27.45,5894400,24.65
2009-02-20,28.16,28.49,27.68,28.13,6082600,25.26
2009-02-19,29.06,29.64,28.49,28.63,4011000,25.71
2009-02-18,28.89,29.17,28.44,28.94,5111700,25.99
2009-02-17,28.07,29.00,27.56,28.63,5120600,25.71
2009-02-13,29.39,29.71,29.10,29.14,3278900,26.17
2009-02-12,28.10,29.61,28.10,29.48,5062900,26.47
2009-02-11,29.12,29.21,28.46,28.97,3149400,26.02
2009-02-10,29.94,30.29,28.72,28.90,4195100,25.95
2009-02-09,30.12,30.45,29.32,30.29,3384000,27.20
2009-02-06,29.28,30.29,29.17,30.08,4646200,27.01
2009-02-05,28.03,29.40,27.70,29.29,6214300,26.30
2009-02-04,27.61,29.20,27.61,28.10,5393500,25.24
2009-02-03,27.67,28.48,27.31,28.27,5720200,25.39
2009-02-02,28.22,28.25,27.45,27.57,6769600,24.76
2009-01-30,29.62,29.63,28.40,28.62,4505600,25.70
2009-01-29,29.93,30.30,29.45,29.55,3682700,26.54
2009-01-28,29.68,30.47,29.36,30.22,4367200,27.14
2009-01-27,28.78,29.29,28.52,29.12,2894000,26.15
2009-01-26,29.15,29.25,27.62,28.62,7418700,25.70
2009-01-23,29.50,29.58,28.54,29.08,3510600,26.12
2009-01-22,29.07,30.32,28.70,29.68,3927900,26.65
2009-01-21,29.13,29.33,28.28,29.12,4110800,26.15
2009-01-20,29.76,30.00,28.59,28.66,4293200,25.74
2009-01-16,29.92,30.15,29.13,29.91,3158900,26.86
2009-01-15,28.62,30.00,28.28,29.55,4013800,26.54
2009-01-14,29.36,29.36,28.32,28.70,3802500,25.77
2009-01-13,30.52,30.90,29.65,29.89,3483000,26.67
2009-01-12,30.49,30.93,30.17,30.52,3635300,27.23
2009-01-09,31.48,31.50,30.55,30.62,3375500,27.32
2009-01-08,31.33,31.55,30.73,31.49,3664800,28.10
2009-01-07,32.28,32.62,31.41,31.64,3844100,28.23
2009-01-06,32.85,33.44,32.54,32.81,3568900,29.28
2009-01-05,32.02,33.00,31.81,32.87,4798400,29.33
2009-01-02,31.82,32.13,31.42,32.00,2596800,28.56
2008-12-31,30.98,31.70,30.81,31.50,2912100,28.11
2008-12-30,30.31,30.92,30.31,30.91,2764800,27.58
2008-12-29,30.36,30.83,29.52,29.91,2385400,26.69
2008-12-26,30.39,30.71,29.95,30.28,937000,27.02
2008-12-24,30.26,30.59,30.06,30.39,878800,27.12
2008-12-23,30.29,31.40,29.83,30.13,2848300,26.89
2008-12-22,30.27,30.70,29.60,30.22,2457600,26.97
2008-12-19,30.22,30.92,29.82,30.39,4940700,27.12
2008-12-18,30.62,31.07,29.56,30.04,3169800,26.81
2008-12-17,29.50,30.97,29.42,30.54,5016200,27.25
2008-12-16,28.38,30.00,28.09,29.96,4982400,26.73
2008-12-15,27.89,28.44,27.57,28.13,4955000,25.10
2008-12-12,27.50,28.19,27.00,27.86,4735400,24.86
2008-12-11,29.72,30.00,27.74,28.19,5064900,25.16
2008-12-10,28.04,29.98,27.89,29.91,5847900,26.69
2008-12-09,28.89,28.89,27.66,28.05,3868000,25.03
2008-12-08,29.52,29.81,28.73,28.91,4733300,25.80
2008-12-05,27.76,29.13,26.71,29.00,7259900,25.88
2008-12-04,26.71,28.22,26.59,27.71,5670000,24.73
2008-12-03,25.00,27.19,24.75,27.04,4704200,24.13
2008-12-02,25.21,25.45,24.31,25.23,4227100,22.51
2008-12-01,26.41,26.46,24.91,24.97,4103600,22.28
2008-11-28,26.57,26.95,26.57,26.94,1674500,24.04
2008-11-26,25.15,26.87,25.04,26.74,3021800,23.86
2008-11-25,25.81,26.58,24.85,25.59,5157700,22.84
2008-11-24,24.58,25.93,24.19,25.32,6302200,22.59
2008-11-21,22.65,24.34,21.50,24.22,9687300,21.61
2008-11-20,24.14,24.59,22.21,22.25,9131800,19.85
2008-11-19,25.34,25.98,24.42,24.46,4504200,21.83
2008-11-18,25.23,25.99,24.45,25.37,3971300,22.64
2008-11-17,25.02,26.49,24.97,25.50,5328500,22.75
2008-11-14,25.52,26.26,24.85,24.98,3900500,22.29
2008-11-13,25.24,26.07,23.55,26.06,8573100,23.25
2008-11-12,25.50,25.84,24.95,25.12,4457400,22.42
2008-11-11,26.34,26.52,25.66,25.87,4047700,23.08
2008-11-10,28.02,28.99,26.43,26.66,4761800,23.79
2008-11-07,27.29,27.45,26.84,27.33,5007300,24.39
2008-11-06,28.03,28.76,26.96,27.06,4781800,24.15
2008-11-05,30.26,30.42,28.00,28.33,4884600,25.28
2008-11-04,30.15,30.74,29.78,30.60,3381000,27.31
2008-11-03,29.01,29.76,28.82,29.60,3028200,26.41
2008-10-31,29.50,29.60,28.61,29.01,4550800,25.89
2008-10-30,29.30,29.99,28.66,29.58,3908200,26.40
2008-10-29,29.25,29.69,28.24,28.48,5579700,25.41
2008-10-28,27.11,29.29,25.90,29.25,4954300,26.10
2008-10-27,25.53,27.08,25.16,26.24,6008000,23.42
2008-10-24,25.00,26.67,24.87,26.02,5052500,23.22
2008-10-23,26.74,27.34,25.44,26.81,6082400,23.92
2008-10-22,27.60,27.71,26.25,26.67,5185700,23.80
2008-10-21,28.68,29.05,27.68,27.83,2620400,24.83
2008-10-20,28.12,29.14,27.54,29.08,3411900,25.95
2008-10-17,26.87,28.65,26.30,27.80,4996800,24.81
2008-10-16,26.42,27.76,25.63,27.67,8136600,24.69
2008-10-15,28.01,28.38,26.21,26.26,4929000,23.43
2008-10-14,30.54,30.58,28.11,28.80,4197600,25.53
2008-10-13,28.58,29.96,28.00,29.18,6696100,25.87
2008-10-10,25.01,28.53,22.51,27.57,10251500,24.44
2008-10-09,28.44,28.94,26.61,26.68,6586700,23.65
2008-10-08,27.00,29.31,26.81,27.80,11938500,24.64
2008-10-07,28.51,29.80,26.90,27.50,7185200,24.38
2008-10-06,28.37,29.80,27.90,28.31,8025300,25.10
2008-10-03,31.87,32.03,30.62,30.79,4914600,27.29
2008-10-02,32.56,32.88,31.51,31.53,4172800,27.95
2008-10-01,32.52,33.22,32.03,32.74,3860600,29.02
2008-09-30,32.51,33.15,31.38,32.61,5674100,28.91
2008-09-29,33.48,33.87,31.84,32.13,5286300,28.48
2008-09-26,33.28,34.13,33.00,33.94,3803600,30.09
2008-09-25,34.96,35.19,33.66,33.83,7737100,29.99
2008-09-24,36.04,36.09,34.50,34.71,5491100,30.77
2008-09-23,37.25,37.42,36.00,36.10,4218700,32.00
2008-09-22,38.76,39.10,37.09,37.23,3256600,33.00
2008-09-19,39.30,40.25,37.51,39.23,4959000,34.78
2008-09-18,37.30,39.00,36.64,38.97,3979800,34.55
2008-09-17,37.92,38.50,37.11,37.16,4229500,32.94
2008-09-16,36.87,38.90,36.80,38.40,4702800,34.04
2008-09-15,37.14,38.97,36.90,37.91,3335200,33.61
2008-09-12,38.61,38.61,37.87,38.05,4649400,33.73
2008-09-11,37.66,39.14,37.24,39.10,3985500,34.66
2008-09-10,38.07,38.59,37.65,38.02,3095700,33.70
2008-09-09,38.93,39.22,38.00,38.01,3881800,33.69
2008-09-08,37.40,38.94,37.32,38.90,4735600,34.48
2008-09-05,36.41,37.07,36.02,36.96,3206100,32.76
2008-09-04,37.40,37.44,36.52,36.62,2828000,32.46
2008-09-03,37.52,37.80,37.19,37.56,5004300,33.30
2008-09-02,35.99,37.57,35.99,37.51,4820100,33.25
2008-08-29,36.26,36.64,35.66,35.68,2011300,31.63
2008-08-28,35.41,36.65,35.22,36.61,2457400,32.45
2008-08-27,35.74,35.74,35.00,35.27,1740600,31.27
2008-08-26,34.50,35.75,34.29,35.62,3735800,31.58
2008-08-25,36.01,36.17,35.50,35.59,1646700,31.55
2008-08-22,35.71,36.56,35.71,36.37,1845000,32.24
2008-08-21,35.08,35.71,35.01,35.57,2529400,31.53
2008-08-20,35.90,36.12,35.17,35.55,1886200,31.51
2008-08-19,36.26,36.40,35.66,35.82,1735700,31.75
2008-08-18,37.58,37.61,36.18,36.40,2288100,32.27
2008-08-15,36.55,38.00,36.55,37.40,1941400,33.15
2008-08-14,36.51,37.68,36.00,37.38,3264200,33.14
2008-08-13,37.91,37.99,36.57,36.88,3284900,32.69
2008-08-12,38.36,38.56,37.83,38.03,2386000,33.71
2008-08-11,38.22,39.15,37.81,38.68,2326900,34.29
2008-08-08,36.11,38.37,36.11,38.22,3747900,33.88
2008-08-07,37.28,37.28,36.03,36.14,4365800,32.04
2008-08-06,38.00,38.05,37.15,37.51,2859600,33.25
2008-08-05,36.00,38.09,35.99,38.07,4252500,33.75
2008-08-04,35.52,35.98,35.20,35.84,2102800,31.77
2008-08-01,36.07,36.24,35.21,35.35,2276500,31.34
2008-07-31,35.79,36.49,35.02,35.82,3919900,31.75
2008-07-30,35.09,35.92,35.09,35.75,2608700,31.69
2008-07-29,33.98,35.12,33.67,34.83,3095900,30.88
2008-07-28,34.17,34.33,33.49,33.78,4766400,29.94
2008-07-25,34.59,35.06,34.00,34.17,3655700,30.29
2008-07-24,35.90,35.92,34.20,34.37,5474900,30.47
2008-07-23,35.73,36.50,35.21,35.95,2880100,31.87
2008-07-22,34.93,35.86,34.64,35.75,5052200,31.69
2008-07-21,35.29,35.75,34.28,35.02,5073100,31.04
2008-07-18,34.77,35.46,34.32,35.15,7288100,31.16
2008-07-17,34.89,35.05,33.00,34.05,13154500,30.18
2008-07-16,35.34,36.60,35.12,36.47,5547500,32.33
2008-07-15,35.37,35.88,34.64,35.46,5303600,31.43
2008-07-14,36.04,36.24,35.34,35.72,4183600,31.66
2008-07-11,34.50,36.16,34.32,35.68,5473400,31.63
2008-07-10,35.46,35.71,34.82,34.88,5054500,30.92
2008-07-09,36.14,36.22,35.32,35.39,3127900,31.37
2008-07-08,35.35,36.24,35.35,36.18,3865400,31.90
2008-07-07,35.49,35.93,35.15,35.56,4109300,31.36
2008-07-03,35.37,35.70,35.12,35.41,1983600,31.22
2008-07-02,35.70,35.82,35.12,35.15,4759200,31.00
2008-07-01,34.76,35.48,34.50,35.44,6473600,31.25
2008-06-30,35.05,35.61,34.72,35.09,4526800,30.94
2008-06-27,35.22,35.48,34.47,35.01,6794100,30.87
2008-06-26,35.82,35.88,35.09,35.13,5387000,30.98
2008-06-25,36.17,36.84,36.02,36.29,5729900,32.00
2008-06-24,36.11,36.62,35.80,36.05,5930300,31.79
2008-06-23,36.62,36.97,36.13,36.19,5061800,31.91
2008-06-20,36.98,37.24,36.33,36.53,3212500,32.21
2008-06-19,36.83,37.60,36.53,37.33,3034900,32.92
2008-06-18,37.23,37.63,36.88,36.88,3010600,32.52
2008-06-17,38.01,38.06,37.37,37.39,2047100,32.97
2008-06-16,37.59,38.14,37.38,37.74,2450400,33.28
2008-06-13,37.30,38.00,37.12,37.87,2545700,33.39
2008-06-12,36.91,37.61,36.82,37.11,2812800,32.72
2008-06-11,37.62,37.62,36.75,36.88,4423200,32.52
2008-06-10,37.90,38.10,37.42,37.76,4432200,33.30
2008-06-09,38.21,39.08,37.69,38.03,3576100,33.53
2008-06-06,39.46,39.46,37.75,37.89,3989900,33.41
2008-06-05,39.10,39.66,39.03,39.48,2159700,34.81
2008-06-04,39.22,39.54,38.81,38.99,2307400,34.38
2008-06-03,39.09,39.60,38.73,39.25,3724800,34.61
2008-06-02,39.47,39.54,38.64,38.91,2223500,34.31
2008-05-30,40.15,40.15,39.39,39.70,3261700,35.01
2008-05-29,39.54,40.11,39.48,40.09,1974700,35.35
2008-05-28,39.17,39.74,39.15,39.44,2302700,34.78
2008-05-27,38.34,39.32,38.29,38.96,2179600,34.36
2008-05-23,38.97,38.97,38.09,38.49,2469000,33.94
2008-05-22,38.53,39.56,38.53,39.08,2318700,34.46
2008-05-21,39.86,39.90,38.47,38.50,4173100,33.95
2008-05-20,40.55,40.58,39.62,39.72,3586600,35.03
2008-05-19,40.93,41.32,40.66,40.79,2404200,35.97
2008-05-16,41.59,41.59,40.56,40.83,1881700,36.00
2008-05-15,40.98,41.45,40.70,41.34,3346000,36.45
2008-05-14,41.21,41.25,40.81,40.89,3561400,36.06
2008-05-13,40.62,41.06,40.53,40.94,3749500,36.10
2008-05-12,39.76,40.70,39.76,40.60,2683300,35.80
2008-05-09,39.93,40.42,39.59,39.74,1918500,35.04
2008-05-08,40.00,40.10,39.46,40.03,3219800,35.30
2008-05-07,40.64,40.73,39.71,39.79,3142100,35.09
2008-05-06,41.28,41.28,40.28,40.57,2645600,35.77
2008-05-05,40.78,40.78,40.04,40.44,2736800,35.66
2008-05-02,41.10,41.17,40.36,40.50,3044400,35.71
2008-05-01,40.01,41.17,39.80,40.79,3942300,35.97
2008-04-30,41.27,41.73,40.60,40.68,5033800,35.87
2008-04-29,40.78,41.09,40.66,40.88,3014800,36.05
2008-04-28,41.12,41.12,40.62,40.75,3693800,35.93
2008-04-25,40.77,41.11,40.36,41.05,3697000,36.20
2008-04-24,40.28,41.18,39.95,40.65,5240700,35.85
2008-04-23,39.25,40.92,38.54,40.30,6409500,35.54
2008-04-22,39.00,39.05,38.07,38.49,2980600,33.94
2008-04-21,39.58,39.58,38.81,39.07,2641400,34.45
2008-04-18,38.88,40.02,38.86,39.72,3019500,35.03
2008-04-17,38.35,38.74,37.90,38.68,2163500,34.11
2008-04-16,38.18,38.46,37.91,38.39,2751800,33.85
2008-04-15,37.89,38.18,37.34,38.06,2245800,33.56
2008-04-14,37.50,38.00,37.25,37.58,3006600,33.14
2008-04-11,37.41,37.87,37.28,37.47,2054400,33.04
2008-04-10,37.65,38.03,37.31,37.78,2428400,33.31
2008-04-09,38.54,38.75,37.41,37.58,2294600,33.14
2008-04-08,38.54,38.62,38.20,38.54,3024200,33.85
2008-04-07,39.07,39.07,38.29,38.74,2085900,34.03
2008-04-04,38.68,39.05,38.21,38.88,2137300,34.15
2008-04-03,38.75,38.94,38.09,38.57,3301800,33.88
2008-04-02,38.51,39.40,38.32,38.99,3477300,34.25
2008-04-01,37.22,38.69,37.22,38.66,2512300,33.96
2008-03-31,36.90,37.39,36.52,37.21,2381600,32.68
2008-03-28,37.81,37.81,36.69,36.85,2269100,32.37
2008-03-27,38.44,38.44,37.39,37.43,2899000,32.88
2008-03-26,38.07,38.15,37.55,37.91,2803500,33.30
2008-03-25,38.00,38.41,37.57,38.19,2728300,33.55
2008-03-24,37.49,38.18,37.46,37.91,2683100,33.30
2008-03-20,36.38,37.62,36.27,37.40,7448400,32.85
2008-03-19,37.80,37.80,36.18,36.20,3260100,31.80
2008-03-18,36.74,37.71,36.53,37.69,4802600,33.11
2008-03-17,35.12,36.87,35.02,36.45,3709100,32.02
2008-03-14,37.00,37.00,35.31,36.03,3756100,31.65
2008-03-13,35.82,36.90,35.35,36.72,4676000,32.25
2008-03-12,36.33,37.15,36.23,36.25,4705200,31.84
2008-03-11,35.67,36.28,34.98,36.23,4880000,31.82
2008-03-10,35.49,36.01,35.02,35.18,3645400,30.90
2008-03-07,35.62,35.74,34.80,35.13,4570500,30.86
2008-03-06,35.95,36.11,35.41,35.85,4828700,31.49
2008-03-05,35.40,36.22,35.17,36.20,5798000,31.80
2008-03-04,34.37,35.13,34.20,35.02,6459100,30.76
2008-03-03,34.34,34.69,33.70,34.62,5397000,30.41
2008-02-29,35.00,35.12,34.35,34.45,4160500,30.26
2008-02-28,36.49,36.49,35.28,35.29,2697600,31.00
2008-02-27,36.60,37.13,36.07,36.22,3517900,31.81
2008-02-26,36.25,37.11,36.08,36.77,3989200,32.30
2008-02-25,35.58,36.43,35.03,36.33,4737700,31.91
2008-02-22,34.63,34.95,34.03,34.85,2814600,30.61
2008-02-21,35.02,35.27,34.33,34.56,3604300,30.36
2008-02-20,34.79,35.12,34.60,34.95,3970700,30.70
2008-02-19,35.64,35.80,34.73,35.03,3054400,30.77
2008-02-15,34.78,35.31,34.60,35.26,3130300,30.97
2008-02-14,35.79,35.79,34.68,34.85,2711100,30.61
2008-02-13,35.27,35.79,35.01,35.71,4229100,31.37
2008-02-12,34.70,35.50,34.47,34.87,3520700,30.63
2008-02-11,34.33,34.50,33.83,34.42,3541600,30.23
2008-02-08,34.22,34.65,33.89,34.15,3614700,30.00
2008-02-07,33.92,34.75,33.53,34.36,5740000,30.18
2008-02-06,34.93,35.27,34.03,34.18,6489200,30.02
2008-02-05,34.86,35.95,34.16,34.76,10869700,30.53
2008-02-04,35.59,36.15,35.35,35.81,7775400,31.45
2008-02-01,34.21,35.33,33.90,35.24,8179600,30.95
2008-01-31,33.80,34.68,32.35,34.16,13698800,30.01
2008-01-30,35.74,36.00,34.75,34.80,6843200,30.57
2008-01-29,35.95,36.24,35.40,35.82,5226300,31.46
2008-01-28,34.74,35.99,34.74,35.65,8107100,31.31
2008-01-25,37.73,37.73,36.09,36.24,6493800,31.83
2008-01-24,36.00,37.62,35.77,37.30,7054000,32.76
2008-01-23,32.79,36.11,32.02,35.83,7647100,31.47
2008-01-22,31.01,33.71,30.99,33.12,6670500,29.09
2008-01-18,33.70,34.36,33.00,33.39,5761300,29.33
2008-01-17,34.10,34.83,33.23,33.47,6554300,29.40
2008-01-16,34.45,35.25,33.96,34.06,7025400,29.92
2008-01-15,36.31,36.35,34.68,34.68,7601800,30.46
2008-01-14,36.96,37.10,35.16,36.83,5663400,32.35
2008-01-11,38.57,38.70,36.27,36.34,9657200,31.92
2008-01-10,37.93,39.10,37.73,39.00,4074800,34.26
2008-01-09,36.65,38.17,36.65,38.17,4622800,33.53
2008-01-08,37.79,38.12,36.55,36.72,3798400,32.12
2008-01-07,36.82,37.93,36.82,37.68,4577000,32.96
2008-01-04,37.11,37.14,36.18,36.82,4354200,32.21
2008-01-03,38.07,38.22,37.13,37.35,2765600,32.67
2008-01-02,38.32,38.38,37.66,37.88,2970700,33.14
2007-12-31,38.49,38.67,37.97,38.27,1391200,33.48
2007-12-28,38.22,38.72,38.14,38.54,1452300,33.71
2007-12-27,38.75,38.75,37.94,37.96,1892000,33.21
2007-12-26,38.75,38.84,38.33,38.71,1409100,33.86
2007-12-24,38.79,39.08,38.36,38.66,845600,33.82
2007-12-21,37.76,38.57,37.49,38.47,3810100,33.65
2007-12-20,38.27,38.33,37.02,37.34,3432100,32.66
2007-12-19,37.90,38.14,37.47,37.93,2838100,33.18
2007-12-18,37.84,38.51,37.50,38.25,3315500,33.46
2007-12-17,38.30,38.37,37.50,37.50,2785100,32.80
2007-12-14,38.86,39.44,38.32,38.39,3693900,33.58
2007-12-13,39.11,39.58,38.83,39.39,4606500,34.46
2007-12-12,39.66,39.97,38.84,39.22,4000800,34.31
2007-12-11,39.45,39.71,38.87,38.87,4250300,34.00
2007-12-10,39.67,39.75,39.27,39.42,4319900,34.48
2007-12-07,39.13,39.86,38.98,39.48,3375900,34.54
2007-12-06,37.14,39.16,37.05,39.05,4144500,34.16
2007-12-05,37.39,37.40,36.84,37.15,3567400,32.50
2007-12-04,36.72,37.40,36.72,36.97,3741300,32.34
2007-12-03,37.07,37.48,36.71,36.87,3815100,32.25
2007-11-30,37.57,37.86,37.08,37.15,3843900,32.50
2007-11-29,37.15,37.34,36.74,37.20,2516700,32.54
2007-11-28,36.80,37.35,36.65,37.19,5586600,32.53
2007-11-27,37.09,37.10,36.41,36.86,3763500,32.24
2007-11-26,37.73,37.73,36.80,36.90,2784000,32.28
2007-11-23,37.50,37.76,37.23,37.65,1108300,32.94
2007-11-21,37.63,37.72,37.12,37.21,2164200,32.55
2007-11-20,37.94,38.09,37.25,37.87,2574000,33.13
2007-11-19,37.91,38.02,37.47,37.80,2467100,33.07
2007-11-16,38.13,38.24,37.55,38.07,3383800,33.30
2007-11-15,37.53,38.24,37.50,37.80,2572500,33.07
2007-11-14,38.48,39.21,37.57,37.76,2793900,33.03
2007-11-13,37.94,38.23,37.61,38.20,3332700,33.42
2007-11-12,38.54,38.54,37.62,37.70,3089200,32.98
2007-11-09,39.11,39.11,37.60,37.78,4909400,33.05
2007-11-08,37.76,38.66,37.76,38.49,2726000,33.67
2007-11-07,38.25,38.77,37.88,37.88,4623800,33.14
2007-11-06,38.84,38.87,38.36,38.87,3189000,34.00
2007-11-05,39.00,39.05,38.12,38.51,4779100,33.69
2007-11-02,38.50,39.11,38.00,39.07,5732200,34.18
2007-11-01,40.14,40.27,38.97,39.08,4706700,34.19
2007-10-31,40.50,40.50,39.90,40.27,3700000,35.23
2007-10-30,39.12,40.60,39.12,40.27,4635100,35.23
2007-10-29,39.39,39.41,38.91,39.12,2671600,34.22
2007-10-26,39.03,39.37,38.79,39.13,2818900,34.23
2007-10-25,37.90,39.14,37.88,39.07,4282600,34.18
2007-10-24,37.33,38.09,37.11,37.95,2938500,33.20
2007-10-23,37.71,37.90,37.19,37.58,2044600,32.87
2007-10-22,37.05,37.65,36.89,37.49,2648000,32.80
2007-10-19,37.55,38.00,37.42,37.47,4448100,32.78
2007-10-18,37.53,37.76,37.22,37.74,3535700,33.01
2007-10-17,37.75,37.91,37.32,37.53,4466600,32.83
2007-10-16,36.90,37.67,36.85,37.31,3111300,32.64
2007-10-15,37.43,37.72,36.76,36.91,2792500,32.29
2007-10-12,37.41,37.64,37.07,37.24,2836700,32.58
2007-10-11,38.11,38.34,37.12,37.20,4840400,32.54
2007-10-10,37.25,38.30,37.11,38.11,9540500,33.34
2007-10-09,38.34,38.34,37.51,38.11,14928200,33.21
2007-10-08,34.70,36.48,34.56,36.29,10843100,31.62
2007-10-05,33.99,34.69,33.75,34.35,2315100,29.93
2007-10-04,34.19,34.25,33.50,33.72,1733200,29.38
2007-10-03,34.15,34.56,33.99,34.17,2192400,29.77
2007-10-02,34.52,34.59,34.21,34.27,1831700,29.86
2007-10-01,34.02,34.63,33.65,34.45,2177500,30.02
2007-09-28,33.74,34.09,33.52,33.83,1715900,29.48
2007-09-27,33.60,33.76,33.47,33.69,1507300,29.36
2007-09-26,33.55,33.60,33.35,33.41,3107900,29.11
2007-09-25,34.01,34.05,33.32,33.33,3072200,29.04
2007-09-24,34.20,34.60,33.91,34.13,2009100,29.74
2007-09-21,34.63,34.99,34.03,34.28,3545000,29.87
2007-09-20,34.16,34.31,34.00,34.03,1595700,29.65
2007-09-19,33.68,34.57,33.68,34.25,3023000,29.84
2007-09-18,32.55,33.72,32.40,33.44,2538000,29.14
2007-09-17,32.48,32.67,32.24,32.42,1518500,28.25
2007-09-14,31.94,32.56,31.81,32.50,1807300,28.32
2007-09-13,31.61,32.40,31.60,32.09,3493700,27.96
2007-09-12,31.84,31.87,31.37,31.45,1626000,27.40
2007-09-11,31.69,32.05,31.58,31.88,2033800,27.78
2007-09-10,31.85,32.08,31.25,31.49,1691500,27.44
2007-09-07,32.18,32.30,31.62,31.71,2307200,27.63
2007-09-06,32.66,32.98,32.50,32.54,2155900,28.35
2007-09-05,32.36,32.86,32.16,32.72,1954300,28.51
2007-09-04,32.68,32.86,32.26,32.69,1931100,28.48
2007-08-31,32.61,33.00,32.44,32.72,1518100,28.51
2007-08-30,31.66,32.61,31.66,32.36,1890900,28.20
2007-08-29,32.56,32.56,31.55,32.34,2893800,28.18
2007-08-28,32.51,32.77,32.17,32.27,2406700,28.12
2007-08-27,33.07,33.35,32.70,32.72,1668500,28.51
2007-08-24,32.33,33.11,32.26,33.10,1738400,28.84
2007-08-23,32.46,32.55,31.90,32.21,1614900,28.07
2007-08-22,32.22,32.29,31.71,32.19,1661200,28.05
2007-08-21,31.21,31.73,31.12,31.61,1895500,27.54
2007-08-20,31.52,31.85,30.91,31.24,1993400,27.22
2007-08-17,31.00,31.50,29.50,31.30,4615600,27.27
2007-08-16,28.50,30.38,28.37,30.25,4664400,26.36
2007-08-15,30.57,30.97,29.54,29.62,2513800,25.81
2007-08-14,30.61,30.87,30.26,30.57,2514000,26.64
2007-08-13,31.32,31.62,30.57,30.72,2515000,26.77
2007-08-10,30.88,31.59,29.06,31.19,3918400,27.18
2007-08-09,30.53,32.13,29.59,30.10,5192300,26.23
2007-08-08,31.92,32.52,31.31,31.81,3242900,27.72
2007-08-07,32.85,32.85,31.13,31.92,3197300,27.81
2007-08-06,31.37,32.07,30.97,32.07,2452200,27.94
2007-08-03,32.05,32.18,31.28,31.30,2459400,27.27
2007-08-02,30.84,32.14,30.84,31.96,3592600,27.85
2007-08-01,31.17,32.34,31.17,31.62,3592000,27.55
2007-07-31,33.43,33.43,31.99,32.04,2634200,27.92
2007-07-30,31.85,32.38,31.76,32.31,4041500,28.15
2007-07-27,32.33,32.92,31.76,31.79,3298700,27.70
2007-07-26,33.27,33.29,31.71,32.15,4259900,28.01
2007-07-25,34.13,34.20,33.18,33.56,3426800,29.24
2007-07-24,33.90,34.84,33.80,33.88,2585300,29.52
2007-07-23,34.37,35.05,34.29,34.80,3692100,30.32
2007-07-20,34.20,34.71,33.93,34.13,4046500,29.74
2007-07-19,34.30,34.61,33.94,34.29,2687500,29.88
2007-07-18,33.91,34.29,33.65,34.25,3171000,29.84
2007-07-17,34.00,34.40,33.98,34.00,1806500,29.63
2007-07-16,34.82,34.82,33.67,34.08,3553500,29.70
2007-07-13,34.30,34.60,34.12,34.48,2860000,30.04
2007-07-12,34.09,34.53,33.61,34.22,6108100,29.82
2007-07-11,33.79,34.90,33.61,34.41,9125400,29.98
2007-07-10,33.75,34.00,32.95,32.95,3949100,28.58
2007-07-09,34.15,34.30,33.71,33.80,2381400,29.32
2007-07-06,33.84,34.26,33.77,34.05,1857000,29.53
2007-07-05,33.67,34.03,33.63,33.77,2404000,29.29
2007-07-03,33.81,33.96,33.60,33.78,1845600,29.30
2007-07-02,32.87,33.41,32.87,33.34,2955600,28.92
2007-06-29,32.81,33.11,32.66,32.72,2671100,28.38
2007-06-28,32.40,33.05,32.15,32.58,2653100,28.26
2007-06-27,32.02,32.45,31.57,32.37,2138200,28.08
2007-06-26,64.90,65.33,64.50,64.57,4660000,28.00
2007-06-25,64.84,65.36,64.32,64.60,1983400,28.02
2007-06-22,65.40,65.56,64.68,64.83,3722600,28.12
2007-06-21,66.37,66.43,65.05,65.46,3011600,28.39
2007-06-20,67.76,67.76,66.49,66.62,4793800,28.89
2007-06-19,67.38,67.89,66.86,67.75,2461000,29.38
2007-06-18,68.18,68.18,66.96,67.27,2966400,29.17
2007-06-15,68.71,68.71,68.01,68.22,2759800,29.59
2007-06-14,67.74,67.93,67.41,67.80,2450600,29.40
2007-06-13,66.95,67.86,66.88,67.75,2318600,29.38
2007-06-12,67.36,67.58,66.59,66.84,2194200,28.99
2007-06-11,67.22,67.94,66.90,67.75,2469000,29.38
2007-06-08,66.21,67.23,66.10,67.22,3400600,29.15
2007-06-07,66.98,68.00,66.15,66.21,3858800,28.71
2007-06-06,67.91,68.04,67.50,67.81,2278000,29.41
2007-06-05,68.75,68.84,67.85,68.27,2632800,29.61
2007-06-04,67.89,68.88,67.71,68.74,1818400,29.81
2007-06-01,67.79,68.46,67.57,68.25,1942600,29.60
2007-05-31,67.68,67.85,67.19,67.72,2153200,29.37
2007-05-30,67.10,67.37,66.55,67.23,2035800,29.16
2007-05-29,67.64,67.75,66.51,67.42,2222400,29.24
2007-05-25,67.25,67.52,66.90,67.30,1428000,29.19
2007-05-24,67.56,68.43,66.94,67.02,3343600,29.07
2007-05-23,67.76,67.89,66.92,67.03,1600200,29.07
2007-05-22,67.15,68.04,67.12,67.72,2779200,29.37
2007-05-21,66.89,67.30,66.51,67.15,1905800,29.12
2007-05-18,66.30,67.10,66.00,66.89,2738000,29.01
2007-05-17,66.88,66.95,65.86,66.35,2934200,28.78
2007-05-16,66.09,66.51,65.86,66.22,1444400,28.72
2007-05-15,66.11,66.98,65.50,65.63,2695800,28.46
2007-05-14,66.53,66.95,66.10,66.11,1695200,28.67
2007-05-11,66.33,66.73,66.05,66.69,1590000,28.92
2007-05-10,66.95,67.10,66.17,66.32,2283800,28.76
2007-05-09,66.90,67.12,66.51,66.97,2387600,29.04
2007-05-08,66.70,67.19,66.55,66.85,2704000,28.99
2007-05-07,67.23,67.73,66.40,66.71,2567200,28.93
2007-05-04,66.63,67.25,66.33,67.01,3687400,29.06
2007-05-03,66.21,66.55,65.54,66.11,6849400,28.67
2007-05-02,64.25,69.00,64.25,66.73,8491200,28.94
2007-05-01,61.50,63.14,61.50,63.12,3382000,27.37
2007-04-30,62.65,62.78,61.38,61.86,2618600,26.83
2007-04-27,62.34,63.24,62.12,62.84,2109600,27.25
2007-04-26,62.28,63.34,62.10,62.40,3328600,27.06
2007-04-25,61.45,62.01,61.30,62.01,2500200,26.89
2007-04-24,60.96,61.33,60.19,61.18,2763200,26.53
2007-04-23,60.92,61.33,60.74,60.98,1305400,26.45
2007-04-20,61.00,61.17,60.70,61.07,2542600,26.49
2007-04-19,61.10,61.19,60.58,60.68,1726600,26.32
2007-04-18,60.60,61.22,60.31,61.15,2777600,26.52
2007-04-17,61.05,61.26,60.65,60.97,1948800,26.44
2007-04-16,59.66,61.42,59.66,61.07,2975600,26.49
2007-04-13,59.48,59.64,59.13,59.63,1884200,25.86
2007-04-12,58.68,59.31,58.23,59.20,2117600,25.67
2007-04-11,59.71,59.96,58.80,58.92,2727800,25.55
2007-04-10,58.90,59.75,58.76,59.71,3251000,25.90
2007-04-09,58.89,59.28,58.84,59.03,2025600,25.60
2007-04-05,58.30,58.96,58.07,58.83,1245800,25.51
2007-04-04,58.56,58.88,58.32,58.46,1329400,25.35
2007-04-03,58.31,59.07,58.31,58.75,2145400,25.48
2007-04-02,57.51,58.37,57.41,58.22,2604400,25.25
2007-03-30,57.70,58.51,57.58,57.76,3132600,25.05
2007-03-29,58.42,58.69,57.57,57.70,2621800,25.02
2007-03-28,58.55,58.55,57.56,58.05,1828800,25.18
2007-03-27,58.65,58.85,58.11,58.35,1401000,25.31
2007-03-26,59.30,59.31,58.22,58.82,2290200,25.51
2007-03-23,59.19,59.55,59.00,59.45,1604000,25.78
2007-03-22,59.50,59.56,59.01,59.12,1957200,25.64
2007-03-21,58.64,59.55,58.28,59.44,1737400,25.78
2007-03-20,58.62,59.04,58.55,58.64,1956200,25.43
2007-03-19,57.98,58.70,57.86,58.68,2384400,25.45
2007-03-16,58.27,58.60,57.60,57.74,3114200,25.04
2007-03-15,57.60,58.37,57.28,58.27,3391000,25.27
2007-03-14,57.50,57.99,57.14,57.60,4463000,24.98
2007-03-13,57.60,58.06,57.25,57.35,4182800,24.87
2007-03-12,57.71,58.04,57.28,57.99,2481400,25.15
2007-03-09,57.90,58.00,57.44,57.72,2122600,25.03
2007-03-08,57.34,58.00,57.29,57.66,3347400,25.01
2007-03-07,56.49,57.43,56.25,57.06,4808000,24.75
2007-03-06,56.47,57.12,55.76,56.93,4176600,24.56
2007-03-05,56.31,56.95,55.36,55.38,2987800,23.89
2007-03-02,57.13,57.24,56.45,56.51,2609000,24.38
2007-03-01,56.67,57.80,55.01,57.13,5219800,24.65
2007-02-28,57.20,58.30,56.93,57.94,3753400,25.00
2007-02-27,58.60,58.74,56.47,57.24,4875600,24.69
2007-02-26,60.50,60.50,59.15,59.22,4513600,25.55
2007-02-23,60.48,61.00,60.12,60.51,4331000,26.10
2007-02-22,61.45,61.55,60.73,61.06,2040200,26.34
2007-02-21,61.85,62.22,61.50,61.61,3550200,26.58
2007-02-20,60.47,62.09,60.28,62.06,3345000,26.77
2007-02-16,60.16,60.49,60.05,60.27,1856400,26.00
2007-02-15,60.00,60.70,60.00,60.38,2212600,26.05
2007-02-14,59.76,60.09,59.49,60.03,2746800,25.90
2007-02-13,60.40,60.87,58.50,59.76,7474800,25.78
2007-02-12,60.27,60.96,59.83,60.78,3123600,26.22
2007-02-09,60.79,61.27,60.12,60.49,2297400,26.10
2007-02-08,60.99,61.00,60.45,60.79,2460200,26.22
2007-02-07,60.49,61.06,60.26,60.88,2081000,26.26
2007-02-06,59.65,60.67,59.59,60.52,2159600,26.11
2007-02-05,59.59,60.19,59.28,59.58,1751800,25.70
2007-02-02,59.88,60.24,59.48,59.67,1889400,25.74
2007-02-01,60.10,60.64,59.51,59.56,2629800,25.69
2007-01-31,58.89,60.13,58.86,60.01,2187600,25.89
2007-01-30,59.13,59.20,58.82,59.06,1807600,25.48
2007-01-29,59.21,59.22,58.75,58.88,3221400,25.40
2007-01-26,59.00,59.34,58.52,59.24,2245200,25.56
2007-01-25,59.33,59.48,58.90,58.97,3434800,25.44
2007-01-24,59.18,59.60,59.01,59.44,1531000,25.64
2007-01-23,59.08,59.65,58.91,59.18,1535600,25.53
2007-01-22,59.00,59.21,58.70,59.02,2020400,25.46
2007-01-19,59.20,59.48,58.96,59.00,3835800,25.45
2007-01-18,59.84,59.99,59.00,59.11,3428400,25.50
2007-01-17,60.00,60.38,59.55,59.85,2943400,25.82
2007-01-16,59.95,60.35,59.86,60.21,2882800,25.97
2007-01-12,60.00,60.00,59.59,59.87,2800000,25.83
2007-01-11,59.10,60.11,59.10,60.00,2364600,25.88
2007-01-10,59.07,59.07,57.78,58.82,2651600,25.38
2007-01-09,58.05,58.42,57.63,58.27,3857800,25.07
2007-01-08,57.95,58.37,57.40,58.05,2815800,24.98
2007-01-05,58.70,58.86,58.17,58.19,1629000,25.04
2007-01-04,58.70,58.97,58.16,58.70,1700200,25.26
2007-01-03,58.75,59.50,58.35,58.86,2359000,25.33
2006-12-29,59.00,59.36,58.65,58.80,1178800,25.30
2006-12-28,59.29,59.68,59.00,59.10,1287600,25.43
2006-12-27,58.99,59.25,58.23,59.19,2545800,25.47
2006-12-26,58.50,58.95,58.46,58.74,1148800,25.28
2006-12-22,58.80,59.28,58.39,58.77,3199000,25.29
2006-12-21,59.05,59.29,58.51,58.55,2368000,25.19
2006-12-20,59.10,59.45,58.80,59.05,2989200,25.41
2006-12-19,58.35,59.08,58.00,58.95,3052600,25.37
2006-12-18,58.68,59.00,58.36,58.50,2452200,25.17
2006-12-15,59.19,59.27,58.56,58.68,4080600,25.25
2006-12-14,58.61,59.06,58.32,58.86,4140800,25.33
2006-12-13,58.30,58.81,57.82,58.60,3272000,25.22
2006-12-12,59.15,59.16,57.82,57.98,5393800,24.95
2006-12-11,59.72,60.93,59.17,59.50,6261000,25.60
2006-12-08,60.10,60.61,58.54,59.72,10510000,25.70
2006-12-07,61.25,62.16,60.60,61.08,5536600,26.28
2006-12-06,63.04,63.06,62.01,62.28,3412600,26.80
2006-12-05,61.36,63.48,60.86,63.26,7270800,27.22
2006-12-04,61.10,62.00,60.76,61.63,3097200,26.52
2006-12-01,61.55,61.93,60.60,60.95,2671200,26.23
2006-11-30,61.60,61.62,60.81,61.19,2760600,26.33
2006-11-29,61.64,62.49,61.45,61.60,3281000,26.51
2006-11-28,60.65,61.95,60.47,61.80,3893400,26.59
2006-11-27,63.10,63.11,60.82,60.90,4262600,26.20
2006-11-24,63.38,63.55,63.02,63.12,777400,27.16
2006-11-22,62.82,63.68,62.62,63.47,2386000,27.31
2006-11-21,62.67,63.00,62.16,62.73,2346200,26.99
2006-11-20,62.09,62.89,61.57,62.77,2381200,27.01
2006-11-17,62.65,62.72,61.69,62.00,3315600,26.68
2006-11-16,62.45,63.07,62.18,62.84,2682000,27.04
2006-11-15,62.10,63.10,62.00,62.13,3010200,26.73
2006-11-14,61.06,62.12,60.70,61.89,3086000,26.63
2006-11-13,61.00,61.24,60.60,60.81,2622600,26.17
2006-11-10,59.39,60.75,59.30,60.74,3699800,26.14
2006-11-09,59.35,59.47,58.68,59.35,3050600,25.54
2006-11-08,59.39,59.59,58.60,59.19,2297000,25.47
2006-11-07,59.06,59.50,58.91,59.39,1743400,25.55
2006-11-06,58.50,59.69,58.44,59.06,2145200,25.41
2006-11-03,59.55,59.76,57.77,58.02,2938000,24.97
2006-11-02,59.49,59.49,58.91,59.37,2606400,25.55
2006-11-01,59.83,59.99,59.33,59.49,3160000,25.60
2006-10-31,60.30,60.49,59.13,59.46,2999000,25.59
2006-10-30,59.00,60.18,58.93,60.10,1914000,25.86
2006-10-27,59.60,59.72,58.87,58.96,4347200,25.37
2006-10-26,59.81,60.43,59.48,60.28,2481800,25.94
2006-10-25,60.69,61.07,59.80,59.99,2723600,25.81
2006-10-24,61.02,61.84,60.02,60.69,7055000,26.11
2006-10-23,57.75,60.87,57.69,60.23,8014600,25.92
2006-10-20,57.80,58.18,57.50,58.05,3058200,24.98
2006-10-19,58.07,58.19,57.38,57.79,2054400,24.87
2006-10-18,58.20,58.74,57.69,58.07,2641200,24.99
2006-10-17,57.55,58.29,57.25,57.96,2337400,24.94
2006-10-16,57.85,58.16,57.21,57.90,2993800,24.91
2006-10-13,57.95,58.70,57.67,58.03,7256200,24.97
2006-10-12,55.62,59.73,55.62,59.08,19322400,25.42
2006-10-11,54.86,55.07,54.37,54.57,4220200,23.48
2006-10-10,54.00,54.95,53.56,54.91,2918800,23.56
2006-10-09,53.60,54.32,53.31,53.99,1915200,23.17
2006-10-06,53.90,54.33,53.70,54.00,2000400,23.17
2006-10-05,54.25,54.70,53.90,54.25,2139800,23.28
2006-10-04,52.95,54.44,52.91,54.44,3028600,23.36
2006-10-03,52.36,53.26,52.28,52.94,2030600,22.72
2006-10-02,51.75,53.07,51.69,52.36,2470200,22.47
2006-09-29,52.49,52.90,52.02,52.05,2258200,22.34
2006-09-28,53.10,53.30,52.24,52.65,2118600,22.59
2006-09-27,53.00,53.81,52.80,53.01,3149400,22.75
2006-09-26,52.55,53.40,52.40,53.40,2270000,22.91
2006-09-25,52.65,53.00,51.90,52.75,1805400,22.64
2006-09-22,52.57,52.68,51.95,52.49,1170200,22.52
2006-09-21,52.70,53.26,52.30,52.56,2432600,22.55
2006-09-20,52.75,53.30,52.54,52.83,2281400,22.67
2006-09-19,52.25,52.59,51.70,52.51,3958400,22.53
2006-09-18,52.45,53.36,52.13,52.32,2186200,22.45
2006-09-15,53.60,53.62,52.52,52.90,3678400,22.70
2006-09-14,52.35,53.35,51.97,52.99,3510800,22.74
2006-09-13,52.00,52.66,51.82,52.55,2484600,22.55
2006-09-12,51.00,52.56,51.00,52.17,5008600,22.39
2006-09-11,49.66,51.18,49.61,51.18,3282600,21.96
2006-09-08,48.73,49.68,48.49,49.65,2639400,21.31
2006-09-07,48.95,48.95,48.36,48.69,1811000,20.89
2006-09-06,49.35,49.73,48.75,49.01,2392000,21.03
2006-09-05,49.37,49.86,49.22,49.81,1738200,21.37
2006-09-01,49.10,49.76,49.09,49.38,1460800,21.19
2006-08-31,48.90,49.16,48.80,48.88,1001600,20.98
2006-08-30,49.20,49.41,48.87,48.90,1932400,20.98
2006-08-29,48.08,49.26,48.03,49.26,2480800,21.14
2006-08-28,47.40,48.38,47.33,48.12,1556400,20.65
2006-08-25,47.65,47.85,47.17,47.52,1964600,20.39
2006-08-24,48.05,48.08,47.55,47.65,2839200,20.45
2006-08-23,48.50,48.86,47.61,48.00,3007000,20.60
2006-08-22,48.50,48.88,48.30,48.39,2623400,20.76
2006-08-21,49.11,49.11,48.35,48.66,1319800,20.88
2006-08-18,49.28,49.29,48.73,49.10,2102400,21.07
2006-08-17,48.54,49.40,47.88,49.28,3498000,21.15
2006-08-16,47.84,48.65,47.39,48.54,4830600,20.83
2006-08-15,47.00,47.87,46.96,47.84,2448800,20.53
2006-08-14,46.60,47.08,46.53,46.74,2521800,20.06
2006-08-11,46.45,46.61,46.04,46.15,2794800,19.80
2006-08-10,45.72,46.74,45.51,46.63,3842000,20.01
2006-08-09,46.60,46.80,45.66,45.72,3945000,19.62
2006-08-08,46.80,46.97,46.22,46.30,2546000,19.87
2006-08-07,46.75,47.01,46.19,46.91,2277600,20.13
2006-08-04,47.40,47.76,46.70,47.00,3658000,20.17
2006-08-03,45.93,47.04,45.50,46.86,4357600,20.11
2006-08-02,45.05,46.12,45.00,45.93,4366800,19.71
2006-08-01,44.85,45.17,44.21,45.12,3720400,19.36
2006-07-31,44.85,45.30,44.55,45.00,3727600,19.31
2006-07-28,45.42,45.45,44.84,45.01,2942600,19.31
2006-07-27,45.75,46.24,45.36,45.49,3661600,19.52
2006-07-26,45.75,45.91,44.85,45.58,3413400,19.56
2006-07-25,45.30,46.02,45.29,45.75,3805200,19.63
2006-07-24,45.00,45.63,44.72,45.52,7050400,19.53
2006-07-21,46.07,46.07,44.67,44.93,8058400,19.28
2006-07-20,47.00,47.45,45.22,46.00,15986400,19.74
2006-07-19,47.60,49.28,47.38,49.13,6077400,21.08
2006-07-18,48.90,49.06,47.53,47.60,7053200,20.43
2006-07-17,47.81,48.64,47.81,48.15,2533600,20.66
2006-07-14,48.02,48.18,47.50,47.71,2730200,20.47
2006-07-13,48.74,48.74,47.94,48.22,3406000,20.69
2006-07-12,50.07,50.23,48.73,48.74,3493000,20.92
2006-07-11,50.43,50.45,49.49,50.21,1710200,21.48
2006-07-10,50.38,50.95,50.34,50.42,1334600,21.57
2006-07-07,50.86,51.24,50.34,50.34,2429800,21.54
2006-07-06,50.66,51.22,50.35,50.86,2041000,21.76
2006-07-05,50.70,50.82,50.09,50.59,2003800,21.64
2006-07-03,50.40,51.04,50.14,50.95,1503600,21.80
2006-06-30,50.55,50.73,50.20,50.27,3739200,21.51
2006-06-29,49.50,50.50,49.38,50.38,4089600,21.55
2006-06-28,49.45,49.57,48.57,49.06,1990200,20.99
2006-06-27,49.89,50.13,49.23,49.35,2057400,21.11
2006-06-26,49.83,50.24,49.73,49.89,1696200,21.34
2006-06-23,50.15,50.33,49.86,49.92,2062600,21.36
2006-06-22,51.50,51.55,50.37,50.45,2924800,21.58
2006-06-21,51.46,52.15,51.46,51.84,1852800,22.18
2006-06-20,51.85,52.31,51.50,51.67,3117400,22.11
2006-06-19,51.95,52.19,51.46,51.91,2852400,22.21
2006-06-16,51.42,52.60,51.40,51.91,3527800,22.21
2006-06-15,50.15,51.50,50.03,51.40,2939000,21.99
2006-06-14,49.67,50.04,49.46,49.97,3192600,21.38
2006-06-13,50.53,50.68,49.66,49.67,2211400,21.25
2006-06-12,51.71,51.74,50.48,50.49,2670800,21.60
2006-06-09,51.41,52.00,51.35,51.71,1978800,22.12
2006-06-08,51.61,51.68,50.92,51.51,4281800,22.04
2006-06-07,50.60,51.79,50.55,51.60,5802200,22.08
2006-06-06,49.98,50.56,49.63,50.55,2541400,21.63
2006-06-05,50.60,50.79,49.82,49.98,1757400,21.38
2006-06-02,50.95,51.31,50.80,50.87,2335000,21.76
2006-06-01,50.41,51.12,50.41,50.90,3272400,21.78
2006-05-31,50.70,50.79,50.26,50.40,2693200,21.56
2006-05-30,51.39,51.41,50.56,50.68,1919200,21.68
2006-05-26,52.05,52.11,51.18,51.39,2101800,21.99
2006-05-25,50.92,51.82,50.75,51.80,2308800,22.16
2006-05-24,51.92,51.92,50.21,50.91,6374000,21.78
2006-05-23,53.47,53.57,52.02,52.02,3987000,22.26
2006-05-22,52.39,53.45,51.92,53.23,3199800,22.77
2006-05-19,52.27,52.54,52.07,52.39,2998800,22.41
2006-05-18,51.90,53.03,51.90,52.30,2057800,22.38
2006-05-17,52.15,52.75,52.15,52.68,2957000,22.54
2006-05-16,53.65,53.79,52.35,52.52,3858600,22.47
2006-05-15,53.40,53.92,53.20,53.67,2666400,22.96
2006-05-12,52.92,53.39,52.84,53.17,2898800,22.75
2006-05-11,53.44,53.45,52.84,53.17,2681400,22.75
2006-05-10,54.00,54.16,53.50,53.65,3697400,22.95
2006-05-09,52.75,52.83,52.44,52.70,1846200,22.55
2006-05-08,52.60,53.13,52.37,52.88,2217000,22.62
2006-05-05,51.98,52.75,51.92,52.48,2716600,22.45
2006-05-04,51.76,51.98,51.69,51.97,1539000,22.23
2006-05-03,50.95,51.83,50.95,51.66,2549400,22.10
2006-05-02,51.00,51.55,50.89,51.20,2980000,21.91
2006-05-01,51.68,51.80,50.81,50.88,2624400,21.77
2006-04-28,51.75,52.00,51.37,51.68,3843600,22.11
2006-04-27,51.56,51.90,50.70,51.80,3129000,22.16
2006-04-26,51.00,51.60,50.65,51.55,4914800,22.05
2006-04-25,51.40,51.98,50.79,51.34,11577800,21.96
2006-04-24,48.79,49.63,48.55,49.60,3633200,21.22
2006-04-21,48.50,49.60,48.44,49.04,4186800,20.98
2006-04-20,48.10,48.52,48.09,48.49,2128800,20.75
2006-04-19,47.65,48.42,47.65,48.06,2483800,20.56
2006-04-18,47.70,47.90,47.38,47.78,4332200,20.44
2006-04-17,47.95,48.24,47.72,47.82,2108000,20.46
2006-04-13,47.89,48.06,47.59,48.02,2223000,20.54
2006-04-12,47.70,47.91,47.34,47.91,2204200,20.50
2006-04-11,47.75,47.89,47.54,47.70,2656800,20.41
2006-04-10,48.00,48.10,47.55,47.75,1874400,20.38
2006-04-07,48.25,48.56,47.91,47.94,2185400,20.46
2006-04-06,47.66,48.29,47.45,48.20,3834200,20.57
2006-04-05,47.99,48.00,47.51,47.66,2438000,20.34
2006-04-04,47.72,48.25,47.58,48.01,1952600,20.49
2006-04-03,48.77,48.88,47.86,47.91,3079400,20.45
2006-03-31,48.75,49.08,48.65,48.86,2770400,20.85
2006-03-30,49.10,49.96,48.34,48.78,4830200,20.82
2006-03-29,48.82,48.83,48.02,48.37,3304800,20.64
2006-03-28,48.90,49.13,48.71,48.85,2510600,20.85
2006-03-27,48.79,49.40,48.70,49.10,2566200,20.96
2006-03-24,48.65,49.51,48.65,48.79,1776800,20.82
2006-03-23,49.45,49.50,48.78,48.78,3038400,20.82
2006-03-22,48.67,49.98,48.67,49.74,2011600,21.23
2006-03-21,50.03,50.17,49.61,49.63,1998600,21.18
2006-03-20,50.26,50.63,49.94,50.09,1976600,21.38
2006-03-17,50.50,50.90,50.32,50.45,5442200,21.53
2006-03-16,48.93,50.30,48.93,50.02,3509800,21.35
2006-03-15,48.81,48.87,48.38,48.75,2704000,20.81
2006-03-14,48.20,49.20,47.74,48.97,2217000,20.90
2006-03-13,48.85,48.98,48.33,48.43,2234600,20.67
2006-03-10,49.00,49.09,48.66,48.78,2762600,20.82
2006-03-09,48.65,49.05,48.50,49.00,2841400,20.91
2006-03-08,47.52,48.80,47.49,48.65,3072400,20.76
2006-03-07,48.02,48.37,47.44,47.51,3759600,20.28
2006-03-06,48.70,48.74,48.18,48.36,3322600,20.64
2006-03-03,48.01,48.95,47.92,48.59,3315400,20.74
2006-03-02,48.83,48.84,47.66,48.10,4733000,20.53
2006-03-01,47.70,48.86,46.97,48.86,5534200,20.85
2006-02-28,49.19,49.50,47.63,47.70,4930200,20.36
2006-02-27,49.85,49.98,49.23,49.44,2285800,21.10
2006-02-24,49.80,49.93,49.04,49.75,1895600,21.23
2006-02-23,49.38,50.10,49.25,49.88,2168000,21.29
2006-02-22,49.36,49.89,49.26,49.35,2258000,21.06
2006-02-21,49.92,50.04,48.57,49.13,3492800,20.97
2006-02-17,50.35,50.48,49.99,50.00,2006400,21.34
2006-02-16,50.34,50.62,50.15,50.50,2031600,21.55
2006-02-15,50.20,50.72,49.86,50.59,2555400,21.59
2006-02-14,50.10,50.73,49.82,50.56,2009200,21.58
2006-02-13,49.85,50.18,49.41,50.09,1733600,21.38
2006-02-10,49.35,50.13,49.28,50.07,2464600,21.37
2006-02-09,49.85,50.25,49.26,49.28,3657800,21.03
2006-02-08,50.45,50.55,49.50,49.98,2942800,21.33
2006-02-07,51.75,52.07,50.32,50.56,4233600,21.58
2006-02-06,50.21,51.27,50.16,51.17,3464000,21.84
2006-02-03,50.00,50.59,49.81,50.45,3092800,21.53
2006-02-02,50.10,50.65,49.76,50.00,3421800,21.34
2006-02-01,49.15,50.30,49.15,50.20,2905400,21.43
2006-01-31,49.20,49.71,49.14,49.47,3383000,21.11
2006-01-30,49.99,50.22,49.23,49.74,2224200,21.23
2006-01-27,48.97,50.27,48.90,50.23,3256400,21.44
2006-01-26,49.00,49.19,48.68,48.83,2575800,20.84
2006-01-25,47.78,48.93,47.76,48.87,3740000,20.86
2006-01-24,47.41,47.56,46.80,47.54,2219000,20.29
2006-01-23,47.10,47.43,46.94,47.30,1771000,20.19
2006-01-20,47.80,47.94,46.65,47.01,3390600,20.06
2006-01-19,47.60,48.14,47.49,47.99,1857400,20.48
2006-01-18,47.35,48.18,47.30,47.73,1518000,20.37
2006-01-17,47.90,48.04,47.25,47.46,2968600,20.26
2006-01-13,48.25,48.65,48.05,48.05,3061600,20.51
2006-01-12,48.60,48.72,48.06,48.06,3696000,20.51
2006-01-11,49.19,49.37,48.55,48.85,2080000,20.85
2006-01-10,49.05,49.55,49.00,49.36,3383400,21.02
2006-01-09,48.95,49.54,48.90,49.40,2931000,21.03
2006-01-06,50.00,50.39,48.95,49.02,5043600,20.87
2006-01-05,47.96,49.23,47.96,49.16,5724600,20.93
2006-01-04,46.75,47.22,46.45,47.15,5178200,20.08
2006-01-03,47.09,47.10,46.30,46.75,2973200,19.91
2005-12-30,47.35,47.39,46.56,46.88,1588400,19.96
2005-12-29,47.60,47.75,47.42,47.52,856600,20.23
2005-12-28,47.50,47.74,47.12,47.53,1522200,20.24
2005-12-27,48.30,48.50,47.28,47.42,2003400,20.19
2005-12-23,48.59,48.69,48.24,48.30,1274600,20.57
2005-12-22,48.11,48.58,48.01,48.42,1696400,20.62
2005-12-21,48.28,48.91,47.82,47.99,2214200,20.43
2005-12-20,47.20,48.04,46.95,48.03,2930200,20.45
2005-12-19,48.25,48.29,47.15,47.23,2485600,20.11
2005-12-16,48.26,48.60,48.19,48.33,2573600,20.58
2005-12-15,47.95,48.25,47.70,48.02,2205400,20.45
2005-12-14,47.70,48.31,47.50,48.17,1948800,20.51
2005-12-13,47.73,48.15,47.61,47.97,2409600,20.43
2005-12-12,48.09,48.17,47.54,47.82,2923200,20.36
2005-12-09,48.43,48.68,48.03,48.13,2438200,20.49
2005-12-08,48.15,48.57,47.92,48.50,3892800,20.65
2005-12-07,48.40,48.40,47.89,48.15,4075800,20.50
2005-12-06,48.85,49.23,48.59,48.65,3899800,20.72
2005-12-05,48.90,49.15,48.32,48.93,3964800,20.83
2005-12-02,49.15,49.15,48.72,48.90,3360400,20.82
2005-12-01,48.79,49.19,47.95,49.18,4757400,20.94
2005-11-30,49.24,49.30,48.70,48.79,3513200,20.78
2005-11-29,49.30,49.38,48.95,49.10,2694200,20.91
2005-11-28,49.35,49.58,48.77,49.10,2847200,20.91
2005-11-25,49.56,49.56,48.79,49.05,1116600,20.89
2005-11-23,49.18,49.68,49.12,49.60,3010400,21.12
2005-11-22,48.96,49.33,48.60,49.18,3257600,20.94
2005-11-21,48.63,49.20,48.34,48.95,4513400,20.84
2005-11-18,47.92,48.83,47.60,48.64,6533600,20.71
2005-11-17,47.02,47.71,47.02,47.51,6590400,20.23
2005-11-16,47.55,47.65,46.61,46.70,5802400,19.89
2005-11-15,47.08,48.10,46.85,47.56,7286200,20.25
2005-11-14,48.50,49.11,48.40,48.66,3750600,20.72
2005-11-11,49.18,49.18,47.63,48.50,7622600,20.65
2005-11-10,49.55,49.80,48.76,49.47,5507600,21.06
2005-11-09,50.63,50.83,49.40,49.54,6682600,21.09
2005-11-08,50.87,51.00,50.54,50.84,4754200,21.65
2005-11-07,51.50,52.15,50.67,50.88,4828800,21.67
2005-11-04,51.39,52.24,50.45,52.17,3374600,22.21
2005-11-03,51.00,51.85,50.97,51.26,3430800,21.83
2005-11-02,50.03,50.82,50.00,50.69,3210400,21.58
2005-11-01,50.87,50.95,50.30,50.37,2539400,21.45
2005-10-31,50.11,51.23,49.98,50.87,4443400,21.66
2005-10-28,49.08,50.12,49.04,50.11,5644800,21.34
2005-10-27,50.10,50.26,48.61,48.77,5174800,20.77
2005-10-26,50.50,51.35,50.20,50.25,4340600,21.40
2005-10-25,51.23,52.00,51.04,51.43,2610200,21.90
2005-10-24,51.34,51.86,51.03,51.47,3238800,21.92
2005-10-21,51.05,51.86,50.84,51.21,4240800,21.81
2005-10-20,51.00,52.15,50.63,50.91,5651600,21.68
2005-10-19,49.61,51.15,49.53,51.00,4610000,21.72
2005-10-18,49.60,50.00,49.36,49.60,3890000,21.12
2005-10-17,49.98,50.01,49.46,49.70,2791000,21.16
2005-10-14,49.75,50.24,49.40,50.00,3354200,21.29
2005-10-13,50.04,50.15,49.24,49.50,4807400,21.08
2005-10-12,49.95,50.48,49.62,50.04,4641400,21.31
2005-10-11,49.14,49.84,49.14,49.60,3993200,21.07
2005-10-10,50.08,50.09,49.10,49.38,3465200,20.98
2005-10-07,50.39,51.18,49.97,50.08,4205000,21.28
2005-10-06,48.65,50.99,48.62,50.19,6335000,21.32
2005-10-05,49.60,50.90,48.53,48.83,8380600,20.74
2005-10-04,47.41,48.48,47.41,48.27,3022800,20.51
2005-10-03,48.05,48.20,47.05,47.41,4813600,20.14
2005-09-30,47.93,48.45,47.70,48.41,2885000,20.57
2005-09-29,47.67,47.88,45.99,47.72,4883200,20.27
2005-09-28,48.50,48.52,47.57,47.57,3034000,20.21
2005-09-27,48.58,48.58,47.72,48.11,3809200,20.44
2005-09-26,49.03,49.80,48.37,48.67,2156800,20.68
2005-09-23,49.04,49.32,48.72,48.94,2036200,20.79
2005-09-22,48.05,48.93,47.89,48.70,4360400,20.69
2005-09-21,49.26,49.27,47.91,48.31,4003600,20.52
2005-09-20,49.95,50.18,49.50,49.50,2692800,21.03
2005-09-19,50.15,50.16,49.75,49.87,2834000,21.19
2005-09-16,50.13,50.70,49.91,50.58,2934200,21.49
2005-09-15,49.55,50.09,49.55,49.99,1534000,21.24
2005-09-14,50.10,50.50,49.42,49.47,2733000,21.02
2005-09-13,50.65,50.66,49.88,49.98,2624000,21.23
2005-09-12,51.00,51.00,50.44,50.67,1260000,21.53
2005-09-09,50.59,51.00,50.52,51.00,1269200,21.67
2005-09-08,50.30,50.75,49.88,50.58,3143600,21.49
2005-09-07,49.50,50.75,49.33,50.66,5848800,21.52
2005-09-06,46.95,48.10,46.95,47.75,4145600,20.29
2005-09-02,47.20,47.30,46.80,46.86,3512000,19.91
2005-09-01,47.22,47.38,46.73,46.96,4496200,19.95
2005-08-31,47.12,47.39,46.62,47.38,4834800,20.13
2005-08-30,48.50,48.50,46.85,47.24,5560400,20.07
2005-08-29,48.50,48.91,48.28,48.79,1650600,20.73
2005-08-26,49.23,49.23,48.54,48.81,2154800,20.74
2005-08-25,49.00,49.25,48.96,49.13,2668400,20.87
2005-08-24,50.10,50.25,48.85,49.00,3152000,20.82
2005-08-23,50.15,50.43,49.76,50.37,2868200,21.40
2005-08-22,50.82,51.06,50.16,50.38,2636800,21.40
2005-08-19,51.32,51.45,50.88,50.89,1306800,21.62
2005-08-18,51.64,51.64,51.11,51.26,1241400,21.78
2005-08-17,51.54,51.85,51.47,51.64,1572400,21.94
2005-08-16,51.98,51.98,51.51,51.62,2324400,21.93
2005-08-15,51.29,52.10,51.06,52.06,1354600,22.12
2005-08-12,51.99,52.00,51.14,51.30,1676200,21.79
2005-08-11,51.00,52.13,50.91,51.99,2106400,22.09
2005-08-10,50.56,51.30,50.56,50.71,1234400,21.54
2005-08-09,50.29,50.61,50.15,50.56,1182800,21.48
2005-08-08,50.40,50.77,50.14,50.25,1680000,21.35
2005-08-05,51.22,51.22,49.88,50.15,2317600,21.30
2005-08-04,51.30,51.32,50.99,51.22,1093000,21.76
2005-08-03,51.81,51.83,51.03,51.33,2291400,21.81
2005-08-02,51.84,52.19,51.78,52.06,1247000,22.12
2005-08-01,52.15,52.29,51.75,51.84,1713800,22.02
2005-07-29,52.00,52.50,51.89,52.35,2114400,22.24
2005-07-28,51.64,52.12,51.60,51.90,1715600,22.05
2005-07-27,52.61,52.62,51.54,51.63,2389600,21.93
2005-07-26,52.93,52.95,52.55,52.60,1697400,22.35
2005-07-25,52.77,53.00,52.55,52.80,1240800,22.43
2005-07-22,52.98,52.98,52.25,52.77,1560400,22.42
2005-07-21,53.46,53.46,52.65,52.85,2250000,22.45
2005-07-20,52.22,53.45,52.20,53.29,3460400,22.64
2005-07-19,51.90,52.55,51.50,52.48,2793000,22.29
2005-07-18,51.45,51.99,51.42,51.77,2477200,21.99
2005-07-15,49.85,51.48,49.75,51.42,4032400,21.84
2005-07-14,50.85,50.96,48.60,49.85,12268200,21.18
2005-07-13,52.27,52.27,51.60,51.71,2367000,21.97
2005-07-12,52.06,52.50,52.06,52.38,1515800,22.20
2005-07-11,52.25,52.27,51.73,52.00,1592000,22.04
2005-07-08,51.32,52.00,51.03,51.87,2168400,21.99
2005-07-07,50.55,51.42,50.10,51.42,1720200,21.80
2005-07-06,51.29,51.47,50.75,51.13,1778600,21.67
2005-07-05,51.32,51.63,51.11,51.28,2141600,21.74
2005-07-01,52.08,52.15,51.38,51.48,2062400,21.82
2005-06-30,51.88,52.56,51.85,52.08,2043600,22.08
2005-06-29,52.13,52.13,51.62,51.92,1029200,22.01
2005-06-28,51.30,52.09,51.30,52.04,2073200,22.06
2005-06-27,51.50,51.80,51.17,51.26,1885000,21.73
2005-06-24,52.30,52.99,51.43,51.43,2883600,21.80
2005-06-23,52.95,53.15,52.39,52.39,1995600,22.21
2005-06-22,53.20,53.23,52.59,53.04,3367000,22.48
2005-06-21,52.95,53.52,52.70,53.25,3277400,22.57
2005-06-20,52.97,53.12,52.58,53.11,9189000,22.51
2005-06-17,53.30,53.79,53.20,53.32,3059200,22.60
2005-06-16,52.42,53.05,52.35,52.94,1868800,22.44
2005-06-15,52.84,52.95,52.05,52.42,1885000,22.22
2005-06-14,52.57,52.75,52.16,52.67,1673400,22.33
2005-06-13,52.85,52.97,52.36,52.57,1725800,22.28
2005-06-10,52.47,53.23,52.24,53.09,2201200,22.50
2005-06-09,51.83,52.51,51.40,52.47,1377200,22.24
2005-06-08,52.25,52.40,51.75,51.82,1666400,21.97
2005-06-07,52.13,52.59,52.00,52.16,2468800,22.11
2005-06-06,52.15,52.23,51.81,52.00,1608800,22.04
2005-06-03,52.37,53.00,51.85,52.04,2358000,22.06
2005-06-02,51.76,52.62,51.58,52.60,3475200,22.30
2005-06-01,51.29,51.88,51.10,51.49,3023600,21.83
2005-05-31,51.55,51.75,51.28,51.29,3060000,21.74
2005-05-27,51.75,52.00,51.54,51.98,2272000,22.03
2005-05-26,50.64,51.99,50.60,51.76,3941800,21.94
2005-05-25,50.20,50.49,49.78,50.39,1729600,21.36
2005-05-24,50.80,50.80,50.20,50.37,2037200,21.35
2005-05-23,50.56,51.09,50.30,50.82,1793000,21.54
2005-05-20,50.53,50.65,50.27,50.59,2725600,21.44
2005-05-19,50.83,51.10,49.98,50.41,5662000,21.37
2005-05-18,48.98,51.59,48.81,51.46,6994200,21.81
2005-05-17,47.80,48.24,47.57,48.14,2899400,20.41
2005-05-16,47.89,48.54,47.83,47.95,1916000,20.33
2005-05-13,48.48,48.61,47.54,47.84,2030000,20.28
2005-05-12,48.39,48.71,48.05,48.39,1668800,20.51
2005-05-11,48.33,48.54,47.87,48.43,1753800,20.53
2005-05-10,48.40,48.60,48.09,48.31,1314000,20.48
2005-05-09,48.25,48.89,47.95,48.55,2423800,20.58
2005-05-06,48.22,48.80,48.02,48.20,1694800,20.43
2005-05-05,48.73,48.78,48.06,48.11,2391400,20.39
2005-05-04,48.10,48.76,48.09,48.73,2861000,20.66
2005-05-03,47.25,48.23,47.25,48.00,3297400,20.35
2005-05-02,46.96,47.56,46.80,47.17,2849000,19.99
2005-04-29,46.52,47.04,46.14,46.96,3421200,19.91
2005-04-28,47.25,47.75,46.94,47.09,3936400,19.96
2005-04-27,47.90,48.10,47.40,47.88,2561400,20.30
2005-04-26,48.24,49.00,48.06,48.06,3799600,20.37
2005-04-25,47.91,48.28,47.77,48.22,3922800,20.44
2005-04-22,47.14,47.99,47.02,47.86,5301400,20.29
2005-04-21,49.05,49.06,46.66,47.18,10494600,20.00
2005-04-20,50.21,50.27,49.26,49.30,3603800,20.90
2005-04-19,50.03,50.41,49.99,50.21,2315200,21.28
2005-04-18,50.17,50.18,49.36,49.80,2742200,21.11
2005-04-15,50.41,50.79,50.01,50.21,3575600,21.28
2005-04-14,50.55,50.88,50.30,50.66,4090000,21.47
2005-04-13,51.25,51.44,50.59,50.75,2614200,21.51
2005-04-12,50.06,51.52,49.98,51.25,2471200,21.68
2005-04-11,50.19,50.63,49.85,50.33,2782400,21.29
2005-04-08,51.07,51.32,50.60,50.63,2298000,21.42
2005-04-07,51.67,51.81,51.28,51.51,2424200,21.79
2005-04-06,51.50,51.89,51.40,51.62,2239600,21.84
2005-04-05,51.25,51.89,51.25,51.50,2286200,21.79
2005-04-04,50.96,51.51,50.69,51.46,2176200,21.77
2005-04-01,51.60,52.26,50.94,51.20,4181400,21.66
2005-03-31,51.75,52.04,51.31,51.81,4018000,21.92
2005-03-30,52.29,53.00,52.17,53.00,2357800,22.42
2005-03-29,53.00,53.22,52.49,52.66,3972400,22.28
2005-03-28,52.42,53.56,52.42,53.19,4879200,22.50
2005-03-24,51.25,52.43,50.90,52.32,4957200,22.13
2005-03-23,51.15,51.18,50.44,50.60,2761600,21.41
2005-03-22,51.00,51.57,50.76,50.98,3166600,21.57
2005-03-21,50.26,50.98,49.95,50.95,2038800,21.55
2005-03-18,50.40,50.63,50.04,50.45,3383800,21.34
2005-03-17,51.27,51.27,50.34,50.55,2812800,21.39
2005-03-16,51.40,51.59,50.99,51.27,2986600,21.69
2005-03-15,51.57,51.85,51.33,51.65,3528600,21.85
2005-03-14,50.83,51.58,50.58,51.50,3319600,21.79
2005-03-11,50.03,50.85,49.95,50.80,2385400,21.49
2005-03-10,50.36,50.60,49.85,50.08,2557000,21.19
2005-03-09,50.85,50.85,50.04,50.23,2700400,21.25
2005-03-08,51.20,51.29,50.55,51.06,2523000,21.60
2005-03-07,50.10,51.73,50.10,51.29,3389800,21.70
2005-03-04,50.15,50.27,49.55,50.07,3225000,21.18
2005-03-03,50.10,50.69,49.55,49.90,3344600,21.11
2005-03-02,49.32,50.55,49.32,50.07,3627600,21.18
2005-03-01,48.77,49.41,48.69,49.26,2788400,20.84
2005-02-28,48.89,49.15,48.48,48.78,1949200,20.64
2005-02-25,48.25,49.06,48.22,48.89,2795800,20.68
2005-02-24,46.75,48.21,46.75,48.17,3423600,20.38
2005-02-23,47.29,47.52,47.17,47.34,1817600,20.03
2005-02-22,47.60,47.84,47.05,47.28,2088400,20.00
2005-02-18,48.00,48.47,48.00,48.19,2481000,20.39
2005-02-17,48.02,48.13,47.70,48.08,4444200,20.34
2005-02-16,48.07,48.35,47.81,48.01,4301000,20.31
2005-02-15,47.60,48.09,47.35,48.07,2393000,20.34
2005-02-14,47.05,48.07,46.95,47.77,2433200,20.21
2005-02-11,46.15,47.34,46.10,46.98,2685400,19.88
2005-02-10,45.72,46.48,45.41,46.35,2590600,19.61
2005-02-09,45.95,46.13,45.37,45.41,2045800,19.21
2005-02-08,46.32,46.52,46.23,46.26,1965800,19.57
2005-02-07,46.31,46.52,46.08,46.31,1532400,19.59
2005-02-04,45.95,46.47,45.62,46.40,2818000,19.63
2005-02-03,45.70,46.39,45.56,46.18,1916000,19.54
2005-02-02,45.90,46.11,45.39,45.62,2869800,19.30
2005-02-01,46.15,46.31,45.46,45.84,2803800,19.39
2005-01-31,45.35,46.50,45.35,46.35,2186200,19.61
2005-01-28,45.05,45.35,44.77,45.12,2525200,19.09
2005-01-27,45.45,45.79,45.23,45.30,2539400,19.16
2005-01-26,45.52,45.96,45.51,45.73,2946000,19.35
2005-01-25,45.50,45.77,45.26,45.58,2196200,19.28
2005-01-24,45.45,45.80,45.38,45.48,1632400,19.24
2005-01-21,45.65,46.02,45.52,45.52,1786400,19.26
2005-01-20,45.53,46.05,45.52,45.65,1985800,19.31
2005-01-19,45.45,46.28,45.43,45.88,1814600,19.41
2005-01-18,44.80,45.88,44.74,45.51,3180400,19.25
2005-01-14,45.52,45.57,45.04,45.18,3013400,19.11
2005-01-13,46.04,46.06,45.31,45.38,1876200,19.20
2005-01-12,46.33,46.49,45.79,46.04,2124400,19.48
2005-01-11,46.02,46.70,45.96,46.51,1613400,19.63
2005-01-10,46.15,46.71,45.76,46.36,1515600,19.57
2005-01-07,46.57,46.71,46.05,46.35,1454600,19.57
2005-01-06,45.81,46.72,45.80,46.61,1295800,19.68
2005-01-05,46.28,46.59,45.92,46.09,1529000,19.46
2005-01-04,46.80,47.09,46.20,46.20,2321200,19.50
2005-01-03,47.18,47.37,46.69,46.82,2341600,19.77
2004-12-31,47.10,47.47,47.06,47.18,1094600,19.92
2004-12-30,47.10,47.32,47.02,47.17,1372200,19.91
2004-12-29,46.90,47.27,46.90,47.15,1353000,19.90
2004-12-28,46.28,47.17,46.28,47.00,1651400,19.84
2004-12-27,46.40,46.75,46.09,46.31,806200,19.55
2004-12-23,46.14,46.37,45.94,46.27,1159200,19.53
2004-12-22,46.35,46.59,45.98,46.13,2880000,19.47
2004-12-21,46.43,46.70,46.05,46.50,2981800,19.63
2004-12-20,46.44,46.61,46.15,46.35,2311200,19.57
2004-12-17,46.05,46.64,46.00,46.33,3183600,19.56
2004-12-16,46.10,46.63,46.03,46.31,1840400,19.55
2004-12-15,46.12,46.75,46.12,46.24,2298600,19.52
2004-12-14,46.10,46.39,45.94,46.15,2282200,19.48
2004-12-13,45.88,46.36,45.80,46.18,2184000,19.49
2004-12-10,46.73,46.73,45.55,45.86,1994200,19.36
2004-12-09,45.60,45.98,45.36,45.90,3239600,19.38
2004-12-08,46.14,46.15,45.27,45.79,6333200,19.33
2004-12-07,46.39,46.92,46.13,46.14,4292800,19.48
2004-12-06,46.58,46.67,46.02,46.38,2359200,19.58
2004-12-03,46.30,46.69,46.23,46.58,4067600,19.66
2004-12-02,46.15,46.54,45.71,46.45,3663400,19.61
2004-12-01,45.75,46.97,45.73,46.95,2443600,19.82
2004-11-30,45.45,45.66,45.35,45.40,2414000,19.17
2004-11-29,45.98,46.05,45.10,45.61,2754800,19.25
2004-11-26,45.87,46.00,45.61,45.79,710400,19.33
2004-11-24,45.65,46.13,45.65,45.76,2024800,19.32
2004-11-23,44.79,45.55,44.70,45.52,3139800,19.22
2004-11-22,43.80,44.43,43.64,44.43,1512400,18.76
2004-11-19,44.00,44.05,43.57,43.73,1473000,18.46
2004-11-18,44.11,44.38,43.42,44.15,2398400,18.64
2004-11-17,44.35,44.96,43.86,43.90,1927400,18.53
2004-11-16,44.65,44.68,44.11,44.27,1796800,18.69
2004-11-15,44.39,45.08,43.86,44.82,3693800,18.92
2004-11-12,45.48,45.52,44.89,44.95,2866200,18.98
2004-11-11,45.55,45.84,45.01,45.62,1947800,19.26
2004-11-10,45.11,45.99,45.11,45.55,2056000,19.23
2004-11-09,45.25,45.39,44.76,45.01,2751200,19.00
2004-11-08,46.00,46.01,45.25,45.36,3689200,19.15
2004-11-05,45.74,46.17,45.41,46.00,3273000,19.42
2004-11-04,44.10,46.08,44.06,45.72,4266200,19.30
2004-11-03,43.68,44.24,43.50,44.24,3539400,18.68
2004-11-02,43.58,43.87,43.24,43.37,2344000,18.31
2004-11-01,43.43,43.64,43.25,43.55,2288600,18.38
2004-10-29,43.30,43.65,43.13,43.50,2313800,18.36
2004-10-28,43.53,43.68,43.04,43.52,2086800,18.37
2004-10-27,43.38,43.56,42.96,43.53,1750200,18.38
2004-10-26,42.55,43.36,42.50,43.33,2675600,18.29
2004-10-25,42.87,42.93,42.43,42.53,1863000,17.95
2004-10-22,43.50,43.53,42.81,42.87,1712600,18.10
2004-10-21,43.17,43.88,43.07,43.50,3598600,18.36
2004-10-20,43.19,43.52,42.48,43.48,3102600,18.36
2004-10-19,43.05,43.75,43.01,43.26,4093400,18.26
2004-10-18,42.60,43.15,41.85,43.11,2466400,18.20
2004-10-15,42.41,42.95,42.41,42.87,2499600,18.10
2004-10-14,42.25,42.50,42.12,42.41,2174000,17.90
2004-10-13,42.19,42.45,41.93,42.21,3182400,17.82
2004-10-12,41.06,42.06,41.06,42.02,2607000,17.70
2004-10-11,41.43,41.57,40.98,41.35,1542800,17.41
2004-10-08,41.60,42.08,41.34,41.43,1928800,17.45
2004-10-07,41.38,42.02,41.37,41.77,2348600,17.59
2004-10-06,42.20,42.59,41.40,41.56,3667200,17.50
2004-10-05,40.87,41.66,40.80,41.50,3774200,17.48
2004-10-04,40.39,41.00,40.22,40.87,3092600,17.21
2004-10-01,40.40,40.79,40.03,40.39,2299800,17.01
2004-09-30,40.33,40.85,40.22,40.66,1984400,17.12
2004-09-29,40.25,40.43,40.07,40.43,1320200,17.03
2004-09-28,40.34,40.38,40.13,40.30,1120000,16.97
2004-09-27,40.43,40.52,40.03,40.16,1308800,16.91
2004-09-24,40.15,40.69,40.15,40.59,1475400,17.09
2004-09-23,40.01,40.38,39.97,40.17,1963200,16.92
2004-09-22,40.25,40.26,39.74,40.00,2367000,16.85
2004-09-21,40.68,40.76,40.48,40.62,1562000,17.11
2004-09-20,40.67,41.00,40.59,40.67,1404200,17.13
2004-09-17,40.48,40.84,40.35,40.67,1889200,17.13
2004-09-16,40.25,40.71,40.23,40.30,1531800,16.97
2004-09-15,40.29,40.57,40.26,40.30,1519800,16.97
2004-09-14,40.67,40.88,40.30,40.39,2598400,17.01
2004-09-13,40.91,41.00,40.63,40.85,1294800,17.20
2004-09-10,40.42,41.00,40.26,40.91,2061200,17.23
2004-09-09,40.20,40.70,40.20,40.61,4887600,17.10
2004-09-08,39.78,40.06,39.32,39.33,2093400,16.56
2004-09-07,39.95,39.99,39.45,39.77,2287200,16.75
2004-09-03,40.08,40.17,39.84,39.95,1802000,16.82
2004-09-02,40.03,40.34,39.52,39.99,1824000,16.84
2004-09-01,39.86,40.15,39.48,40.13,2477200,16.90
2004-08-31,39.25,39.71,39.02,39.71,1634600,16.72
2004-08-30,39.35,39.51,39.08,39.20,1618600,16.51
2004-08-27,39.60,39.86,39.29,39.35,1409200,16.57
2004-08-26,39.48,39.83,39.30,39.75,1481400,16.74
2004-08-25,39.27,39.85,38.96,39.56,2256800,16.66
2004-08-24,39.00,39.44,39.00,39.27,1857200,16.54
2004-08-23,39.02,39.27,38.61,38.80,1015400,16.34
2004-08-20,38.32,39.03,38.20,39.02,1085400,16.43
2004-08-19,38.28,38.42,38.07,38.36,1650800,16.16
2004-08-18,37.89,38.53,37.80,38.46,2323800,16.20
2004-08-17,37.25,38.25,37.06,37.88,1406600,15.95
2004-08-16,37.45,37.68,37.21,37.39,1640400,15.75
2004-08-13,37.06,37.56,37.06,37.45,2193200,15.77
2004-08-12,37.33,37.40,36.44,37.06,2426000,15.61
2004-08-11,37.48,37.48,36.97,37.12,1553000,15.63
2004-08-10,37.15,37.76,37.00,37.76,1559600,15.90
2004-08-09,36.90,37.29,36.75,37.15,1786200,15.65
2004-08-06,37.00,37.16,36.58,36.79,1904400,15.49
2004-08-05,37.82,38.09,37.07,37.15,1704200,15.65
2004-08-04,38.05,38.25,37.48,38.11,1394200,16.05
2004-08-03,38.64,38.81,38.19,38.26,1637000,16.11
2004-08-02,37.94,38.68,37.94,38.59,1868800,16.25
2004-07-30,38.27,38.46,37.86,38.39,1820800,16.17
2004-07-29,38.65,38.79,38.12,38.41,1313400,16.18
2004-07-28,38.87,38.91,38.18,38.50,1766600,16.21
2004-07-27,38.15,39.16,38.15,39.03,2401000,16.44
2004-07-26,38.00,38.33,37.83,38.12,1935000,16.05
2004-07-23,37.97,38.20,37.58,37.91,1744800,15.97
2004-07-22,37.50,38.29,36.95,38.17,3469600,16.08
2004-07-21,39.44,39.45,38.34,38.39,3309800,16.17
2004-07-20,39.01,39.53,38.93,39.25,3523400,16.53
2004-07-19,38.75,39.13,38.46,39.09,2501600,16.46
2004-07-16,38.98,39.01,38.36,38.50,2304800,16.21
2004-07-15,38.33,39.03,38.20,38.90,4716800,16.38
2004-07-14,37.29,38.90,37.21,37.95,6552600,15.98
2004-07-13,36.70,37.12,36.60,37.01,1754800,15.54
2004-07-12,36.02,36.86,35.75,36.70,1874400,15.41
2004-07-09,35.93,36.23,35.93,36.02,1225600,15.13
2004-07-08,36.09,36.17,35.78,35.93,1639000,15.09
2004-07-07,35.85,36.41,35.75,36.27,2248600,15.23
2004-07-06,36.38,36.38,35.80,35.88,2404000,15.07
2004-07-02,37.04,37.19,36.47,36.62,1532200,15.38
2004-07-01,37.10,37.49,36.57,37.04,2988400,15.56
2004-06-30,37.20,37.44,36.45,37.22,2524000,15.63
2004-06-29,37.15,37.40,37.10,37.23,1339400,15.64
2004-06-28,37.63,37.94,37.19,37.19,1369000,15.62
2004-06-25,37.64,37.77,37.50,37.62,2112400,15.80
2004-06-24,37.25,37.81,37.25,37.65,2546200,15.81
2004-06-23,37.40,37.46,37.07,37.41,1798600,15.71
2004-06-22,37.30,37.65,37.03,37.45,1986200,15.73
2004-06-21,37.88,38.01,37.43,37.43,1248800,15.72
2004-06-18,37.60,38.05,37.35,38.00,2026000,15.96
2004-06-17,37.80,38.29,37.37,37.78,1842800,15.87
2004-06-16,37.38,37.75,37.22,37.66,1239400,15.82
2004-06-15,37.15,37.45,36.90,37.38,1642000,15.70
2004-06-14,37.20,37.23,36.86,36.88,1711400,15.49
2004-06-10,37.62,37.76,37.42,37.45,1287200,15.73
2004-06-09,37.85,38.30,37.41,37.63,1395600,15.80
2004-06-08,36.83,38.20,36.83,38.01,3189000,15.96
2004-06-07,37.09,37.14,36.80,37.01,1376000,15.54
2004-06-04,37.20,37.37,36.95,37.07,1264200,15.57
2004-06-03,37.05,37.32,36.87,37.04,1378400,15.56
2004-06-02,37.07,37.40,36.80,37.11,1533200,15.59
2004-06-01,37.15,37.58,36.45,37.07,2649200,15.57
2004-05-28,36.47,37.71,36.39,37.50,2716800,15.75
2004-05-27,36.79,37.01,36.41,36.53,1761000,15.34
2004-05-26,36.53,37.15,36.53,36.80,1186000,15.46
2004-05-25,36.41,36.76,36.01,36.73,2758400,15.43
2004-05-24,36.71,36.96,36.26,36.51,2798600,15.33
2004-05-21,35.80,36.37,35.58,36.37,2600000,15.28
2004-05-20,36.40,36.40,35.04,35.72,3091200,15.00
2004-05-19,36.82,37.19,36.12,36.20,3722600,15.20
2004-05-18,36.15,36.67,36.12,36.62,1545200,15.38
2004-05-17,36.07,36.49,35.32,36.24,2177800,15.22
2004-05-14,36.03,36.79,36.03,36.32,3246600,15.25
2004-05-13,37.00,37.09,36.00,36.30,3937400,15.25
2004-05-12,37.49,37.59,36.40,37.31,2079200,15.67
2004-05-11,37.53,37.99,37.33,37.74,1614800,15.85
2004-05-10,37.36,38.08,37.18,37.55,2432600,15.77
2004-05-07,38.37,38.71,37.76,37.76,1578800,15.86
2004-05-06,38.70,39.00,38.50,38.81,1614000,16.30
2004-05-05,38.54,39.16,38.49,39.10,1917200,16.42
2004-05-04,39.01,39.31,38.60,38.76,2816200,16.28
2004-05-03,38.57,39.39,37.82,39.27,3486800,16.49
2004-04-30,38.72,38.99,38.20,38.79,2181000,16.29
2004-04-29,38.83,39.46,38.32,38.65,2682800,16.23
2004-04-28,38.75,39.46,38.57,38.66,3310800,16.24
2004-04-27,38.79,39.76,38.60,38.79,3418400,16.29
2004-04-26,39.07,39.11,38.33,38.94,2249800,16.36
2004-04-23,39.50,39.50,38.52,39.05,2361000,16.40
2004-04-22,36.60,40.16,36.60,39.50,8360800,16.59
2004-04-21,36.61,36.61,35.71,36.10,4074200,15.16
2004-04-20,37.99,38.40,36.56,36.61,3262800,15.38
2004-04-19,38.09,38.23,37.57,37.76,1863600,15.86
2004-04-16,37.75,38.81,37.58,38.39,1708200,16.12
2004-04-15,37.81,37.81,37.02,37.50,2067400,15.75
2004-04-14,37.92,37.93,37.04,37.81,3080800,15.88
2004-04-13,39.35,39.45,38.11,38.17,2530800,16.03
2004-04-12,38.67,39.38,38.67,39.12,1678000,16.43
2004-04-08,39.03,39.18,38.72,39.03,1906800,16.39
2004-04-07,39.00,39.03,38.53,38.78,1306800,16.29
2004-04-06,39.20,39.46,38.88,39.01,2253800,16.38
2004-04-05,38.21,39.49,38.17,39.49,3134600,16.59
2004-04-02,38.01,38.94,38.01,38.50,2395400,16.17
2004-04-01,37.99,38.05,37.54,38.05,3761600,15.98
2004-03-31,38.65,38.65,37.97,37.99,2125400,15.96
2004-03-30,37.80,38.74,37.76,38.65,2580400,16.23
2004-03-29,37.71,38.28,37.55,37.99,1424200,15.96
2004-03-26,37.44,37.87,37.43,37.46,2164400,15.73
2004-03-25,37.45,37.65,36.97,37.44,3160400,15.73
2004-03-24,36.91,37.25,36.72,36.97,2887800,15.53
2004-03-23,36.69,37.38,36.68,37.16,1713200,15.61
2004-03-22,36.66,36.98,36.50,36.61,2222000,15.38
2004-03-19,37.10,37.39,36.82,37.10,1746200,15.58
2004-03-18,37.75,37.89,37.04,37.28,3250400,15.66
2004-03-17,36.83,38.02,36.83,37.67,2366800,15.82
2004-03-16,37.00,37.13,36.72,36.91,4098200,15.50
2004-03-15,37.00,37.61,36.98,37.04,2267600,15.56
2004-03-12,37.30,37.43,37.00,37.18,2774400,15.62
2004-03-11,36.95,38.07,36.95,37.22,3641400,15.63
2004-03-10,38.10,38.15,37.00,37.12,2752400,15.59
2004-03-09,37.70,38.39,37.55,38.09,3022400,16.00
2004-03-08,38.03,38.18,37.71,37.90,1855000,15.92
2004-03-05,38.10,39.02,38.08,38.28,2914200,16.08
2004-03-04,37.45,38.40,37.45,38.10,3028800,16.00
2004-03-03,37.10,37.55,37.07,37.55,1658400,15.77
2004-03-02,37.25,37.62,36.85,37.17,2656600,15.61
2004-03-01,36.50,37.28,36.50,37.25,2520600,15.65
2004-02-27,36.98,37.35,36.70,37.03,3492000,15.55
2004-02-26,36.25,37.16,36.13,37.04,4994000,15.56
2004-02-25,35.35,36.18,35.25,36.05,2494200,15.14
2004-02-24,35.45,35.70,35.23,35.46,2024400,14.89
2004-02-23,35.68,35.80,35.50,35.54,1779600,14.93
2004-02-20,35.80,35.90,35.40,35.64,2979400,14.97
2004-02-19,35.65,35.87,35.50,35.60,3138400,14.95
2004-02-18,35.40,35.60,35.25,35.37,2319200,14.86
2004-02-17,35.40,35.76,35.13,35.54,4331400,14.93
2004-02-13,35.27,35.52,35.00,35.31,4033000,14.83
2004-02-12,34.70,35.49,34.70,35.27,8042000,14.81
2004-02-11,33.20,33.90,33.08,33.71,2913400,14.16
2004-02-10,33.20,33.25,33.00,33.18,2241000,13.94
2004-02-09,33.25,33.51,32.99,33.05,3058200,13.88
2004-02-06,33.10,33.35,32.92,33.25,2419800,13.97
2004-02-05,33.13,33.50,32.98,33.03,2746800,13.87
2004-02-04,33.35,33.38,32.85,33.10,3707000,13.90
2004-02-03,33.70,33.84,33.39,33.45,2342800,14.05
2004-02-02,34.10,34.12,33.30,33.75,2855000,14.18
2004-01-30,33.30,34.06,33.15,33.91,5416800,14.24
2004-01-29,33.00,33.79,32.13,32.56,8545600,13.68
2004-01-28,33.95,34.08,33.24,33.38,4968800,14.02
2004-01-27,34.60,35.01,33.91,33.96,4412800,14.26
2004-01-26,35.00,35.23,34.79,35.18,1788800,14.78
2004-01-23,35.45,35.78,34.87,35.07,3096600,14.73
2004-01-22,34.78,35.18,34.75,34.86,2324600,14.64
2004-01-21,34.10,34.85,34.10,34.85,1725600,14.64
2004-01-20,34.33,34.50,33.79,34.20,2709200,14.36
2004-01-16,34.75,34.98,34.38,34.38,2023800,14.44
2004-01-15,34.56,34.95,34.36,34.59,1861600,14.53
2004-01-14,34.35,34.98,34.30,34.60,2786000,14.53
2004-01-13,34.43,34.72,34.09,34.16,1224600,14.35
2004-01-12,34.20,34.66,34.15,34.50,1509200,14.49
2004-01-09,34.35,34.37,34.11,34.15,1471000,14.34
2004-01-08,34.40,34.72,34.30,34.54,1867600,14.51
2004-01-07,34.55,34.77,34.30,34.44,2590200,14.47
2004-01-06,34.90,35.24,34.77,35.04,2977800,14.72
2004-01-05,33.25,34.11,33.25,34.02,1952600,14.29
2004-01-02,34.39,34.39,33.41,33.53,2319400,14.08
2003-12-31,34.35,34.49,33.99,34.40,1954600,14.45
2003-12-30,34.25,34.43,34.05,34.43,1062400,14.46
2003-12-29,33.65,34.14,33.60,34.14,1272200,14.34
2003-12-26,33.55,34.05,33.40,33.64,692000,14.13
2003-12-24,33.78,34.01,33.25,33.71,1476400,14.16
2003-12-23,33.40,33.83,33.20,33.78,1852600,14.19
2003-12-22,32.62,33.37,32.54,33.29,2444000,13.98
2003-12-19,33.00,33.20,32.64,32.80,2580600,13.78
2003-12-18,32.90,33.16,32.70,32.96,3380800,13.84
2003-12-17,33.30,33.30,32.79,32.81,3233000,13.78
2003-12-16,33.81,34.06,33.10,33.29,3301800,13.98
2003-12-15,33.65,34.05,33.65,33.81,2495200,14.20
2003-12-12,34.10,34.29,33.54,33.54,3512000,14.09
2003-12-11,34.28,34.68,34.19,34.20,2278800,14.36
2003-12-10,34.21,34.46,34.11,34.28,1482400,14.40
2003-12-09,34.90,34.92,34.23,34.24,1627800,14.38
2003-12-08,33.85,34.94,33.83,34.92,3044000,14.67
2003-12-05,34.40,34.40,33.76,33.91,3686400,14.24
2003-12-04,34.87,35.10,34.57,34.78,3363200,14.61
2003-12-03,35.12,35.41,34.87,34.92,1928600,14.67
2003-12-02,35.14,35.31,34.80,35.00,2226600,14.70
2003-12-01,34.70,35.23,34.52,35.13,1958000,14.75
2003-11-28,34.20,34.85,34.20,34.49,918600,14.49
2003-11-26,34.02,34.40,33.93,34.33,1695200,14.42
2003-11-25,33.65,34.10,33.60,33.87,1772600,14.23
2003-11-24,32.80,33.76,32.80,33.65,2629600,14.13
2003-11-21,32.70,32.71,32.00,32.53,3859200,13.66
2003-11-20,32.75,33.09,32.35,32.60,1973800,13.69
2003-11-19,32.95,33.10,32.70,32.75,3258200,13.76
2003-11-18,33.77,33.92,33.12,33.12,2129800,13.91
2003-11-17,34.48,34.48,33.63,33.77,2102800,14.18
2003-11-14,34.68,34.78,34.45,34.48,1907400,14.48
2003-11-13,34.40,34.77,34.33,34.68,1209800,14.57
2003-11-12,34.08,34.64,34.05,34.54,1559600,14.51
2003-11-11,34.16,34.38,34.00,34.17,1165200,14.35
2003-11-10,34.28,34.39,33.98,34.16,1156800,14.35
2003-11-07,34.28,34.63,34.07,34.30,1747200,14.41
2003-11-06,33.88,34.33,33.71,34.28,1801000,14.40
2003-11-05,33.60,34.00,33.12,33.88,2866800,14.23
2003-11-04,34.06,34.06,33.65,33.76,3694600,14.18
2003-11-03,34.05,34.50,34.02,34.06,2519400,14.31
2003-10-31,33.97,34.15,33.82,34.14,1238800,14.34
2003-10-30,33.91,34.17,33.80,33.96,1475800,14.26
2003-10-29,33.30,33.95,33.21,33.90,1222800,14.24
2003-10-28,33.30,33.50,33.03,33.46,1836800,14.05
2003-10-27,32.88,33.35,32.68,33.10,1285400,13.90
2003-10-24,33.05,33.05,32.70,33.00,1698600,13.86
2003-10-23,32.89,33.21,32.62,33.09,1708800,13.90
2003-10-22,32.70,32.97,32.61,32.89,1785400,13.81
2003-10-21,33.40,33.40,32.77,32.88,2942000,13.81
2003-10-20,33.28,33.41,33.04,33.40,2824000,14.03
2003-10-17,33.11,33.32,33.02,33.32,2792600,13.99
2003-10-16,32.82,33.15,32.60,33.11,1904400,13.91
2003-10-15,32.70,32.77,32.40,32.77,1995400,13.76
2003-10-14,32.50,32.70,32.20,32.62,1443000,13.70
2003-10-13,32.10,32.48,31.96,32.47,1202800,13.64
2003-10-10,32.43,32.65,31.91,32.09,3384800,13.48
2003-10-09,32.33,33.33,32.23,32.43,3859400,13.62
2003-10-08,32.00,32.29,31.32,32.00,6537400,13.44
2003-10-07,31.04,31.57,31.02,31.57,2400400,13.26
2003-10-06,31.02,31.26,30.86,31.23,1419200,13.12
2003-10-03,31.53,31.70,31.00,31.07,2888400,13.05
2003-10-02,31.10,31.49,31.00,31.35,2533400,13.17
2003-10-01,29.85,31.32,29.81,31.32,4269000,13.15
2003-09-30,29.63,29.94,29.29,29.62,2081000,12.44
2003-09-29,29.55,29.70,29.20,29.61,1624200,12.44
2003-09-26,29.65,29.65,29.20,29.40,1433800,12.35
2003-09-25,30.37,30.37,29.72,29.78,1946000,12.51
2003-09-24,30.88,30.95,30.29,30.37,3139000,12.76
2003-09-23,30.20,30.86,30.20,30.86,1216600,12.96
2003-09-22,30.30,30.40,30.01,30.30,1257800,12.73
2003-09-19,30.55,30.69,30.38,30.50,1259400,12.81
2003-09-18,30.24,30.55,30.15,30.55,1072400,12.83
2003-09-17,30.25,30.32,30.08,30.14,1477400,12.66
2003-09-16,29.85,30.30,29.76,30.25,2406200,12.71
2003-09-15,29.69,30.03,29.64,30.00,1249800,12.60
2003-09-12,29.57,29.71,29.37,29.65,2381000,12.45
2003-09-11,29.60,29.91,29.21,29.62,2462200,12.44
2003-09-10,29.78,29.96,29.58,29.66,1785600,12.46
2003-09-09,29.96,29.99,29.63,29.78,1596800,12.51
2003-09-08,29.90,30.00,29.59,29.83,2215400,12.53
2003-09-05,30.16,30.29,29.79,29.95,1504400,12.58
2003-09-04,30.51,30.63,30.22,30.39,1337200,12.76
2003-09-03,30.32,30.69,30.11,30.60,2392000,12.85
2003-09-02,29.77,30.55,29.71,30.42,2731200,12.78
2003-08-29,29.52,29.72,29.50,29.65,890800,12.45
2003-08-28,29.20,29.65,28.97,29.60,2044400,12.43
2003-08-27,28.99,29.54,28.99,29.38,2351600,12.34
2003-08-26,28.67,29.04,28.45,28.95,2284600,12.16
2003-08-25,28.60,28.86,28.51,28.80,1335600,12.10
2003-08-22,29.05,29.16,28.62,28.70,1496800,12.05
2003-08-21,29.14,29.20,28.91,29.07,1487600,12.21
2003-08-20,28.90,29.25,28.82,29.15,2013600,12.24
2003-08-19,29.24,29.26,29.00,29.14,2106200,12.24
2003-08-18,29.10,29.51,29.10,29.26,1701000,12.29
2003-08-15,29.20,29.36,28.99,29.33,810400,12.32
2003-08-14,29.20,29.70,28.64,29.45,3887000,12.37
2003-08-13,29.57,29.74,29.35,29.42,1491600,12.36
2003-08-12,29.17,29.58,29.13,29.57,1816400,12.42
2003-08-11,28.97,29.10,28.72,28.97,1002200,12.17
2003-08-08,28.90,29.15,28.58,29.09,2594200,12.22
2003-08-07,29.22,29.24,28.75,28.80,2501200,12.10
2003-08-06,29.54,29.54,29.07,29.07,3441200,12.21
2003-08-05,29.73,29.76,29.35,29.54,2378800,12.41
2003-08-04,29.80,30.00,29.05,29.80,2279000,12.52
2003-08-01,29.93,30.00,29.50,29.92,1924200,12.57
2003-07-31,29.85,30.03,29.65,29.93,2171000,12.57
2003-07-30,29.43,29.78,29.38,29.65,1549800,12.45
2003-07-29,29.40,29.70,29.03,29.33,2484400,12.32
2003-07-28,29.10,29.51,28.95,29.22,2635200,12.27
2003-07-25,28.55,29.70,28.55,29.05,2548800,12.20
2003-07-24,28.90,29.11,28.39,28.56,1574800,12.00
2003-07-23,28.93,29.08,28.55,28.83,1436600,12.11
2003-07-22,28.95,29.00,28.38,28.83,3338200,12.11
2003-07-21,29.45,29.45,28.70,28.92,1595400,12.15
2003-07-18,29.20,29.38,28.91,29.25,2096400,12.29
2003-07-17,29.35,29.35,28.75,28.92,3182400,12.15
2003-07-16,29.66,29.96,29.00,29.62,4211400,12.44
2003-07-15,30.30,30.37,29.20,29.65,2955800,12.45
2003-07-14,30.15,30.66,29.92,30.35,3022200,12.75
2003-07-11,30.02,30.20,29.83,30.08,3207000,12.63
2003-07-10,30.19,30.19,29.50,30.02,2693600,12.61
2003-07-09,30.85,30.95,29.96,30.18,3576200,12.68
2003-07-08,30.28,30.89,30.23,30.82,1827200,12.94
2003-07-07,30.05,30.46,29.95,30.45,1937800,12.79
2003-07-03,29.95,30.19,29.80,30.00,1310400,12.60
2003-07-02,29.85,30.16,29.70,30.16,2500600,12.67
2003-07-01,29.45,29.98,29.40,29.88,4832000,12.55
2003-06-30,29.41,29.73,29.26,29.56,3640400,12.42
2003-06-27,28.78,29.29,28.70,29.26,2652200,12.29
2003-06-26,28.58,28.93,28.38,28.89,3134000,12.13
2003-06-25,29.15,29.49,28.60,28.80,1878600,12.10
2003-06-24,29.05,29.51,28.99,29.26,2101200,12.29
2003-06-23,29.30,29.35,28.80,29.07,1872800,12.21
2003-06-20,29.40,29.57,29.20,29.45,2750600,12.37
2003-06-19,29.00,29.90,28.98,29.27,4598400,12.29
2003-06-18,28.78,29.25,28.30,28.81,4015000,12.10
2003-06-17,28.58,28.96,28.41,28.75,1662000,12.08
2003-06-16,28.18,28.55,27.93,28.55,2687000,11.99
2003-06-13,28.49,28.67,28.06,28.33,1298400,11.90
2003-06-12,28.70,28.83,27.93,28.28,1485200,11.88
2003-06-11,28.22,28.55,27.87,28.54,1426000,11.99
2003-06-10,28.44,28.48,28.01,28.44,1439200,11.95
2003-06-09,28.50,28.90,28.15,28.37,2641800,11.92
2003-06-06,28.40,29.24,28.29,28.47,3786000,11.96
2003-06-05,27.35,28.49,27.35,28.40,2548000,11.93
2003-06-04,27.70,28.31,27.52,28.06,2050400,11.79
2003-06-03,27.78,27.94,27.37,27.64,2228600,11.61
2003-06-02,28.10,28.32,27.78,27.85,2632600,11.70
2003-05-30,27.36,28.00,27.33,27.96,2532000,11.74
2003-05-29,26.90,27.70,26.87,27.40,4966800,11.51
2003-05-28,26.82,27.16,26.67,26.78,2449400,11.25
2003-05-27,26.50,27.01,26.50,26.83,3431400,11.27
2003-05-23,26.48,26.60,26.22,26.50,1936600,11.13
2003-05-22,26.38,26.81,26.20,26.30,3774200,11.05
2003-05-21,27.04,27.49,26.20,26.56,5536800,11.16
2003-05-20,26.42,27.15,26.00,26.30,5819000,11.05
2003-05-19,26.28,26.42,26.01,26.42,3299600,11.10
2003-05-16,26.45,26.49,26.10,26.27,1392000,11.03
2003-05-15,26.14,26.45,25.96,26.38,2962800,11.08
2003-05-14,25.94,26.49,25.83,26.00,2842200,10.92
2003-05-13,25.90,26.00,25.62,25.86,1883000,10.86
2003-05-12,25.06,26.00,25.05,25.93,3028800,10.89
2003-05-09,25.24,25.33,24.93,25.28,1945000,10.62
2003-05-08,25.63,25.63,25.00,25.12,2290800,10.55
2003-05-07,25.77,25.93,25.50,25.65,2878000,10.77
2003-05-06,25.08,26.01,24.99,25.77,3685200,10.82
2003-05-05,24.99,25.27,24.84,24.93,3264200,10.47
2003-05-02,24.28,25.06,24.23,24.99,3016600,10.50
2003-05-01,24.55,24.58,24.06,24.47,1784600,10.28
2003-04-30,24.40,24.73,24.28,24.70,5903600,10.37
2003-04-29,24.97,25.05,24.52,24.77,3611000,10.40
2003-04-28,24.73,25.29,24.63,25.00,3668800,10.50
2003-04-25,24.78,25.10,24.30,24.51,2298600,10.29
2003-04-24,24.30,25.21,24.13,24.90,7922600,10.46
2003-04-23,23.95,24.04,22.94,23.40,8034800,9.83
2003-04-22,24.60,24.60,23.95,24.10,4562800,10.12
2003-04-21,24.63,24.73,24.40,24.61,1954800,10.34
2003-04-17,24.57,24.95,24.31,24.80,2127000,10.42
2003-04-16,25.07,25.07,24.19,24.33,3450400,10.22
2003-04-15,24.55,25.10,24.35,25.06,2086600,10.53
2003-04-14,24.75,24.81,24.30,24.60,3226200,10.33
2003-04-11,24.95,25.25,24.55,24.81,1829000,10.42
2003-04-10,24.17,24.79,24.13,24.73,2238600,10.39
2003-04-09,24.80,24.84,24.26,24.26,3430200,10.19
2003-04-08,24.30,24.78,24.10,24.59,3446600,10.33
2003-04-07,24.45,24.76,24.18,24.32,3377800,10.21
2003-04-04,24.25,24.28,23.92,24.13,1830800,10.13
2003-04-03,24.64,24.64,24.15,24.15,2329000,10.14
2003-04-02,24.25,24.79,24.25,24.59,3503800,10.33
2003-04-01,24.33,24.33,23.73,23.95,2147600,10.06
2003-03-31,24.35,24.51,24.05,24.33,2848400,10.22
2003-03-28,24.45,24.85,24.30,24.62,2225600,10.34
2003-03-27,24.10,24.79,24.05,24.56,2717200,10.32
2003-03-26,24.47,24.55,24.26,24.45,2102200,10.27
2003-03-25,24.30,24.90,23.78,24.53,3078800,10.30
2003-03-24,25.75,25.75,24.26,24.42,2164000,10.26
2003-03-21,25.05,25.79,24.82,25.75,3188000,10.82
2003-03-20,24.78,24.99,24.15,24.94,2529400,10.48
2003-03-19,24.60,24.89,24.40,24.82,1937000,10.42
2003-03-18,24.80,24.92,24.31,24.70,2095400,10.37
2003-03-17,23.48,24.75,23.27,24.75,3310000,10.40
2003-03-14,23.60,23.85,23.25,23.73,2687200,9.97
2003-03-13,22.45,23.55,22.40,23.55,3783400,9.89
2003-03-12,22.40,22.42,21.92,22.22,4301000,9.33
2003-03-11,22.48,22.74,22.33,22.43,3398200,9.42
2003-03-10,22.70,22.76,22.10,22.33,3951000,9.38
2003-03-07,22.51,23.01,22.38,23.00,3192400,9.66
2003-03-06,23.04,23.12,22.58,22.62,2429000,9.50
2003-03-05,22.95,23.21,22.80,23.04,2284600,9.68
2003-03-04,23.42,23.60,22.94,23.15,2927400,9.72
2003-03-03,23.85,24.18,23.33,23.33,2302000,9.80
2003-02-28,23.50,24.14,23.45,23.81,3117200,10.00
2003-02-27,22.95,23.63,22.76,23.50,2896800,9.87
2003-02-26,22.90,23.07,22.54,22.61,2985200,9.50
2003-02-25,22.79,23.08,22.52,22.93,3049000,9.63
2003-02-24,23.50,23.51,23.01,23.04,1916200,9.68
2003-02-21,23.23,23.76,23.07,23.62,2164800,9.92
2003-02-20,23.09,23.49,23.05,23.07,1966000,9.69
2003-02-19,23.15,23.24,22.86,23.07,1860600,9.69
2003-02-18,23.70,23.70,23.00,23.22,2524600,9.75
2003-02-14,22.85,23.74,22.75,23.58,2777000,9.90
2003-02-13,23.19,23.19,22.30,22.73,2683600,9.55
2003-02-12,23.83,23.95,23.05,23.11,2642400,9.71
2003-02-11,23.40,24.45,23.25,23.80,4893600,10.00
2003-02-10,21.96,22.49,21.54,22.43,2113400,9.42
2003-02-07,22.35,22.65,21.82,22.06,2491400,9.27
2003-02-06,22.50,22.68,22.16,22.28,2178000,9.36
2003-02-05,23.40,23.40,22.30,22.45,3087400,9.43
2003-02-04,23.37,23.65,23.00,23.17,1979200,9.73
2003-02-03,23.35,23.85,23.27,23.77,2220000,9.98
2003-01-31,23.05,23.29,22.65,23.18,4045800,9.74
2003-01-30,23.80,23.87,23.05,23.35,2424600,9.81
2003-01-29,23.20,24.25,22.96,24.04,2578400,10.10
2003-01-28,23.89,23.97,23.45,23.58,1678000,9.90
2003-01-27,24.16,24.33,23.63,23.65,2192400,9.93
2003-01-24,24.32,24.60,24.20,24.43,2521600,10.26
2003-01-23,24.74,24.77,23.88,24.28,3554800,10.20
2003-01-22,24.50,25.11,24.48,24.74,2764800,10.39
2003-01-21,25.15,25.32,24.53,24.70,2227600,10.37
2003-01-17,24.88,25.03,24.80,25.02,2764800,10.51
2003-01-16,25.34,25.39,24.67,24.81,4310800,10.42
2003-01-15,25.55,25.55,25.08,25.34,2001000,10.64
2003-01-14,25.00,25.85,25.00,25.38,7007800,10.66
2003-01-13,25.38,25.64,24.73,24.79,2800000,10.41
2003-01-10,25.04,25.53,24.80,25.48,1995000,10.70
2003-01-09,25.20,25.52,24.87,25.04,2838800,10.52
2003-01-08,25.15,25.50,24.94,25.27,2526200,10.61
2003-01-07,25.25,25.80,24.85,25.15,3358000,10.56
2003-01-06,24.45,25.24,24.44,24.99,2043800,10.50
2003-01-03,25.00,25.07,24.40,24.55,2330200,10.31
2003-01-02,24.44,25.29,24.10,25.12,2428800,10.55
2002-12-31,24.10,24.34,23.87,24.22,1738000,10.17
2002-12-30,24.12,24.35,23.85,24.24,2406000,10.18
2002-12-27,24.07,24.29,23.89,24.12,2188000,10.13
2002-12-26,23.95,24.49,23.64,24.08,2301800,10.11
2002-12-24,23.58,23.95,23.46,23.75,2566200,9.98
2002-12-23,23.92,24.15,23.17,23.47,5088000,9.86
2002-12-20,23.65,24.15,23.56,23.92,3538600,10.05
2002-12-19,23.65,23.95,23.32,23.39,4406400,9.82
2002-12-18,23.20,24.10,23.04,23.84,3549400,10.01
2002-12-17,23.25,23.40,22.84,23.20,3740000,9.74
2002-12-16,23.25,23.40,22.87,23.37,4238000,9.82
2002-12-13,23.15,23.35,22.80,23.25,2507600,9.77
2002-12-12,23.60,23.86,23.10,23.27,3872800,9.77
2002-12-11,22.70,22.80,22.02,22.45,5122200,9.43
2002-12-10,23.10,23.11,22.00,22.50,5194800,9.45
2002-12-09,23.00,23.83,22.87,22.96,4249400,9.64
2002-12-06,23.45,23.95,23.36,23.88,2823400,10.03
2002-12-05,24.20,24.30,23.36,23.81,3130600,10.00
2002-12-04,23.26,24.15,23.24,23.85,3349600,10.02
2002-12-03,23.61,23.85,23.29,23.43,2652600,9.84
2002-12-02,24.25,24.25,23.76,23.95,3201000,10.06
2002-11-29,23.94,24.10,23.71,23.91,1172800,10.04
2002-11-27,23.46,23.96,23.32,23.93,2306200,10.05
2002-11-26,23.55,23.71,23.21,23.58,2623400,9.90
2002-11-25,23.90,24.05,23.20,23.97,4863200,10.07
2002-11-22,23.73,23.93,23.51,23.75,2974200,9.98
2002-11-21,23.65,24.30,23.54,23.73,3887800,9.97
2002-11-20,22.61,23.57,22.40,23.40,2796400,9.83
2002-11-19,22.10,23.07,22.10,22.85,3508800,9.60
2002-11-18,22.90,22.98,22.70,22.88,2636400,9.61
2002-11-15,22.16,22.72,22.09,22.64,3320000,9.51
2002-11-14,22.00,22.36,21.87,22.16,3242600,9.31
2002-11-13,21.40,21.90,20.93,21.75,5991000,9.14
2002-11-12,21.90,22.11,21.15,21.75,4936800,9.14
2002-11-11,22.05,22.25,21.48,21.50,3188000,9.03
2002-11-08,22.05,22.35,21.83,22.15,4338000,9.30
2002-11-07,21.90,23.10,21.48,22.80,4646800,9.58
2002-11-06,22.33,22.58,21.85,22.36,4022600,9.39
2002-11-05,22.70,23.16,22.10,22.44,5213000,9.43
2002-11-04,23.00,23.67,22.70,22.70,5837400,9.53
2002-11-01,21.90,23.25,21.90,23.00,4505600,9.66
2002-10-31,22.55,23.13,22.40,22.53,4661400,9.46
2002-10-30,22.90,23.30,22.55,23.10,5315000,9.70
2002-10-29,23.35,23.71,23.00,23.61,4038600,9.92
2002-10-28,23.94,24.24,23.35,23.60,3747000,9.91
2002-10-25,23.65,23.90,23.22,23.67,4329800,9.94
2002-10-24,24.95,25.00,23.00,23.28,7593400,9.78
2002-10-23,24.63,24.93,23.90,24.50,4752000,10.29
2002-10-22,24.85,25.85,24.26,24.63,5360800,10.34
2002-10-21,23.25,24.53,23.19,24.52,5611800,10.30
2002-10-18,22.41,23.46,21.95,23.37,6285600,9.82
2002-10-17,22.05,22.49,21.50,22.41,6695800,9.41
2002-10-16,21.80,22.00,20.35,21.31,10582400,8.95
2002-10-15,23.85,24.21,21.69,21.99,11734800,9.24
2002-10-14,22.81,23.30,22.55,23.15,6153400,9.72
2002-10-11,23.62,24.60,21.40,22.81,17834200,9.58
2002-10-10,26.70,27.00,22.55,23.57,26540400,9.90
2002-10-09,29.10,30.00,28.72,29.75,5364600,12.50
2002-10-08,29.42,29.99,28.97,29.55,4177000,12.41
2002-10-07,29.55,29.90,28.80,29.02,2678400,12.19
2002-10-04,29.57,29.84,28.35,29.18,3109200,12.26
2002-10-03,29.55,30.89,29.24,29.57,4958800,12.42
2002-10-02,29.30,30.19,28.82,29.55,4067400,12.41
2002-10-01,27.72,29.49,27.50,29.38,6347800,12.34
2002-09-30,28.02,28.24,27.18,27.71,4032800,11.64
2002-09-27,28.50,28.71,28.02,28.02,3103200,11.77
2002-09-26,28.75,29.43,28.24,28.53,3686400,11.98
2002-09-25,27.75,28.48,27.72,28.23,3353400,11.86
2002-09-24,27.40,28.00,26.83,27.32,3471800,11.47
2002-09-23,27.90,28.00,27.39,27.79,2315400,11.67
2002-09-20,27.25,28.35,27.25,28.10,4622400,11.80
2002-09-19,27.61,28.60,27.40,27.88,2960000,11.71
2002-09-18,27.15,28.34,26.14,28.06,6280400,11.79
2002-09-17,28.90,29.32,27.24,27.26,6556400,11.45
2002-09-16,29.06,29.67,28.69,29.35,3062600,12.33
2002-09-13,29.50,29.50,28.78,29.33,3797800,12.32
2002-09-12,30.05,30.21,28.36,29.91,7520400,12.56
2002-09-11,30.40,30.40,29.11,29.21,2525000,12.27
2002-09-10,31.00,31.16,29.49,30.01,4915600,12.60
2002-09-09,31.20,31.70,30.93,31.39,2832800,13.18
2002-09-06,31.22,31.56,30.65,31.50,2568600,13.23
2002-09-05,30.22,31.00,29.95,30.93,3296600,12.99
2002-09-04,29.80,30.23,29.53,30.23,2181400,12.70
2002-09-03,30.33,30.33,29.45,29.85,2118600,12.54
2002-08-30,30.80,30.90,30.00,30.33,2713600,12.74
2002-08-29,30.99,31.00,30.03,30.80,2572600,12.94
2002-08-28,31.05,31.51,30.57,30.99,4499200,13.02
2002-08-27,30.45,31.25,29.56,31.05,5522200,13.04
2002-08-26,30.75,31.05,29.75,30.50,2617400,12.81
2002-08-23,30.54,31.10,30.45,30.53,2030000,12.82
2002-08-22,30.18,30.90,29.66,30.63,3138000,12.86
2002-08-21,30.12,30.52,29.65,30.18,2804400,12.68
2002-08-20,30.67,30.76,29.60,30.07,2335800,12.63
2002-08-19,29.80,30.81,29.55,30.75,2372200,12.92
2002-08-16,29.80,30.21,29.26,29.90,3193400,12.56
2002-08-15,29.30,30.73,29.28,30.50,4477200,12.81
2002-08-14,28.05,29.18,27.15,29.18,3497400,12.26
2002-08-13,28.81,28.90,28.00,28.13,2463400,11.81
2002-08-12,28.90,29.51,28.60,29.25,3002600,12.29
2002-08-09,28.80,29.50,28.38,29.32,2815600,12.31
2002-08-08,28.10,29.25,27.60,29.13,3351800,12.23
2002-08-07,28.45,28.90,27.50,28.55,4572000,11.99
2002-08-06,28.00,28.35,27.70,27.92,3793800,11.73
2002-08-05,26.35,27.45,26.23,26.92,3714600,11.31
2002-08-02,28.08,28.08,25.85,26.48,6437200,11.12
2002-08-01,30.00,30.30,27.86,28.21,6672200,11.85
2002-07-31,29.57,30.90,29.15,30.90,4047200,12.98
2002-07-30,29.40,30.46,28.84,29.57,4734600,12.42
2002-07-29,29.40,29.89,28.95,29.68,4495400,12.47
2002-07-26,28.60,29.29,28.28,29.22,3156200,12.27
2002-07-25,28.90,30.49,27.75,28.50,6993800,11.97
2002-07-24,26.25,28.89,25.35,28.88,7204600,12.13
2002-07-23,25.50,26.15,24.51,25.15,5105400,10.56
2002-07-22,24.45,25.33,23.08,23.96,3000200,10.06
2002-07-19,25.05,26.00,24.53,24.76,2646600,10.40
2002-07-18,26.35,26.75,25.45,25.79,2532800,10.83
2002-07-17,26.83,27.19,26.02,26.39,3473400,11.08
2002-07-16,25.40,26.54,25.36,25.99,3093200,10.92
2002-07-15,26.39,26.40,24.24,25.56,5138000,10.74
2002-07-12,27.03,27.15,26.17,26.49,2130800,11.13
2002-07-11,27.60,28.03,26.70,26.86,3690600,11.28
2002-07-10,28.00,28.45,27.40,27.55,3602000,11.57
2002-07-09,28.41,28.80,27.07,27.35,3071000,11.49
2002-07-08,28.85,29.09,27.98,28.40,2305000,11.93
2002-07-05,28.16,29.00,28.15,28.61,1350200,12.02
2002-07-03,28.89,29.49,27.66,28.25,3224200,11.87
2002-07-02,29.08,29.49,28.40,28.93,3270000,12.15
2002-07-01,29.60,29.98,28.67,29.23,5016000,12.28
2002-06-28,30.83,30.83,29.25,29.25,6035400,12.29
2002-06-27,30.85,31.10,30.32,30.83,2909600,12.95
2002-06-26,30.66,30.98,29.89,30.50,4998600,12.81
2002-06-25,31.98,32.04,30.62,30.66,2201400,12.88
2002-06-24,32.47,32.60,31.50,31.90,3868200,13.40
2002-06-21,32.20,33.13,32.20,32.46,4483400,13.63
2002-06-20,32.90,33.17,32.54,32.89,3414800,13.81
2002-06-19,32.50,32.80,32.15,32.45,3033400,13.63
2002-06-18,32.15,32.59,32.01,32.50,2237600,13.65
2002-06-17,62.90,64.50,62.80,64.11,3432400,13.46
2002-06-14,63.80,63.90,62.10,62.67,4102800,13.16
2002-06-13,64.50,64.60,64.00,64.00,1914400,13.44
2002-06-12,64.70,64.95,64.10,64.43,3130800,13.53
2002-06-11,65.70,65.95,64.30,64.60,4112800,13.57
2002-06-10,65.10,66.14,65.00,65.60,3942000,13.78
2002-06-07,65.16,66.00,65.13,65.25,2418800,13.70
2002-06-06,64.90,65.75,64.74,65.16,3437200,13.68
2002-06-05,62.72,64.95,62.70,64.92,4480400,13.63
2002-06-04,63.10,64.14,62.61,62.86,2435200,13.20
2002-06-03,64.05,64.43,63.43,63.44,2858800,13.32
2002-05-31,62.75,64.00,62.50,63.90,3885200,13.42
2002-05-30,64.36,64.61,63.34,63.60,2927200,13.36
2002-05-29,63.50,64.69,63.50,64.33,2646400,13.51
2002-05-28,64.00,64.38,63.49,63.49,2019200,13.33
2002-05-24,64.55,64.70,63.50,63.72,2913200,13.38
2002-05-23,64.48,65.10,64.15,64.53,4125600,13.55
2002-05-22,65.00,65.25,64.00,64.48,2474800,13.54
2002-05-21,65.30,65.35,64.93,64.94,2915600,13.64
2002-05-20,64.90,65.45,64.52,65.34,1897600,13.72
2002-05-17,64.65,65.48,64.55,65.05,2841200,13.66
2002-05-16,65.05,65.31,64.45,64.61,3064800,13.57
2002-05-15,63.90,65.78,63.90,64.90,5530800,13.63
2002-05-14,63.97,64.40,63.25,64.15,3080800,13.47
2002-05-13,63.21,63.96,63.00,63.75,3034000,13.39
2002-05-10,63.10,63.88,63.06,63.21,3224400,13.27
2002-05-09,63.28,64.11,63.28,63.66,2712400,13.37
2002-05-08,64.00,64.08,62.93,63.67,5493200,13.37
2002-05-07,63.10,63.50,62.71,63.31,3674000,13.30
2002-05-06,62.85,63.20,62.45,62.95,3368800,13.22
2002-05-03,62.80,63.73,62.49,62.84,2963600,13.20
2002-05-02,61.68,63.19,61.51,63.09,3954400,13.25
2002-05-01,61.55,62.25,61.02,61.74,4554000,12.97
2002-04-30,61.85,63.65,61.80,63.06,4621600,13.24
2002-04-29,61.63,62.21,61.09,61.27,2398800,12.87
2002-04-26,63.53,63.60,61.53,61.60,2373200,12.94
2002-04-25,63.40,63.93,62.80,63.53,1920800,13.34
2002-04-24,63.10,63.67,63.02,63.37,2437600,13.31
2002-04-23,62.30,63.29,62.05,62.90,1698800,13.21
2002-04-22,62.00,63.15,61.85,62.60,3615600,13.15
2002-04-19,61.00,61.54,60.61,61.49,2371200,12.91
2002-04-18,59.97,61.00,59.82,60.87,2785200,12.78
2002-04-17,61.20,61.30,59.50,59.87,2861600,12.57
2002-04-16,61.85,62.35,61.12,61.25,1712800,12.86
2002-04-15,62.00,62.40,61.40,61.60,2139600,12.94
2002-04-12,61.95,62.97,61.70,62.34,2535200,13.09
2002-04-11,62.50,63.48,61.52,61.79,2863200,12.98
2002-04-10,61.20,62.80,61.20,62.29,3977200,13.08
2002-04-09,60.35,61.55,60.35,61.13,5058400,12.84
2002-04-08,58.25,60.18,58.15,60.00,2680400,12.60
2002-04-05,58.65,59.24,58.45,59.15,1995200,12.42
2002-04-04,57.96,58.60,57.58,58.50,3586400,12.29
2002-04-03,58.80,58.80,57.66,58.21,3198000,12.22
2002-04-02,58.18,59.22,58.05,58.78,1670800,12.34
2002-04-01,58.79,58.79,56.93,58.14,2838400,12.21
2002-03-28,59.70,59.70,58.70,58.78,3874000,12.34
2002-03-27,58.90,59.99,58.65,59.75,2134000,12.55
2002-03-26,57.55,59.12,57.55,58.88,2174000,12.37
2002-03-25,58.05,58.25,57.40,57.78,2496800,12.13
2002-03-22,57.90,58.89,57.51,57.74,2419200,12.13
2002-03-21,59.20,59.41,57.65,58.15,1806400,12.21
2002-03-20,58.20,59.30,57.70,58.97,2788800,12.38
2002-03-19,58.35,58.70,58.24,58.45,1927200,12.27
2002-03-18,58.00,58.50,57.80,58.25,3002400,12.23
2002-03-15,57.30,58.50,57.30,58.49,3220400,12.28
2002-03-14,57.44,57.99,56.50,57.50,3297600,12.08
2002-03-13,56.00,57.98,55.71,56.58,6564800,11.88
2002-03-12,56.40,56.95,55.55,55.60,11010800,11.68
2002-03-11,58.05,58.05,57.00,57.51,4048800,12.08
2002-03-08,59.98,60.45,57.52,58.15,5606800,12.21
2002-03-07,59.45,59.85,59.15,59.48,2380400,12.49
2002-03-06,59.40,60.10,59.06,59.91,2510800,12.58
2002-03-05,59.80,60.09,59.18,59.37,1938000,12.47
2002-03-04,59.50,60.29,59.30,59.80,3123200,12.56
2002-03-01,59.00,59.88,58.88,59.15,3999200,12.42
2002-02-28,58.50,59.95,58.50,59.13,3836800,12.42
2002-02-27,57.95,58.46,57.59,58.37,3039600,12.26
2002-02-26,58.00,58.16,57.41,57.90,2845200,12.16
2002-02-25,57.15,58.76,57.01,58.20,4836000,12.22
2002-02-22,54.80,56.67,54.80,56.61,3483200,11.89
2002-02-21,55.95,56.29,55.00,55.05,2056000,11.56
2002-02-20,55.85,56.11,55.25,55.95,3355200,11.75
2002-02-19,55.53,56.30,55.35,55.80,3302800,11.72
2002-02-15,56.34,56.77,55.28,55.53,2625600,11.66
2002-02-14,55.50,56.10,55.24,56.01,3055600,11.76
2002-02-13,54.85,55.52,54.45,55.52,4304800,11.66
2002-02-12,55.00,55.21,53.00,53.67,3620400,11.27
2002-02-11,54.50,54.76,53.48,54.31,1900400,11.41
2002-02-08,54.25,54.50,53.24,54.50,1994800,11.45
2002-02-07,54.65,55.08,54.25,54.50,2000400,11.45
2002-02-06,56.05,56.20,54.63,54.98,3184400,11.55
2002-02-05,55.20,56.05,55.20,55.87,2704000,11.73
2002-02-04,55.10,55.74,54.96,55.17,1929600,11.59
2002-02-01,55.40,55.50,54.80,55.19,2046400,11.59
2002-01-31,54.95,55.95,54.06,55.80,5475600,11.72
2002-01-30,53.50,54.65,53.35,54.30,5377200,11.40
2002-01-29,52.90,53.50,52.40,53.35,3280400,11.20
2002-01-28,52.05,53.10,51.95,53.06,1947600,11.14
2002-01-25,52.25,52.40,51.50,52.05,1878000,10.93
2002-01-24,53.00,53.60,52.62,52.98,2480400,11.13
2002-01-23,52.73,54.39,52.60,53.74,3650400,11.29
2002-01-22,53.10,53.10,51.70,52.53,3318800,11.03
2002-01-18,53.02,53.48,52.41,53.17,2921200,11.17
2002-01-17,52.65,53.69,52.65,53.06,2866400,11.14
2002-01-16,53.20,54.55,53.02,53.06,3554400,11.14
2002-01-15,53.25,53.45,52.76,53.30,2472800,11.19
2002-01-14,53.00,53.05,52.45,52.74,2103200,11.08
2002-01-11,53.40,53.70,52.78,53.11,2009200,11.15
2002-01-10,52.85,53.56,52.80,53.35,3362800,11.20
2002-01-09,52.90,53.35,52.76,52.90,4419600,11.11
2002-01-08,52.50,53.00,52.50,52.85,5768000,11.10
2002-01-07,51.57,52.25,51.22,51.85,5974000,10.89
2002-01-04,48.80,50.90,48.80,50.90,5838400,10.69
2002-01-03,48.04,49.00,48.02,49.00,3926000,10.29
2002-01-02,49.50,49.70,47.85,47.99,4585600,10.08
2001-12-31,49.25,49.69,47.94,49.20,4300000,10.33
2001-12-28,49.70,49.70,49.00,49.24,3941600,10.34
2001-12-27,50.02,50.20,49.06,49.57,3971600,10.41
2001-12-26,50.70,50.82,49.72,50.02,2656800,10.50
2001-12-24,50.85,50.95,50.25,50.70,827200,10.65
2001-12-21,51.55,51.55,50.39,50.69,3735200,10.65
2001-12-20,51.65,52.40,51.00,51.20,2739600,10.75
2001-12-19,52.58,52.80,51.20,51.47,3243600,10.81
2001-12-18,53.00,53.30,52.30,52.57,8058000,11.04
2001-12-17,51.80,53.31,51.80,53.08,3507200,11.15
2001-12-14,50.70,51.90,50.70,51.77,4543200,10.87
2001-12-13,50.55,51.15,49.79,50.60,2160800,10.63
2001-12-12,50.62,51.25,50.18,50.55,4274800,10.62
2001-12-11,49.66,50.45,49.20,50.00,1824400,10.50
2001-12-10,49.32,50.26,49.14,49.65,1538000,10.43
2001-12-07,49.85,49.85,48.50,49.31,1725200,10.36
2001-12-06,49.80,50.05,49.21,49.90,2558000,10.48
2001-12-05,49.70,50.18,48.98,49.59,4929600,10.41
2001-12-04,47.95,49.78,47.91,49.43,1935600,10.38
2001-12-03,47.50,48.35,47.20,47.98,2459600,10.08
2001-11-30,48.10,48.25,47.10,47.45,3528800,9.96
2001-11-29,48.30,48.60,47.87,48.15,2005200,10.11
2001-11-28,48.70,49.00,48.20,48.30,2014400,10.14
2001-11-27,48.95,49.59,48.50,48.71,2645600,10.23
2001-11-26,49.00,49.65,48.86,49.18,1732400,10.33
2001-11-23,48.60,49.05,48.26,48.84,713200,10.26
2001-11-21,48.20,48.59,48.01,48.39,1540800,10.16
2001-11-20,48.75,49.25,48.45,48.89,2934800,10.27
2001-11-19,50.70,50.70,48.90,49.39,2977200,10.37
2001-11-16,51.25,51.25,50.45,50.46,1987600,10.60
2001-11-15,51.08,51.25,50.57,51.00,2850000,10.71
2001-11-14,51.35,51.48,50.70,51.08,2202000,10.73
2001-11-13,50.82,51.45,50.80,51.23,2770400,10.76
2001-11-12,50.80,50.99,50.03,50.82,1610000,10.67
2001-11-09,50.80,51.20,50.41,50.91,1711200,10.69
2001-11-08,50.60,51.38,50.00,51.04,3870000,10.72
2001-11-07,50.90,51.58,49.64,50.60,5047600,10.63
2001-11-06,51.30,52.40,50.80,52.40,2737600,11.00
2001-11-05,51.00,52.10,50.60,51.27,2972400,10.77
2001-11-02,51.15,51.70,50.70,51.09,4224800,10.73
2001-11-01,50.59,51.35,49.70,51.21,4314000,10.75
2001-10-31,49.75,50.77,49.74,50.59,6506800,10.62
2001-10-30,49.92,49.95,48.91,49.75,3548800,10.45
2001-10-29,49.59,50.03,49.18,49.92,4767200,10.48
2001-10-26,48.62,49.60,48.19,49.49,4221600,10.39
2001-10-25,47.74,48.80,47.10,48.63,2515200,10.21
2001-10-24,47.00,48.50,46.64,47.74,3813200,10.03
2001-10-23,49.70,49.70,46.98,47.00,7562000,9.87
2001-10-22,49.57,50.00,49.32,49.70,7219600,10.44
2001-10-19,48.00,50.20,47.80,50.00,7208400,10.50
2001-10-18,47.60,48.55,47.20,48.52,3889200,10.19
2001-10-17,46.75,48.01,46.75,47.60,5630400,10.00
2001-10-16,45.85,47.50,45.70,46.50,5230800,9.77
2001-10-15,44.85,45.00,44.05,45.00,3547200,9.45
2001-10-12,44.61,45.03,43.27,44.65,3199200,9.38
2001-10-11,43.25,44.89,43.25,44.36,5824400,9.32
2001-10-10,41.85,42.62,41.77,42.28,1898800,8.88
2001-10-09,41.74,41.96,41.50,41.82,1106800,8.78
2001-10-08,42.05,42.50,41.10,41.73,1569600,8.76
2001-10-05,42.27,42.80,41.60,42.27,1630800,8.88
2001-10-04,41.55,43.00,41.25,42.07,2959600,8.83
2001-10-03,38.97,42.22,38.39,41.60,5116800,8.74
2001-10-02,38.12,39.18,37.60,38.97,4122400,8.18
2001-10-01,38.50,38.62,37.85,38.12,5149600,8.01
2001-09-28,39.05,39.61,38.88,39.22,2595600,8.24
2001-09-27,39.00,39.50,38.82,39.21,1310000,8.23
2001-09-26,39.48,39.78,39.13,39.16,846000,8.22
2001-09-25,39.40,39.95,38.83,39.23,2011600,8.24
2001-09-24,38.85,39.35,38.65,39.14,3546800,8.22
2001-09-21,38.25,39.70,37.55,38.55,4293600,8.10
2001-09-20,38.75,40.60,37.85,39.44,3680000,8.28
2001-09-19,39.65,40.73,38.25,38.91,2453600,8.17
2001-09-18,39.32,40.60,38.85,39.65,2805600,8.33
2001-09-17,40.87,40.87,37.80,39.32,4210400,8.26
2001-09-10,40.50,41.60,40.50,40.87,2734000,8.58
2001-09-07,40.20,40.95,40.17,40.70,3668000,8.55
2001-09-06,41.80,42.00,40.53,40.77,1936000,8.56
2001-09-05,42.20,42.25,41.52,41.95,3673200,8.81
2001-09-04,42.54,43.47,41.90,42.05,4833600,8.83
2001-08-31,44.18,44.35,42.24,42.62,6023200,8.95
2001-08-30,44.01,44.45,43.95,44.20,3568000,9.28
2001-08-29,44.00,44.17,43.98,44.01,2382800,9.24
2001-08-28,44.15,44.28,43.85,43.94,1695600,9.23
2001-08-27,44.45,44.45,44.00,44.10,1749600,9.26
2001-08-24,44.50,44.64,44.11,44.44,1694400,9.33
2001-08-23,44.26,44.85,44.25,44.47,2034800,9.34
2001-08-22,44.50,44.70,44.11,44.30,2012000,9.30
2001-08-21,44.50,44.65,44.20,44.28,1786800,9.30
2001-08-20,44.04,44.60,43.92,44.48,814400,9.34
2001-08-17,43.70,44.65,43.04,44.04,1476000,9.25
2001-08-16,42.95,43.98,42.95,43.84,1940000,9.21
2001-08-15,43.55,43.83,43.05,43.50,1374800,9.14
2001-08-14,43.30,43.60,43.10,43.60,1292000,9.16
2001-08-13,43.95,43.95,42.86,43.39,1466800,9.11
2001-08-10,43.85,44.10,43.15,43.60,1142000,9.16
2001-08-09,43.45,44.01,43.20,43.85,1518400,9.21
2001-08-08,43.35,44.25,43.19,43.50,2171600,9.14
2001-08-07,44.15,44.18,43.09,43.39,3144400,9.11
2001-08-06,44.85,44.93,43.85,44.40,1667600,9.32
2001-08-03,45.44,45.48,44.40,45.10,1842400,9.47
2001-08-02,45.35,45.85,45.00,45.45,1750000,9.54
2001-08-01,45.05,45.98,44.50,45.74,4102800,9.61
2001-07-31,45.18,45.75,44.15,45.75,2810800,9.61
2001-07-30,43.51,45.65,43.00,45.43,3933200,9.54
2001-07-27,42.65,43.86,41.35,43.50,10508400,9.14
2001-07-26,45.00,45.00,44.10,44.70,1853600,9.39
2001-07-25,44.75,45.25,44.21,45.16,3046800,9.48
2001-07-24,45.00,45.39,44.90,45.05,1227200,9.46
2001-07-23,45.10,45.95,45.10,45.24,2202800,9.50
2001-07-20,44.00,45.40,44.00,45.00,3434400,9.45
2001-07-19,43.95,44.62,43.84,44.00,1436800,9.24
2001-07-18,44.42,44.51,43.70,43.92,1461200,9.22
2001-07-17,45.00,45.24,43.40,44.42,2657600,9.33
2001-07-16,43.90,45.70,43.11,45.24,2746400,9.50
2001-07-13,42.55,43.85,42.42,43.77,2560400,9.19
2001-07-12,42.62,42.96,42.12,42.50,4311200,8.93
2001-07-11,42.95,43.50,42.59,42.77,1306400,8.98
2001-07-10,43.10,43.89,42.91,43.00,2076800,9.03
2001-07-09,42.90,43.70,42.90,43.64,1028800,9.16
2001-07-06,43.70,43.70,42.53,42.90,1977600,9.01
2001-07-05,43.53,44.18,43.53,43.99,1217600,9.24
2001-07-03,43.62,43.89,43.40,43.78,675600,9.19
2001-07-02,43.91,44.10,43.70,43.87,1388800,9.21
2001-06-29,44.15,44.15,43.70,43.90,3633600,9.22
2001-06-28,42.70,44.72,42.70,43.90,2967600,9.22
2001-06-27,43.69,43.75,43.15,43.40,2886400,9.11
2001-06-26,43.65,44.10,43.40,43.69,4957600,9.18
2001-06-25,44.85,45.35,44.35,44.35,2863200,9.31
2001-06-22,45.85,45.99,44.72,45.10,3184400,9.47
2001-06-21,45.55,46.40,45.52,46.06,4378000,9.67
2001-06-20,45.90,46.28,45.52,46.24,4002000,9.71
2001-06-19,45.80,46.92,45.77,45.95,1797600,9.65
2001-06-18,46.65,46.65,45.87,46.24,2400800,9.71
2001-06-15,46.80,47.10,46.10,46.89,2670000,9.85
2001-06-14,47.64,47.65,46.62,46.94,1739600,9.86
2001-06-13,47.64,48.75,47.50,47.79,2836800,10.04
2001-06-12,45.47,47.73,45.45,47.64,2593600,10.00
2001-06-11,46.20,46.90,46.20,46.26,3156400,9.71
2001-06-08,45.90,46.10,45.00,45.78,2287200,9.61
2001-06-07,44.31,45.58,44.31,45.26,3119200,9.50
2001-06-06,45.61,46.01,44.30,44.46,3162800,9.34
2001-06-05,45.90,46.18,45.11,45.60,2699200,9.58
2001-06-04,46.20,46.27,45.80,46.06,1742000,9.67
2001-06-01,45.70,46.60,45.65,46.30,2889200,9.72
2001-05-31,45.55,46.35,44.80,45.70,6017200,9.60
2001-05-30,46.00,46.60,45.86,46.30,4016400,9.72
2001-05-29,44.50,45.55,44.30,45.55,3240000,9.57
2001-05-25,44.80,45.40,44.80,45.00,3896800,9.45
2001-05-24,43.50,44.80,43.42,44.65,3672000,9.38
2001-05-23,43.45,43.46,43.05,43.30,1906400,9.09
2001-05-22,43.00,43.68,42.95,43.45,2164000,9.12
2001-05-21,42.95,42.99,42.53,42.86,1640800,9.00
2001-05-18,41.80,42.95,41.76,42.95,2307200,9.02
2001-05-17,42.00,42.33,41.25,41.99,2816000,8.82
2001-05-16,42.00,42.40,41.70,42.13,2522000,8.85
2001-05-15,42.22,42.60,42.22,42.45,1875200,8.91
2001-05-14,42.50,42.75,41.80,42.22,1966400,8.87
2001-05-11,41.68,42.13,41.40,42.08,1770400,8.84
2001-05-10,42.00,42.00,41.26,41.43,3298000,8.70
2001-05-09,41.05,41.58,41.05,41.28,1414800,8.67
2001-05-08,41.45,41.78,41.26,41.45,2448800,8.70
2001-05-07,41.80,41.99,41.20,41.67,1713600,8.75
2001-05-04,40.80,42.01,40.60,41.96,2569600,8.81
2001-05-03,41.60,41.60,40.33,41.04,4802000,8.62
2001-05-02,43.75,43.76,40.80,42.25,11395200,8.87
2001-05-01,44.50,45.29,43.66,44.75,7169600,9.40
2001-04-30,43.55,44.95,43.49,44.82,3456400,9.41
2001-04-27,43.50,43.92,43.25,43.70,3249200,9.18
2001-04-26,42.88,43.60,42.85,43.52,4089600,9.14
2001-04-25,41.95,43.00,41.73,42.88,4380400,9.01
2001-04-24,41.60,42.20,41.50,41.80,4127200,8.78
2001-04-23,40.50,41.31,40.30,41.00,3433600,8.61
2001-04-20,39.90,40.80,39.60,40.00,4446400,8.40
2001-04-19,39.75,40.00,39.10,40.00,3596000,8.40
2001-04-18,38.20,39.19,38.00,39.04,2005200,8.20
2001-04-17,38.00,38.30,37.79,37.96,1602800,7.97
2001-04-16,37.45,38.29,37.40,38.03,1868800,7.99
2001-04-12,37.15,37.50,36.81,37.46,1779600,7.87
2001-04-11,37.25,37.67,37.03,37.17,3368400,7.81
2001-04-10,37.65,38.10,36.75,37.75,2273600,7.93
2001-04-09,37.70,38.44,37.65,37.85,2613200,7.95
2001-04-06,38.00,38.00,36.47,37.12,2422400,7.80
2001-04-05,37.80,38.20,37.65,38.06,1751600,7.99
2001-04-04,37.05,37.84,36.80,37.80,2241200,7.94
2001-04-03,38.24,38.24,36.75,37.19,2396400,7.81
2001-04-02,38.00,38.76,37.85,38.24,1746400,8.03
2001-03-30,37.32,38.27,36.79,38.19,3210400,8.02
2001-03-29,36.08,38.30,36.00,37.57,3539600,7.89
2001-03-28,35.40,36.44,35.26,36.33,3689200,7.63
2001-03-27,35.46,35.46,35.00,35.10,4205600,7.37
2001-03-26,35.80,35.87,35.35,35.45,3445600,7.44
2001-03-23,35.85,35.85,35.35,35.40,3318800,7.43
2001-03-22,37.00,37.08,35.90,36.02,4930000,7.56
2001-03-21,37.00,37.60,36.90,37.15,3609200,7.80
2001-03-20,37.10,37.32,36.80,36.96,3794400,7.76
2001-03-19,35.95,37.25,35.95,37.03,3695200,7.78
2001-03-16,35.40,36.10,35.37,35.96,5083600,7.55
2001-03-15,36.69,36.70,36.07,36.25,2782400,7.61
2001-03-14,37.00,37.00,36.38,36.70,2468000,7.71
2001-03-13,38.56,38.56,36.62,37.69,3963600,7.92
2001-03-12,39.85,39.85,38.80,38.81,2831200,8.15
2001-03-09,39.65,40.19,38.87,39.93,4380400,8.39
2001-03-08,37.95,40.11,37.95,39.75,4975200,8.35
2001-03-07,37.10,38.15,37.10,38.04,2127600,7.99
2001-03-06,37.85,38.00,37.41,37.60,3763200,7.90
2001-03-05,38.73,38.82,37.69,38.23,3447600,8.03
2001-03-02,39.01,39.05,38.30,38.48,2872400,8.08
2001-03-01,38.00,39.50,38.00,39.01,5183600,8.19
2001-02-28,38.21,38.71,38.20,38.50,3228400,8.09
2001-02-27,37.45,38.45,37.41,38.20,2508000,8.02
2001-02-26,36.87,37.35,36.78,37.22,2386400,7.82
2001-02-23,36.90,37.10,36.57,36.87,2266400,7.74
2001-02-22,37.00,37.48,36.59,37.11,2162800,7.79
2001-02-21,38.20,38.20,36.75,37.04,5756800,7.78
2001-02-20,37.00,38.51,36.92,38.32,4224400,8.05
2001-02-16,35.30,37.65,35.16,37.00,6428400,7.77
2001-02-15,34.42,36.10,34.41,35.30,5885600,7.41
2001-02-14,35.90,35.90,34.70,34.96,3351200,7.34
2001-02-13,35.00,36.48,34.70,36.02,4473600,7.56
2001-02-12,35.03,35.25,34.91,35.08,2678800,7.37
2001-02-09,35.10,35.70,34.95,35.02,2644800,7.35
2001-02-08,35.70,35.89,35.15,35.72,2480400,7.50
2001-02-07,35.95,36.14,35.50,35.91,3700400,7.54
2001-02-06,34.80,36.20,34.63,35.87,4293600,7.53
2001-02-05,35.00,35.05,34.50,34.71,2290400,7.29
2001-02-02,35.75,35.75,35.00,35.25,3418000,7.40
2001-02-01,36.02,36.25,34.76,35.94,5338000,7.55
2001-01-31,35.90,36.30,35.81,36.02,3729600,7.56
2001-01-30,35.02,36.09,35.02,35.96,4056800,7.55
2001-01-29,34.52,35.40,34.40,35.09,2897600,7.37
2001-01-26,33.62,34.88,33.56,34.56,2401200,7.26
2001-01-25,33.25,33.94,33.19,33.56,2592400,7.05
2001-01-24,34.44,34.62,33.62,33.75,3153600,7.09
2001-01-23,34.00,34.88,34.00,34.75,2459200,7.30
2001-01-22,33.81,34.12,33.69,34.12,1383600,7.17
2001-01-19,34.81,34.88,33.69,34.00,3176400,7.14
2001-01-18,35.38,36.00,34.88,35.12,8990000,7.38
2001-01-17,33.56,36.00,33.50,35.12,5430800,7.38
2001-01-16,32.56,34.06,32.19,33.81,5016400,7.10
2001-01-12,31.88,32.88,31.56,32.69,4100000,6.86
2001-01-11,32.12,32.44,31.88,31.94,3308400,6.71
2001-01-10,32.12,33.12,31.81,32.69,3644800,6.86
2001-01-09,32.19,32.69,32.12,32.38,2403600,6.80
2001-01-08,32.00,33.19,32.00,32.56,3033200,6.84
2001-01-05,33.88,33.88,32.44,32.75,5030800,6.88
2001-01-04,33.69,34.88,33.69,33.81,4611200,7.10
2001-01-03,32.00,34.00,32.00,33.75,3842400,7.09
2001-01-02,33.06,33.06,31.88,31.94,2961600,6.71
2000-12-29,33.44,33.94,33.00,33.00,2060400,6.93
2000-12-28,32.25,33.75,32.06,33.44,2525200,7.02
2000-12-27,31.62,32.44,31.62,32.31,2168400,6.79
2000-12-26,32.00,32.12,31.69,31.69,1804000,6.65
2000-12-22,32.25,32.25,31.44,31.94,3214400,6.71
2000-12-21,33.75,33.75,32.00,32.19,6538800,6.76
2000-12-20,35.62,35.62,33.88,33.94,8110800,7.13
2000-12-19,35.06,36.06,35.06,35.38,2993600,7.43
2000-12-18,33.50,35.50,33.38,35.06,2646800,7.36
2000-12-15,33.69,33.75,33.00,33.44,3728000,7.02
2000-12-14,34.62,34.62,33.50,33.69,4882000,7.07
2000-12-13,35.50,35.50,34.56,34.56,3392000,7.26
2000-12-12,35.06,36.00,35.06,35.69,2000000,7.49
2000-12-11,35.25,35.56,35.00,35.06,3680000,7.36
2000-12-08,34.62,34.88,34.25,34.69,2086400,7.28
2000-12-07,34.00,34.94,33.94,34.69,1860000,7.28
2000-12-06,34.19,34.25,33.75,34.00,4586800,7.14
2000-12-05,34.44,34.50,33.50,34.19,3632400,7.18
2000-12-04,34.19,34.69,33.69,34.62,3390400,7.27
2000-12-01,35.75,35.75,34.19,34.25,3728000,7.19
2000-11-30,37.12,37.25,35.44,36.00,7732000,7.56
2000-11-29,36.56,37.56,36.56,37.38,2094800,7.85
2000-11-28,35.75,37.00,35.62,36.69,2958800,7.70
2000-11-27,35.75,35.88,35.19,35.56,3961200,7.47
2000-11-24,35.50,35.88,35.38,35.56,952800,7.47
2000-11-22,35.00,36.00,34.69,35.62,2389600,7.48
2000-11-21,35.81,35.81,35.06,35.50,2660400,7.46
2000-11-20,34.75,35.88,34.25,35.56,3515200,7.47
2000-11-17,34.12,35.00,33.88,35.00,3854400,7.35
2000-11-16,33.00,34.69,32.56,33.81,4526000,7.10
2000-11-15,31.12,33.31,31.12,33.06,8126400,6.94
2000-11-14,30.25,31.00,30.19,30.75,2072000,6.46
2000-11-13,30.00,30.50,29.56,30.19,2332000,6.34
2000-11-10,29.75,31.19,29.75,29.94,2152000,6.29
2000-11-09,30.38,30.50,29.38,30.38,2032800,6.38
2000-11-08,30.44,30.50,29.94,30.25,1518000,6.35
2000-11-07,30.81,30.88,30.06,30.50,2216000,6.41
2000-11-06,30.12,30.62,30.06,30.56,1852000,6.42
2000-11-03,30.00,30.25,29.94,30.00,3278400,6.30
2000-11-02,30.19,30.44,29.31,30.06,2845200,6.31
2000-11-01,29.75,30.31,29.75,30.31,2845200,6.37
2000-10-31,29.50,30.56,29.44,30.00,4434000,6.30
2000-10-30,26.50,29.06,26.38,28.88,6237600,6.06
2000-10-27,26.62,26.94,26.38,26.50,3563200,5.57
2000-10-26,26.56,26.88,25.88,26.56,3703200,5.58
2000-10-25,27.12,27.62,26.75,26.81,1422800,5.63
2000-10-24,27.81,27.88,26.81,27.06,2002000,5.68
2000-10-23,27.50,27.69,27.19,27.31,2585600,5.74
2000-10-20,28.00,28.12,27.56,27.69,1052800,5.81
2000-10-19,28.06,28.44,27.75,28.00,1448000,5.88
2000-10-18,27.25,28.31,27.00,28.31,1632400,5.95
2000-10-17,27.94,28.06,26.69,27.50,2716000,5.78
2000-10-16,27.62,28.50,27.38,27.94,2132800,5.87
2000-10-13,26.75,28.56,26.62,27.56,3818000,5.79
2000-10-12,29.94,29.94,26.69,26.69,5858800,5.60
2000-10-11,30.12,30.50,29.69,29.81,1634400,6.26
2000-10-10,30.69,30.69,29.88,30.12,1282800,6.33
2000-10-09,29.94,30.69,29.88,30.50,1166400,6.41
2000-10-06,31.06,31.69,29.56,29.94,2506400,6.29
2000-10-05,30.12,31.12,30.00,31.12,3798800,6.54
2000-10-04,29.56,30.81,29.50,30.00,1599200,6.30
2000-10-03,30.75,31.12,29.25,29.56,2229600,6.21
2000-10-02,30.69,30.94,30.50,30.81,2584000,6.47
2000-09-29,29.62,31.06,29.62,30.62,2587200,6.43
2000-09-28,29.19,29.81,29.19,29.69,2487200,6.23
2000-09-27,29.25,29.44,28.81,29.19,1406000,6.13
2000-09-26,29.75,29.94,29.50,29.69,1797200,6.23
2000-09-25,28.88,30.00,28.88,29.69,1560800,6.23
2000-09-22,29.56,30.25,28.69,29.12,1621600,6.12
2000-09-21,29.00,29.81,28.75,29.62,1992800,6.22
2000-09-20,28.56,29.25,28.56,29.19,1758000,6.13
2000-09-19,29.75,30.19,29.06,29.12,2907600,6.12
2000-09-18,30.75,30.81,30.19,30.25,1604000,6.35
2000-09-15,30.50,31.31,30.50,30.88,5102800,6.48
2000-09-14,30.19,30.31,29.75,30.31,3720400,6.37
2000-09-13,30.69,30.88,30.44,30.69,1399200,6.44
2000-09-12,31.06,31.12,30.06,30.62,2918000,6.43
2000-09-11,31.06,31.56,30.94,31.06,4313200,6.52
2000-09-08,32.00,32.00,30.69,31.19,2573600,6.55
2000-09-07,30.06,32.00,30.06,32.00,5045600,6.72
2000-09-06,29.75,30.19,29.72,30.06,2983200,6.31
2000-09-05,29.88,30.06,29.62,29.94,3071200,6.29
2000-09-01,29.12,29.94,29.12,29.88,2625600,6.27
2000-08-31,29.44,29.44,29.06,29.14,3259600,6.12
2000-08-30,29.50,29.56,29.00,29.44,2304800,6.18
2000-08-29,29.56,29.88,29.44,29.75,2110000,6.25
2000-08-28,30.12,30.31,29.38,29.69,2150000,6.23
2000-08-25,30.31,30.44,29.62,30.06,2639200,6.31
2000-08-24,30.88,30.88,30.19,30.25,3139200,6.35
2000-08-23,31.19,31.50,30.44,31.50,1798800,6.62
2000-08-22,32.00,32.25,31.00,31.25,2728400,6.56
2000-08-21,31.38,32.50,31.31,32.38,5076000,6.80
2000-08-18,30.25,31.38,30.06,30.88,5710400,6.48
2000-08-17,29.25,29.25,28.94,29.00,1548000,6.09
2000-08-16,29.75,29.81,29.00,29.00,3872800,6.09
2000-08-15,29.75,30.06,29.62,29.88,2458800,6.27
2000-08-14,30.00,30.19,29.44,29.81,2157200,6.26
2000-08-11,29.00,30.00,29.00,30.00,3230800,6.30
2000-08-10,28.00,29.19,28.00,29.00,2621200,6.09
2000-08-09,28.94,28.94,27.81,28.00,2750400,5.88
2000-08-08,27.69,28.75,27.62,28.50,3212800,5.99
2000-08-07,27.56,27.75,27.50,27.69,1714000,5.81
2000-08-04,27.50,28.31,27.50,27.75,4972400,5.83
2000-08-03,27.00,27.50,26.88,27.44,2142000,5.76
2000-08-02,25.62,27.50,25.62,27.44,3699200,5.76
2000-08-01,24.25,26.06,24.25,25.81,2829600,5.42
2000-07-31,23.88,24.88,23.81,24.25,4197200,5.09
2000-07-28,24.00,24.00,23.56,23.75,5246000,4.99
2000-07-27,25.12,25.38,23.94,24.00,9939600,5.04
2000-07-26,26.06,26.12,25.31,25.38,5968000,5.33
2000-07-25,26.50,26.62,26.00,26.06,2318800,5.47
2000-07-24,26.81,27.06,26.50,26.50,3478400,5.57
2000-07-21,27.88,27.88,26.94,26.94,3653200,5.66
2000-07-20,28.25,29.25,27.62,27.81,3738800,5.84
2000-07-19,27.00,28.38,26.12,28.06,5193200,5.89
2000-07-18,28.75,28.94,27.50,27.50,4098800,5.78
2000-07-17,28.38,29.00,28.38,28.78,3670000,6.04
2000-07-14,28.88,29.62,27.88,29.19,3548800,6.13
2000-07-13,30.38,30.38,28.88,28.88,3467200,6.06
2000-07-12,31.50,31.50,30.25,30.38,2333200,6.38
2000-07-11,31.12,31.94,31.12,31.38,1822400,6.59
2000-07-10,31.62,31.69,30.88,31.44,2212800,6.60
2000-07-07,29.94,32.44,29.75,32.00,4188000,6.72
2000-07-06,29.12,30.62,29.00,29.75,3404000,6.25
2000-07-05,28.00,29.12,28.00,29.06,2831200,6.10
2000-07-03,28.31,28.81,27.62,28.62,798000,6.01
2000-06-30,27.25,28.94,27.19,28.25,2878400,5.93
2000-06-29,27.31,27.62,26.62,26.88,2165200,5.64
2000-06-28,27.38,27.81,27.25,27.31,913600,5.74
2000-06-27,27.69,27.94,27.38,27.38,1601200,5.75
2000-06-26,27.06,27.50,27.06,27.44,1834400,5.76
2000-06-23,27.19,27.25,27.00,27.06,2336000,5.68
2000-06-22,27.06,27.38,27.06,27.12,2548800,5.70
2000-06-21,27.00,27.56,27.00,27.31,2322400,5.74
2000-06-20,28.25,28.44,27.00,27.00,13897200,5.67
2000-06-19,28.06,28.62,28.06,28.19,2794000,5.92
2000-06-16,28.25,28.69,28.00,28.12,3849200,5.91
2000-06-15,28.00,29.12,28.00,28.50,3839200,5.99
2000-06-14,28.25,28.38,28.00,28.12,3106800,5.91
2000-06-13,28.62,28.69,28.12,28.19,2354400,5.92
2000-06-12,29.38,29.44,28.69,28.69,1974400,6.02
2000-06-09,29.81,30.25,29.25,29.38,3717200,6.17
2000-06-08,29.31,30.00,28.88,29.81,2565200,6.26
2000-06-07,29.62,29.75,29.12,29.25,2229200,6.14
2000-06-06,29.75,30.00,29.62,29.62,2238400,6.22
2000-06-05,30.12,30.19,29.62,29.88,2341600,6.27
2000-06-02,29.81,30.69,29.81,30.38,2056400,6.38
2000-06-01,29.25,30.00,29.25,29.88,1461600,6.27
2000-05-31,30.00,30.00,29.25,29.31,5174800,6.16
2000-05-30,30.50,30.62,29.06,29.88,4439600,6.27
2000-05-26,31.12,31.94,30.50,30.69,3088400,6.44
2000-05-25,32.50,33.25,31.19,31.25,3502800,6.56
2000-05-24,31.75,32.81,31.75,32.75,2840000,6.88
2000-05-23,31.00,32.00,30.94,31.69,2513200,6.65
2000-05-22,31.00,31.06,30.50,30.88,2214800,6.48
2000-05-19,32.75,32.75,30.75,30.88,2612400,6.48
2000-05-18,32.25,33.00,32.12,32.38,1786800,6.80
2000-05-17,32.00,32.81,31.50,32.19,1340800,6.76
2000-05-16,31.00,33.38,30.94,32.38,3018000,6.80
2000-05-15,31.25,31.88,30.81,30.88,1499200,6.48
2000-05-12,32.31,32.44,31.00,31.25,1871600,6.56
2000-05-11,31.88,32.88,31.88,32.38,1734800,6.80
2000-05-10,31.44,31.88,31.38,31.62,2068800,6.64
2000-05-09,31.38,31.56,30.69,31.56,2702400,6.63
2000-05-08,32.00,32.19,31.12,31.38,1626800,6.59
2000-05-05,31.56,32.75,31.06,32.31,1941600,6.79
2000-05-04,33.00,33.50,30.25,31.06,3542800,6.52
2000-05-03,33.44,33.94,32.06,33.19,1764400,6.97
2000-05-02,33.62,34.38,33.62,33.81,2742000,7.10
2000-05-01,33.94,34.19,33.56,33.69,2686400,7.07
2000-04-28,35.56,35.56,33.19,33.88,3155200,7.11
2000-04-27,33.44,35.56,32.38,35.56,7726400,7.47
2000-04-26,33.12,35.12,33.00,34.44,4942000,7.23
2000-04-25,32.94,33.31,32.06,33.25,2403600,6.98
2000-04-24,31.19,33.12,31.19,33.06,3623600,6.94
2000-04-20,29.38,32.38,29.38,32.06,2619600,6.73
2000-04-19,30.06,30.62,29.56,29.62,1501200,6.22
2000-04-18,30.12,30.75,30.00,30.25,1118400,6.35
2000-04-17,29.62,31.88,29.62,30.31,3017200,6.37
2000-04-14,31.50,31.50,28.75,30.50,4900800,6.41
2000-04-13,33.31,33.38,31.75,31.75,2334000,6.67
2000-04-12,32.75,34.25,32.62,32.88,3048400,6.90
2000-04-11,31.50,32.75,31.50,32.50,1633200,6.83
2000-04-10,31.38,32.19,31.31,31.56,1832800,6.63
2000-04-07,31.75,31.81,31.44,31.62,1988400,6.64
2000-04-06,32.25,32.25,31.25,31.56,4979600,6.63
2000-04-05,30.94,32.75,30.94,32.25,4081600,6.77
2000-04-04,30.81,32.62,30.31,31.19,4868800,6.55
2000-04-03,31.19,31.44,29.50,30.31,2793200,6.37
2000-03-31,31.06,32.00,30.06,31.06,2757600,6.52
2000-03-30,28.50,31.44,28.44,31.31,4971200,6.58
2000-03-29,29.31,29.62,29.00,29.00,2720000,6.09
2000-03-28,29.69,29.75,28.75,29.50,2538800,6.20
2000-03-27,29.94,30.31,29.69,29.69,3995600,6.23
2000-03-24,29.50,30.12,29.06,29.81,2082800,6.26
2000-03-23,28.94,29.31,28.19,29.19,2876000,6.13
2000-03-22,29.75,30.50,29.06,29.19,2252800,6.13
2000-03-21,30.12,31.06,30.12,30.69,2017200,6.44
2000-03-20,30.75,31.25,29.81,30.12,2716000,6.33
2000-03-17,32.88,32.88,31.25,31.25,5544400,6.56
2000-03-16,27.75,33.00,27.56,32.88,8451600,6.90
2000-03-15,26.75,29.00,26.38,28.50,6898800,5.99
2000-03-14,27.56,27.56,26.31,26.50,3244000,5.57
2000-03-13,27.31,28.12,27.25,27.50,1866400,5.78
2000-03-10,27.88,28.25,27.50,27.75,1794400,5.83
2000-03-09,26.69,28.12,26.50,27.94,2504000,5.87
2000-03-08,26.50,26.88,26.00,26.44,1954800,5.55
2000-03-07,27.00,27.19,26.25,26.44,2660800,5.55
2000-03-06,26.62,27.94,26.12,27.69,2288800,5.81
2000-03-03,28.19,28.19,26.00,26.12,3438800,5.49
2000-03-02,28.06,28.12,27.31,27.69,2048800,5.81
2000-03-01,26.56,28.44,26.56,28.19,3662400,5.92
2000-02-29,26.06,27.00,26.00,26.62,2951200,5.59
2000-02-28,25.94,26.62,25.25,25.69,2346400,5.39
2000-02-25,26.00,26.19,25.75,25.88,2499600,5.43
2000-02-24,26.56,26.56,25.81,26.00,3072000,5.46
2000-02-23,27.12,27.50,26.81,26.81,1268400,5.63
2000-02-22,28.19,28.19,26.25,27.00,3442000,5.67
2000-02-18,29.00,29.00,27.94,28.00,3100400,5.88
2000-02-17,28.25,29.94,27.75,29.38,3778800,6.17
2000-02-16,28.25,28.62,27.69,27.94,1437600,5.87
2000-02-15,27.88,28.56,27.06,28.38,3443200,5.96
2000-02-14,28.38,28.38,27.50,28.06,3694400,5.89
2000-02-11,27.12,28.38,26.88,27.94,5504400,5.87
2000-02-10,30.00,30.69,26.94,27.50,13630800,5.78
2000-02-09,29.56,31.00,29.06,30.00,3872000,6.30
2000-02-08,29.44,29.94,29.38,29.88,3130800,6.27
2000-02-07,29.44,30.00,29.00,29.44,3039600,6.18
2000-02-04,29.69,29.81,29.31,29.62,3135200,6.22
2000-02-03,29.31,29.88,29.12,29.69,2977600,6.23
2000-02-02,30.00,30.44,28.19,28.94,7376800,6.08
2000-02-01,29.38,32.25,29.38,30.75,8883600,6.46
2000-01-31,29.25,29.38,28.50,28.62,2032400,6.01
2000-01-28,30.38,30.38,28.75,28.88,2834400,6.06
2000-01-27,30.12,30.56,30.00,30.12,3902000,6.33
2000-01-26,30.38,30.56,30.00,30.06,3270400,6.31
2000-01-25,31.19,31.19,29.62,30.38,5234400,6.38
2000-01-24,32.12,32.38,31.06,31.19,4012400,6.55
2000-01-21,31.81,32.19,31.75,31.88,5159600,6.69
2000-01-20,33.44,33.44,31.69,31.81,6498400,6.68
2000-01-19,34.69,34.75,33.38,33.62,6997600,7.06
2000-01-18,35.50,35.75,34.62,34.94,5390000,7.34
2000-01-14,37.00,37.06,35.81,36.00,2292000,7.56
2000-01-13,36.88,37.94,36.75,37.00,3970400,7.77
2000-01-12,37.00,37.50,36.44,36.44,7065600,7.65
2000-01-11,36.75,37.50,36.31,36.81,3037200,7.73
2000-01-10,35.56,37.50,35.50,37.06,3976400,7.78
2000-01-07,36.44,36.50,35.38,35.62,4359200,7.48
2000-01-06,36.50,36.81,36.38,36.44,2838000,7.65
2000-01-05,36.75,36.94,36.56,36.75,3337600,7.72
2000-01-04,37.00,37.50,36.00,36.56,2383200,7.68
2000-01-03,38.56,38.56,37.06,37.31,2180800,7.84
1999-12-31,38.19,38.94,38.12,38.62,1003200,8.11
1999-12-30,37.88,38.62,37.75,38.44,1640800,8.07
1999-12-29,38.25,38.25,37.75,38.12,1735600,8.01
1999-12-28,38.56,39.56,38.00,38.25,900800,8.03
1999-12-27,37.94,38.62,37.62,38.62,1734400,8.11
1999-12-23,38.62,38.69,37.88,37.94,1243600,7.97
1999-12-22,37.69,38.94,37.62,38.62,1853600,8.11
1999-12-21,38.69,38.75,37.56,37.69,1992400,7.91
1999-12-20,39.25,39.31,38.62,38.88,1398000,8.16
1999-12-17,38.88,39.56,38.38,39.44,9206000,8.28
1999-12-16,39.50,39.56,38.88,38.88,5703600,8.16
1999-12-15,39.62,39.88,39.31,39.50,1980800,8.30
1999-12-14,38.88,39.88,38.75,39.81,5862800,8.36
1999-12-13,39.25,39.25,38.81,39.06,11647200,8.20
1999-12-10,40.12,40.75,39.69,40.12,2204400,8.43
1999-12-09,40.25,40.94,40.19,40.62,1983600,8.53
1999-12-08,40.12,40.75,40.12,40.50,1498000,8.51
1999-12-07,40.06,40.62,40.00,40.25,1836800,8.45
1999-12-06,40.00,40.38,39.62,40.06,1677600,8.41
1999-12-03,40.38,41.38,40.00,40.00,1812000,8.40
1999-12-02,40.75,40.88,40.19,40.25,1104400,8.45
1999-12-01,41.31,41.38,40.56,40.69,1486400,8.54
1999-11-30,40.06,41.75,40.06,41.50,2447600,8.72
1999-11-29,40.06,40.69,40.06,40.50,2543600,8.51
1999-11-26,40.25,40.38,40.06,40.19,388800,8.44
1999-11-24,40.94,40.94,39.75,40.12,1743600,8.43
1999-11-23,41.62,41.69,41.00,41.12,2898000,8.64
1999-11-22,42.44,42.50,41.75,41.81,2302000,8.78
1999-11-19,43.00,43.00,42.44,42.50,2664000,8.93
1999-11-18,42.38,43.25,42.06,43.12,1846000,9.06
1999-11-17,42.12,42.88,41.25,42.31,2399200,8.89
1999-11-16,44.38,44.38,42.56,42.75,7194000,8.98
1999-11-15,44.12,46.25,44.06,45.12,6264400,9.48
1999-11-12,44.19,44.25,42.19,43.12,2877600,9.06
1999-11-11,43.50,45.00,43.50,44.19,4077200,9.28
1999-11-10,42.44,44.06,42.06,43.56,4168000,9.15
1999-11-09,40.62,41.62,39.75,41.62,2433200,8.74
1999-11-08,39.94,40.75,39.88,40.56,2081200,8.52
1999-11-05,39.44,40.50,39.44,40.44,1806400,8.49
1999-11-04,39.06,40.00,38.94,39.25,6367600,8.24
1999-11-03,40.00,40.00,39.00,39.25,1678000,8.24
1999-11-02,40.56,40.75,39.88,39.94,2115600,8.39
1999-11-01,40.19,41.25,40.19,40.56,1720400,8.52
1999-10-29,39.62,40.75,39.62,40.19,2486000,8.44
1999-10-28,39.38,40.44,39.38,40.00,2877200,8.40
1999-10-27,38.56,39.88,38.56,39.38,2197600,8.27
1999-10-26,38.88,39.00,38.56,38.56,6544000,8.10
1999-10-25,39.00,39.19,38.81,39.00,2572400,8.19
1999-10-22,40.00,40.75,39.31,39.31,1600000,8.26
1999-10-21,39.19,40.38,39.12,40.06,1105200,8.41
1999-10-20,39.19,39.50,38.97,39.44,1015600,8.28
1999-10-19,39.06,39.31,38.94,39.25,2131200,8.24
1999-10-18,38.81,39.44,38.56,39.06,2685200,8.20
1999-10-15,38.88,39.12,38.62,39.00,3452400,8.19
1999-10-14,38.94,40.12,38.75,39.31,4013200,8.26
1999-10-13,42.00,42.50,38.56,38.94,7648000,8.18
1999-10-12,42.00,42.62,41.69,41.81,1177600,8.78
1999-10-11,41.94,42.12,41.38,42.06,742800,8.83
1999-10-08,41.12,42.00,40.69,42.00,2276000,8.82
1999-10-07,41.75,41.81,40.91,41.38,990400,8.69
1999-10-06,42.38,42.38,41.38,42.00,1620000,8.82
1999-10-05,42.69,42.88,41.75,42.38,3011200,8.90
1999-10-04,41.94,42.94,41.81,42.69,1520400,8.96
1999-10-01,41.00,42.38,41.00,41.69,2882800,8.75
1999-09-30,41.69,41.75,40.69,40.94,2462000,8.60
1999-09-29,41.88,42.69,41.62,41.69,2170000,8.75
1999-09-28,43.44,43.56,41.38,41.75,3071600,8.77
1999-09-27,42.06,43.88,42.06,43.31,4908800,9.10
1999-09-24,43.75,43.75,41.38,41.75,3053600,8.77
1999-09-23,38.69,44.25,37.38,38.12,13090800,8.01
1999-09-22,40.00,40.00,36.69,37.75,15352400,7.93
1999-09-21,40.44,41.25,40.06,40.62,3297200,8.53
1999-09-20,41.38,41.50,40.38,40.69,2276000,8.54
1999-09-17,40.62,41.38,40.62,41.25,1825600,8.66
1999-09-16,42.00,42.00,40.31,40.62,2155600,8.53
1999-09-15,42.00,42.44,41.88,42.25,2642000,8.87
1999-09-14,41.75,42.19,41.38,41.69,2351600,8.75
1999-09-13,41.38,41.94,41.38,41.75,2926000,8.77
1999-09-10,41.12,42.00,40.62,41.38,2391600,8.69
1999-09-09,40.38,41.12,40.31,40.31,3132400,8.47
1999-09-08,40.50,40.88,39.88,40.31,3620800,8.47
1999-09-07,41.50,41.56,40.62,40.94,2678800,8.60
1999-09-03,41.25,42.44,41.12,41.56,1142000,8.73
1999-09-02,41.31,41.31,40.06,40.38,2570000,8.48
1999-09-01,40.62,41.56,40.56,41.31,1860400,8.68
1999-08-31,41.38,42.38,40.56,40.62,5613600,8.53
1999-08-30,44.38,44.50,41.19,41.19,3101600,8.65
1999-08-27,43.00,44.81,42.75,44.38,3504800,9.32
1999-08-26,40.94,43.31,40.81,43.31,4994000,9.10
1999-08-25,42.12,42.19,40.31,40.69,7772400,8.54
1999-08-24,43.75,43.88,42.38,42.38,4648000,8.90
1999-08-23,43.50,44.44,43.38,44.44,3396400,9.33
1999-08-20,43.00,44.00,42.91,44.00,4353200,9.24
1999-08-19,42.62,43.38,42.50,43.06,4076800,9.04
1999-08-18,41.12,44.50,40.44,43.50,6687600,9.14
1999-08-17,40.00,42.00,38.69,41.75,22366800,8.77
1999-08-16,40.00,40.50,38.62,40.19,4389200,8.44
1999-08-13,39.62,40.88,39.62,40.25,3768400,8.45
1999-08-12,39.25,39.94,38.88,39.50,6237200,8.30
1999-08-11,36.06,38.31,36.06,38.00,5790400,7.98
1999-08-10,36.12,36.38,35.00,35.75,11126000,7.51
1999-08-09,38.06,38.06,36.50,36.81,3484400,7.73
1999-08-06,36.75,38.00,36.62,38.00,3319200,7.98
1999-08-05,39.50,39.56,36.88,37.12,4569600,7.80
1999-08-04,41.31,41.62,38.88,39.00,4791200,8.19
1999-08-03,41.50,42.00,41.12,41.50,2164800,8.72
1999-08-02,41.00,41.69,41.00,41.00,2334000,8.61
1999-07-30,41.06,42.19,40.25,40.69,4710000,8.54
1999-07-29,41.00,41.56,40.25,41.06,4313200,8.62
1999-07-28,43.25,43.31,41.50,41.75,4504400,8.77
1999-07-27,44.69,45.38,43.44,43.44,3571600,9.12
1999-07-26,43.88,45.12,43.62,44.75,3197600,9.40
1999-07-23,45.69,45.75,43.19,43.50,3438800,9.14
1999-07-22,47.25,47.44,44.44,46.00,8321600,9.66
1999-07-21,46.88,48.62,46.75,47.50,18980400,9.98
1999-07-20,53.75,53.88,52.75,52.94,2330800,11.12
1999-07-19,56.00,56.00,54.12,54.12,3634400,11.37
1999-07-16,56.38,57.75,55.56,56.12,2655200,11.79
1999-07-15,53.50,56.38,53.50,56.38,2994000,11.84
1999-07-14,53.75,54.00,53.31,53.38,1292000,11.21
1999-07-13,54.00,54.25,53.00,54.25,1790800,11.39
1999-07-12,54.75,54.88,53.81,53.88,1306800,11.31
1999-07-09,54.25,54.94,54.25,54.75,1884800,11.50
1999-07-08,54.12,54.69,54.00,54.25,1507600,11.39
1999-07-07,53.38,54.88,53.38,54.62,2260800,11.47
1999-07-06,54.50,54.94,54.06,54.62,2686800,11.47
1999-07-02,53.00,54.94,53.00,54.75,2162400,11.50
1999-07-01,52.75,54.00,51.94,54.00,3623600,11.34
1999-06-30,54.25,55.19,52.69,54.12,2741200,11.37
1999-06-29,51.62,55.00,51.44,54.31,3142400,11.41
1999-06-28,49.75,51.75,49.75,51.75,2492800,10.87
1999-06-25,49.62,50.38,49.50,49.75,2206800,10.45
1999-06-24,48.81,49.75,48.62,49.62,2506000,10.42
1999-06-23,49.50,49.75,48.44,48.44,2970000,10.17
1999-06-22,48.75,49.38,47.88,49.31,5555600,10.36
1999-06-21,50.69,50.75,47.75,48.75,4664400,10.24
1999-06-18,51.25,51.25,50.56,50.75,2106800,10.66
1999-06-17,50.50,51.44,50.31,51.25,3044800,10.76
1999-06-16,50.00,50.81,49.94,50.69,3980800,10.64
1999-06-15,49.88,50.25,49.31,50.00,3208400,10.50
1999-06-14,50.25,50.88,49.19,49.75,2630800,10.45
1999-06-11,51.12,52.06,49.69,50.25,4102400,10.55
1999-06-10,50.25,52.50,50.12,51.62,6791600,10.84
1999-06-09,52.00,52.25,49.62,50.44,3992000,10.59
1999-06-08,54.00,54.62,52.31,52.44,1963600,11.01
1999-06-07,53.75,54.50,53.38,53.75,3380800,11.29
1999-06-04,52.62,53.75,52.62,53.25,4416400,11.18
1999-06-03,52.50,54.12,52.44,52.75,16105200,11.08
1999-06-02,57.50,57.88,56.19,57.00,1409600,11.97
1999-06-01,58.00,58.00,57.00,57.75,1437200,12.13
1999-05-28,55.25,58.38,55.19,58.25,1804400,12.23
1999-05-27,54.12,55.38,54.00,55.38,2517600,11.63
1999-05-26,54.50,54.75,53.19,54.75,4141200,11.50
1999-05-25,56.50,56.81,53.56,53.88,3382000,11.31
1999-05-24,59.12,59.44,56.62,57.00,1732800,11.97
1999-05-21,57.50,59.50,57.38,58.94,2368400,12.38
1999-05-20,58.62,59.19,56.38,57.12,3847200,12.00
1999-05-19,58.88,59.25,58.38,59.25,1370000,12.44
1999-05-18,58.50,59.38,58.00,58.50,1380400,12.29
1999-05-17,60.25,60.25,58.50,58.75,2038800,12.34
1999-05-14,60.44,61.06,60.12,60.25,1896800,12.65
1999-05-13,62.75,62.88,61.00,61.75,2671600,12.97
1999-05-12,61.62,63.25,61.06,62.19,5618400,13.06
1999-05-11,60.06,61.62,59.88,61.12,3155600,12.84
1999-05-10,61.56,62.00,60.62,62.00,1893600,13.02
1999-05-07,62.50,62.56,61.06,61.50,3866000,12.92
1999-05-06,63.00,63.69,62.00,62.62,3036800,13.15
1999-05-05,63.38,63.50,63.00,63.25,1754400,13.28
1999-05-04,65.06,65.50,63.12,63.50,2409600,13.34
1999-05-03,64.38,65.88,64.38,65.12,3275200,13.68
1999-04-30,65.50,65.75,63.56,64.38,5089200,13.52
1999-04-29,66.25,66.25,59.00,65.00,17693200,13.65
1999-04-28,67.62,68.88,65.81,66.00,12202400,13.86
1999-04-27,66.00,69.50,65.25,69.12,4244800,14.52
1999-04-26,68.94,68.94,66.69,67.12,2530800,14.10
1999-04-23,69.50,70.00,68.75,69.12,1036000,14.52
1999-04-22,70.75,70.75,69.38,70.25,1399600,14.75
1999-04-21,67.38,69.75,67.19,69.75,1582400,14.65
1999-04-20,66.25,67.56,65.94,67.38,1430400,14.15
1999-04-19,66.25,67.50,64.44,65.88,2616800,13.83
1999-04-16,70.00,70.38,67.38,67.62,1279600,14.20
1999-04-15,71.25,71.62,68.00,69.88,1732400,14.67
1999-04-14,71.75,72.19,71.06,71.12,1263200,14.94
1999-04-13,71.38,72.44,71.31,71.88,1509600,15.09
1999-04-12,70.94,72.50,70.56,72.00,1365600,15.12
1999-04-09,71.00,71.50,70.69,70.94,805600,14.90
1999-04-08,71.44,72.00,68.88,71.25,1630400,14.96
1999-04-07,72.25,72.62,71.00,71.44,961600,15.00
1999-04-06,72.25,73.00,72.00,72.31,1598400,15.19
1999-04-05,73.75,73.88,71.50,72.25,1779600,15.17
1999-04-01,72.75,73.88,71.56,73.50,4698800,15.44
1999-03-31,70.00,70.50,69.25,70.25,2210800,14.75
1999-03-30,70.44,72.62,69.25,69.44,3042400,14.58
1999-03-29,68.94,70.00,68.44,69.50,2199200,14.60
1999-03-26,67.25,68.12,66.75,67.94,1644400,14.27
1999-03-25,66.44,67.62,66.25,67.25,3308400,14.12
1999-03-24,66.12,66.50,65.75,66.25,2034000,13.91
1999-03-23,69.38,69.38,67.00,67.62,2337600,14.20
1999-03-22,69.00,70.06,68.62,69.81,1030800,14.66
1999-03-19,70.00,70.75,69.25,69.50,3356400,14.60
1999-03-18,67.50,69.06,66.50,69.00,2841600,14.49
1999-03-17,63.62,66.25,63.62,66.00,1638800,13.86
1999-03-16,63.88,65.19,63.31,63.62,2128000,13.36
1999-03-15,63.25,63.31,62.06,62.38,1932800,13.10
1999-03-12,64.75,64.75,62.88,63.81,2250400,13.40
1999-03-11,64.50,65.88,64.50,65.12,3515200,13.68
1999-03-10,65.50,65.56,63.88,64.25,1766800,13.49
1999-03-09,65.38,66.06,65.12,65.75,2365200,13.81
1999-03-08,65.56,66.50,65.06,66.44,2230000,13.95
1999-03-05,65.12,65.50,64.62,65.44,4926400,13.74
1999-03-04,62.31,63.38,62.31,63.25,3194000,13.28
1999-03-03,65.00,65.00,62.00,62.25,2799600,13.07
1999-03-02,61.88,63.56,61.81,63.00,3022800,13.23
1999-03-01,61.50,62.25,60.50,62.12,2413200,13.05
1999-02-26,61.62,62.50,61.50,62.12,2312400,13.05
1999-02-25,63.00,63.00,61.44,61.88,3454000,12.99
1999-02-24,60.12,63.44,60.06,63.12,3586800,13.26
1999-02-23,60.00,60.50,59.75,60.06,1729200,12.61
1999-02-22,59.00,60.00,58.88,60.00,6565600,12.60
1999-02-19,57.75,59.12,57.75,58.19,5130400,12.22
1999-02-18,58.75,58.88,57.19,57.69,2304800,12.11
1999-02-17,58.62,59.88,58.38,59.00,3467200,12.39
1999-02-16,58.00,58.81,57.88,58.75,2690400,12.34
1999-02-12,57.00,57.44,56.12,57.00,2903200,11.97
1999-02-11,58.75,59.00,57.38,58.75,8656000,12.34
1999-02-10,51.38,54.50,51.31,53.75,5027600,11.29
1999-02-09,51.12,51.50,50.88,51.19,3025600,10.75
1999-02-08,48.88,50.75,48.75,50.75,986800,10.66
1999-02-05,48.44,49.00,48.06,49.00,2189600,10.29
1999-02-04,49.38,49.56,48.44,48.62,3341200,10.21
1999-02-03,46.81,49.38,46.75,49.38,3146000,10.37
1999-02-02,46.25,47.88,46.25,46.94,1444800,9.86
1999-02-01,47.00,47.06,46.25,46.25,1102400,9.71
1999-01-29,48.69,48.75,47.56,47.56,1094000,9.99
1999-01-28,48.19,49.12,47.88,48.94,1304800,10.28
1999-01-27,48.31,48.75,48.06,48.44,1818400,10.17
1999-01-26,46.00,48.00,46.00,48.00,3468000,10.08
1999-01-25,45.75,46.25,45.00,46.25,1418000,9.71
1999-01-22,46.00,46.31,45.56,46.00,2614800,9.66
1999-01-21,47.62,47.62,46.31,46.62,5022800,9.79
1999-01-20,48.62,48.94,47.50,47.75,2388000,10.03
1999-01-19,48.75,49.00,48.31,48.50,2610800,10.19
1999-01-15,48.25,48.75,47.75,48.75,1686800,10.24
1999-01-14,49.62,49.84,48.00,48.00,2105600,10.08
1999-01-13,48.62,50.38,48.44,50.38,2354000,10.58
1999-01-12,50.50,50.69,49.44,49.88,1564000,10.47
1999-01-11,49.56,51.00,49.56,51.00,2830000,10.71
1999-01-08,49.06,49.69,48.56,49.69,789200,10.43
1999-01-07,49.44,49.69,49.06,49.56,917200,10.41
1999-01-06,49.00,50.00,48.94,49.81,1957600,10.46
1999-01-05,48.50,49.25,48.50,49.06,1833200,10.30
1999-01-04,49.12,49.69,47.38,48.12,2479600,10.11
1998-12-31,50.62,50.88,49.19,50.12,2011600,10.53
1998-12-30,48.94,50.62,48.75,50.62,1615200,10.63
1998-12-29,47.69,48.94,47.56,48.94,1045200,10.28
1998-12-28,47.62,48.12,47.50,47.69,2210400,10.01
1998-12-24,47.75,47.88,47.50,47.62,468400,10.00
1998-12-23,48.94,49.19,47.75,48.31,858000,10.15
1998-12-22,48.00,49.12,47.56,49.06,1406800,10.30
1998-12-21,49.19,49.19,47.50,48.00,2313200,10.08
1998-12-18,47.94,49.19,47.81,49.19,2208000,10.33
1998-12-17,47.00,48.12,46.94,48.12,1348400,10.11
1998-12-16,46.56,47.81,46.56,47.31,1470000,9.94
1998-12-15,46.12,46.75,46.12,46.75,1194000,9.82
1998-12-14,48.06,48.06,46.00,46.38,1022000,9.74
1998-12-11,48.00,48.31,47.62,48.31,1126000,10.15
1998-12-10,49.75,49.88,48.12,48.25,2409200,10.13
1998-12-09,48.81,49.69,48.50,49.50,3345200,10.40
1998-12-08,49.25,49.38,48.50,49.00,1515200,10.29
1998-12-07,49.19,49.50,48.50,49.38,3625200,10.37
1998-12-04,47.00,49.31,47.00,49.31,1960400,10.36
1998-12-03,45.25,46.69,45.25,46.44,1630000,9.75
1998-12-02,45.88,45.94,45.19,45.38,1392000,9.53
1998-12-01,45.25,46.06,45.25,45.94,1896400,9.65
1998-11-30,45.31,46.12,44.81,45.75,1352400,9.61
1998-11-27,45.69,45.75,45.31,45.44,302400,9.54
1998-11-25,46.12,46.38,46.00,46.19,450800,9.70
1998-11-24,46.75,46.94,46.12,46.25,1660000,9.71
1998-11-23,46.00,47.25,46.00,47.25,2856400,9.92
1998-11-20,46.38,46.62,46.00,46.00,2102800,9.66
1998-11-19,45.94,45.94,45.25,45.75,1949600,9.61
1998-11-18,46.00,46.00,45.31,45.69,832800,9.59
1998-11-17,47.00,47.00,45.69,46.06,1445200,9.67
1998-11-16,47.00,47.50,46.25,47.19,2013200,9.91
1998-11-13,45.12,47.06,45.00,46.94,1972000,9.86
1998-11-12,44.88,45.25,44.31,45.19,2277600,9.49
1998-11-11,45.00,45.12,44.06,45.00,2472800,9.45
1998-11-10,44.00,45.56,43.88,45.50,3186400,9.56
1998-11-09,43.81,44.00,42.94,44.00,1819200,9.24
1998-11-06,43.75,43.88,43.31,43.62,1548000,9.16
1998-11-05,43.75,43.94,42.81,43.69,1862800,9.17
1998-11-04,44.00,44.50,43.94,44.25,3397600,9.29
1998-11-03,43.88,43.94,43.50,43.94,2564800,9.23
1998-11-02,43.38,44.44,43.31,44.12,4080400,9.27
1998-10-30,42.88,43.50,42.81,43.50,2624400,9.14
1998-10-29,43.00,43.38,42.75,43.06,1337200,9.04
1998-10-28,43.50,43.88,43.38,43.50,1148800,9.14
1998-10-27,44.00,44.56,43.75,44.00,2747200,9.24
1998-10-26,44.75,44.75,43.75,43.88,1890000,9.21
1998-10-23,43.50,44.50,43.44,44.50,2144000,9.35
1998-10-22,43.38,43.75,42.97,43.75,1780800,9.19
1998-10-21,45.12,45.12,43.62,44.12,2269200,9.27
1998-10-20,44.00,45.00,43.81,44.62,3708400,9.37
1998-10-19,39.94,42.50,39.94,42.44,3367200,8.91
1998-10-16,40.38,40.44,39.62,40.06,5557200,8.41
1998-10-15,39.25,40.00,39.12,39.31,7657200,8.26
1998-10-14,36.12,39.00,36.12,38.62,4419200,8.11
1998-10-13,36.56,36.56,35.81,36.22,14032000,7.61
1998-10-12,37.38,37.75,36.44,36.50,4857200,7.67
1998-10-09,33.25,36.56,33.19,36.56,2149600,7.68
1998-10-08,34.00,34.12,31.50,33.25,5654800,6.98
1998-10-07,36.88,37.00,35.00,35.00,1746400,7.35
1998-10-06,37.75,38.50,37.12,37.19,1438400,7.81
1998-10-05,38.12,38.50,36.62,37.25,915600,7.82
1998-10-02,39.00,39.12,38.00,38.44,1442000,8.07
1998-10-01,39.94,39.94,38.00,38.75,3576400,8.14
1998-09-30,38.12,39.12,38.00,39.12,2244000,8.22
1998-09-29,37.19,38.31,37.19,38.31,954000,8.05
1998-09-28,37.00,37.56,36.62,36.94,1775200,7.76
1998-09-25,36.62,37.44,36.25,36.88,1465600,7.74
1998-09-24,39.88,39.94,37.44,37.69,2893200,7.91
1998-09-23,38.50,40.00,38.38,39.81,3374000,8.36
1998-09-22,39.50,39.62,38.62,38.69,1667200,8.12
1998-09-21,38.00,39.50,37.88,39.25,1058800,8.24
1998-09-18,39.00,39.31,38.62,39.25,1454800,8.24
1998-09-17,38.69,39.00,38.25,38.62,1463200,8.11
1998-09-16,37.62,38.94,37.56,38.94,2708800,8.18
1998-09-15,38.88,39.00,37.62,37.75,1046400,7.93
1998-09-14,38.12,39.06,38.06,38.69,1646400,8.12
1998-09-11,36.75,38.12,36.56,38.00,1192000,7.98
1998-09-10,38.06,38.12,35.50,37.19,1447600,7.81
1998-09-09,39.44,39.50,38.88,38.88,2586000,8.16
1998-09-08,39.25,39.31,38.75,39.31,2390000,8.26
1998-09-04,38.00,38.12,36.50,37.31,2043200,7.84
1998-09-03,38.50,38.50,37.75,38.12,2405600,8.01
1998-09-02,39.50,39.75,38.75,39.06,4907200,8.20
1998-09-01,37.00,39.88,36.69,39.56,4065600,8.31
1998-08-31,38.25,38.38,36.56,37.06,2971600,7.78
1998-08-28,38.25,38.88,37.81,38.31,1614400,8.05
1998-08-27,39.25,39.75,38.12,39.00,3642400,8.19
1998-08-26,39.50,40.06,38.81,40.06,2912800,8.41
1998-08-25,40.50,40.75,40.25,40.75,3702800,8.56
1998-08-24,38.06,39.75,38.06,39.38,2690800,8.27
1998-08-21,38.00,38.25,37.62,37.88,5040800,7.95
1998-08-20,37.00,39.62,36.69,39.62,6631200,8.32
1998-08-19,33.00,37.81,32.94,37.00,8092800,7.77
1998-08-18,31.69,32.50,31.56,32.50,1556800,6.83
1998-08-17,34.00,34.00,30.00,31.81,3683600,6.68
1998-08-14,34.06,34.56,34.00,34.31,1337200,7.21
1998-08-13,35.00,35.19,34.06,34.06,1091600,7.15
1998-08-12,33.75,35.38,33.25,35.25,1125600,7.40
1998-08-11,34.00,34.12,33.00,33.94,840400,7.13
1998-08-10,34.00,34.81,33.50,34.50,999200,7.25
1998-08-07,33.62,34.12,33.56,33.81,682000,7.10
1998-08-06,34.00,34.38,33.69,33.88,700000,7.11
1998-08-05,34.00,34.50,33.06,34.38,1187200,7.22
1998-08-04,35.50,35.69,34.00,34.50,1452000,7.25
1998-08-03,35.12,35.75,34.50,35.50,1777600,7.46
1998-07-31,36.50,36.50,35.00,35.38,964400,7.43
1998-07-30,36.12,36.75,36.06,36.50,1382400,7.67
1998-07-29,36.06,36.44,35.56,35.88,1575600,7.53
1998-07-28,36.88,36.88,35.00,36.06,3884400,7.57
1998-07-27,35.06,36.88,34.62,36.69,3336800,7.70
1998-07-24,34.81,35.62,34.75,35.00,1953600,7.35
1998-07-23,35.00,35.38,34.88,34.88,1848800,7.32
1998-07-22,34.94,35.25,34.25,35.25,1430800,7.40
1998-07-21,35.25,35.94,35.12,35.19,1143600,7.39
1998-07-20,35.12,36.06,34.88,35.88,1268000,7.53
1998-07-17,35.00,35.38,34.94,35.38,2029600,7.43
1998-07-16,33.75,35.25,33.69,35.25,3610400,7.40
1998-07-15,33.44,34.12,33.44,33.94,3107600,7.13
1998-07-14,32.88,33.62,32.88,33.50,2666000,7.04
1998-07-13,32.88,33.50,32.75,33.00,1135600,6.93
1998-07-10,33.06,33.12,32.56,33.06,1216000,6.94
1998-07-09,33.00,33.50,32.75,32.88,1462400,6.90
1998-07-08,32.69,33.12,32.06,33.12,1476400,6.96
1998-07-07,33.12,34.12,32.56,32.69,4096400,6.86
1998-07-06,32.38,33.56,31.81,33.56,1316800,7.05
1998-07-02,32.69,32.88,32.25,32.44,1898000,6.81
1998-07-01,31.94,32.69,31.81,32.62,2873200,6.85
1998-06-30,33.12,33.25,31.25,31.69,1858000,6.65
1998-06-29,32.50,33.38,32.50,33.38,1411600,7.01
1998-06-26,33.69,33.69,32.50,32.50,486800,6.83
1998-06-25,33.44,33.88,33.00,33.69,2200800,7.07
1998-06-24,31.81,34.00,31.75,33.50,2274400,7.04
1998-06-23,31.75,32.31,31.56,31.81,2068400,6.68
1998-06-22,31.19,32.00,31.06,31.50,2189600,6.62
1998-06-19,31.25,31.44,31.12,31.19,1474000,6.55
1998-06-18,31.12,31.38,31.00,31.12,1261200,6.54
1998-06-17,30.06,31.19,30.00,31.12,2737600,6.54
1998-06-16,30.06,30.25,29.56,29.94,1860000,6.29
1998-06-15,30.75,30.94,29.88,30.00,1435200,6.30
1998-06-12,31.00,31.31,30.50,30.94,1211200,6.50
1998-06-11,32.44,32.44,31.00,31.00,2097200,6.51
1998-06-10,32.88,33.31,32.19,32.25,1563200,6.77
1998-06-09,32.38,33.12,32.25,33.12,1836800,6.96
1998-06-08,32.44,32.69,32.38,32.62,1256400,6.85
1998-06-05,32.19,32.69,32.19,32.44,686800,6.81
1998-06-04,32.25,32.62,31.94,32.25,2556000,6.77
1998-06-03,32.75,32.81,32.25,32.38,1238400,6.80
1998-06-02,32.19,33.06,31.50,32.75,1808800,6.88
1998-06-01,31.06,32.31,31.00,32.19,1612800,6.76
1998-05-29,30.88,31.44,30.88,31.06,1200400,6.52
1998-05-28,30.19,30.94,30.19,30.94,2210400,6.50
1998-05-27,30.56,30.75,29.88,30.19,1208400,6.34
1998-05-26,31.25,31.25,30.88,30.88,1302400,6.48
1998-05-22,31.00,31.50,30.75,31.06,1095600,6.52
1998-05-21,31.62,31.75,31.00,31.19,1098000,6.55
1998-05-20,32.00,32.19,31.56,31.62,3281200,6.64
1998-05-19,31.62,32.25,31.62,32.06,1472800,6.73
1998-05-18,31.50,31.88,31.50,31.81,1990400,6.68
1998-05-15,31.25,31.75,31.06,31.56,1674000,6.63
1998-05-14,30.88,31.38,30.88,31.25,1064000,6.56
1998-05-13,30.75,31.31,30.62,31.00,817200,6.51
1998-05-12,30.38,30.88,30.31,30.88,819200,6.48
1998-05-11,30.19,30.56,30.19,30.31,1392000,6.37
1998-05-08,30.12,30.50,30.12,30.25,1330000,6.35
1998-05-07,30.81,30.81,30.12,30.12,1078400,6.33
1998-05-06,30.94,31.44,30.69,30.88,2173200,6.48
1998-05-05,30.75,31.25,30.50,31.12,1736400,6.54
1998-05-04,31.31,31.56,30.88,31.00,1084800,6.51
1998-05-01,31.75,31.75,31.12,31.38,1044800,6.59
1998-04-30,31.62,32.06,31.38,31.75,1670400,6.67
1998-04-29,31.25,31.62,31.12,31.38,1857600,6.59
1998-04-28,31.31,31.50,30.75,31.00,2742400,6.51
1998-04-27,31.62,31.62,30.50,31.19,2950800,6.55
1998-04-24,32.56,32.88,32.12,32.38,1746400,6.80
1998-04-23,32.69,33.00,32.50,32.75,2290400,6.88
1998-04-22,31.25,33.00,31.25,32.81,1652400,6.89
1998-04-21,31.38,31.50,31.06,31.44,1047200,6.60
1998-04-20,31.25,31.69,31.00,31.62,1040000,6.64
1998-04-17,31.50,31.62,30.88,31.44,973200,6.60
1998-04-16,31.69,31.75,30.88,31.38,1379200,6.59
1998-04-15,30.50,32.00,30.50,31.69,1440800,6.65
1998-04-14,30.75,30.75,30.44,30.62,1729200,6.43
1998-04-13,30.56,30.69,30.25,30.62,1190400,6.43
1998-04-09,30.12,31.00,30.00,30.75,1059200,6.46
1998-04-08,30.19,30.88,29.88,30.06,1263200,6.31
1998-04-07,31.12,31.25,30.12,30.38,1503600,6.38
1998-04-06,32.19,32.19,31.25,31.44,1622000,6.60
1998-04-03,31.44,32.25,31.25,32.25,1957200,6.77
1998-04-02,31.25,32.19,31.00,31.44,3030000,6.60
1998-04-01,30.06,31.50,30.06,31.50,1704000,6.62
1998-03-31,29.56,30.25,29.56,30.06,1868800,6.31
1998-03-30,30.00,30.06,29.50,29.56,2676000,6.21
1998-03-27,30.25,30.50,29.62,30.06,1725200,6.31
1998-03-26,30.75,30.75,30.06,30.06,1509200,6.31
1998-03-25,30.50,31.50,30.44,30.56,3179200,6.42
1998-03-24,29.88,30.75,29.75,30.62,1997200,6.43
1998-03-23,30.12,30.25,29.81,29.88,1663600,6.27
1998-03-20,29.75,31.00,29.56,30.62,2065200,6.43
1998-03-19,29.12,29.75,29.00,29.56,5576800,6.21
1998-03-18,29.62,29.81,29.12,29.19,1882800,6.13
1998-03-17,29.69,30.00,29.62,29.88,2420400,6.27
1998-03-16,29.75,30.06,29.56,29.81,2325200,6.26
1998-03-13,29.88,30.12,29.69,29.69,2246800,6.23
1998-03-12,29.75,30.31,29.69,29.75,3534000,6.25
1998-03-11,29.44,29.75,29.12,29.69,2376800,6.23
1998-03-10,28.62,29.25,28.56,29.19,1722400,6.13
1998-03-09,29.38,29.50,28.38,28.75,1660400,6.04
1998-03-06,29.88,29.94,29.00,29.50,2264000,6.20
1998-03-05,29.50,30.00,29.12,30.00,2310400,6.30
1998-03-04,29.25,30.00,29.19,30.00,1802000,6.30
1998-03-03,28.94,29.62,28.75,29.50,2017200,6.20
1998-03-02,28.38,29.50,28.31,29.44,3092000,6.18
1998-02-27,28.00,28.50,27.94,28.50,2044800,5.99
1998-02-26,27.00,28.25,26.94,27.94,2922400,5.87
1998-02-25,27.00,27.25,26.81,27.00,1586000,5.67
1998-02-24,26.50,27.44,26.50,27.12,2127600,5.70
1998-02-23,27.12,27.12,26.50,26.62,2298000,5.59
1998-02-20,27.31,27.31,26.56,26.75,1765200,5.62
1998-02-19,26.12,27.62,26.06,27.06,4389200,5.68
1998-02-18,26.38,26.50,26.00,26.12,5242400,5.49
1998-02-17,26.00,26.69,26.00,26.69,4541200,5.60
1998-02-13,27.50,29.00,27.00,27.25,5932400,5.72
1998-02-12,28.12,28.38,27.25,27.50,4597600,5.78
1998-02-11,28.25,28.31,27.69,28.19,2073600,5.92
1998-02-10,28.12,28.62,27.75,28.44,1428800,5.97
1998-02-09,28.25,28.50,27.81,28.25,1532800,5.93
1998-02-06,27.75,28.75,27.75,28.69,1963600,6.02
1998-02-05,28.06,28.38,27.88,28.00,2215600,5.88
1998-02-04,27.50,28.50,27.38,28.38,3774800,5.96
1998-02-03,27.62,27.75,27.50,27.62,2940000,5.80
1998-02-02,27.56,28.50,27.56,27.88,3898000,5.85
1998-01-30,27.25,27.38,26.94,27.31,5987600,5.74
1998-01-29,27.12,28.06,27.00,27.44,3084400,5.76
1998-01-28,26.50,27.38,26.38,27.38,3906400,5.75
1998-01-27,26.25,26.62,26.00,26.56,3398000,5.58
1998-01-26,26.50,26.94,26.38,26.62,1776400,5.59
1998-01-23,27.00,27.12,26.56,26.75,2384400,5.62
1998-01-22,27.38,27.44,27.00,27.12,2056400,5.70
1998-01-21,27.50,27.50,27.19,27.38,1699600,5.75
1998-01-20,26.88,27.75,26.75,27.75,2816400,5.83
1998-01-16,26.62,27.00,26.56,26.94,2226000,5.66
1998-01-15,26.00,26.88,25.75,26.75,6312800,5.62
1998-01-14,26.19,26.81,25.56,26.12,2724000,5.49
1998-01-13,25.88,26.38,25.75,26.12,3582400,5.49
1998-01-12,25.12,26.44,25.06,26.12,3833600,5.49
1998-01-09,25.88,26.94,25.75,26.00,6994800,5.46
1998-01-08,26.50,26.75,25.75,25.94,3906000,5.45
1998-01-07,26.88,27.75,26.62,27.00,4323600,5.67
1998-01-06,27.88,27.88,26.94,27.06,6155200,5.68
1998-01-05,29.12,29.25,27.88,28.25,4930000,5.93
1998-01-02,29.06,29.31,28.38,29.12,2127600,6.12
1997-12-31,29.06,29.19,28.75,29.06,3035200,6.10
1997-12-30,28.38,29.56,28.31,29.31,1933600,6.16
1997-12-29,28.06,29.00,28.00,28.38,1568800,5.96
1997-12-26,28.62,28.69,28.31,28.31,887600,5.95
1997-12-24,28.12,28.81,27.88,28.75,1541200,6.04
1997-12-23,29.56,29.69,28.31,28.38,3141600,5.96
1997-12-22,30.00,30.12,29.38,29.81,1620400,6.26
1997-12-19,29.75,30.00,29.62,29.81,2028400,6.26
1997-12-18,30.12,30.19,29.56,29.88,1942400,6.27
1997-12-17,30.81,31.31,30.19,30.38,5026000,6.38
1997-12-16,30.00,30.94,30.00,30.75,7638000,6.46
1997-12-15,30.12,30.75,30.06,30.19,7172800,6.34
1997-12-12,31.19,31.25,30.25,30.38,3363200,6.38
1997-12-11,31.62,31.75,30.88,31.12,4354400,6.54
1997-12-10,34.00,34.00,31.69,32.25,6426000,6.77
1997-12-09,34.12,34.50,34.06,34.19,1397200,7.18
1997-12-08,34.38,34.94,34.25,34.50,1540400,7.25
1997-12-05,34.81,34.88,34.50,34.62,2854000,7.27
1997-12-04,35.00,35.44,34.69,34.81,3282800,7.31
1997-12-03,34.00,34.75,34.00,34.69,1442800,7.28
1997-12-02,34.25,34.25,33.62,34.06,3128400,7.15
1997-12-01,34.38,34.38,33.81,34.00,2174000,7.14
1997-11-28,33.12,34.00,33.12,33.81,840400,7.10
1997-11-26,32.50,33.38,32.50,33.19,1908800,6.97
1997-11-25,33.56,33.69,32.50,32.75,2370800,6.88
1997-11-24,34.00,34.50,33.50,33.50,2790000,7.04
1997-11-21,34.06,34.62,34.00,34.50,2220000,7.25
1997-11-20,34.00,34.31,33.88,34.12,4558800,7.17
1997-11-19,33.62,34.25,33.38,34.00,4330800,7.14
1997-11-18,35.12,35.31,33.62,33.81,4189200,7.10
1997-11-17,35.50,36.25,35.25,35.31,3616400,7.42
1997-11-14,34.25,36.00,34.12,35.25,7962400,7.40
1997-11-13,32.94,33.69,32.94,33.50,5003600,7.04
1997-11-12,33.25,33.50,32.81,32.81,2981600,6.89
1997-11-11,32.75,33.62,32.75,33.50,2965600,7.04
1997-11-10,32.25,34.38,32.12,33.81,3940800,7.10
1997-11-07,31.50,32.44,31.00,32.00,4353600,6.72
1997-11-06,30.25,32.00,30.12,31.62,4446800,6.64
1997-11-05,30.00,30.50,29.88,30.19,4460800,6.34
1997-11-04,30.25,30.56,29.88,30.12,4205600,6.33
1997-11-03,30.50,30.75,30.06,30.50,3923200,6.41
1997-10-31,29.50,30.50,29.44,30.31,3834800,6.37
1997-10-30,29.12,30.19,29.12,29.50,3524000,6.20
1997-10-29,31.06,31.50,30.19,30.31,2362400,6.37
1997-10-28,30.12,31.62,29.12,30.94,3350400,6.50
1997-10-27,32.50,32.56,30.62,31.12,4816000,6.54
1997-10-24,33.06,33.25,32.44,33.00,4024800,6.93
1997-10-23,32.50,33.06,32.25,33.00,5527600,6.93
1997-10-22,33.00,33.38,32.62,33.00,4033600,6.93
1997-10-21,32.00,34.19,32.00,33.56,6628000,7.05
1997-10-20,31.06,32.44,31.06,32.25,5748000,6.77
1997-10-17,31.25,31.38,30.31,31.19,4623600,6.55
1997-10-16,32.00,32.12,31.50,31.75,6472000,6.67
1997-10-15,31.12,31.81,31.12,31.75,6505200,6.67
1997-10-14,31.81,32.44,31.75,31.88,12276800,6.69
1997-10-13,31.62,32.06,31.56,32.06,7563600,6.73
1997-10-10,30.88,31.94,30.75,31.56,7411200,6.63
1997-10-09,30.62,32.00,30.06,31.94,9234000,6.71
1997-10-08,31.12,31.25,30.50,30.69,11980400,6.44
1997-10-07,32.25,32.75,30.62,31.12,15530000,6.54
1997-10-06,31.19,32.25,31.19,32.00,5638000,6.72
1997-10-03,31.19,31.50,31.00,31.31,1484800,6.58
1997-10-02,31.12,31.19,30.50,30.88,1344800,6.48
1997-10-01,32.44,32.44,31.00,31.00,2534800,6.51
1997-09-30,31.94,33.38,31.88,32.38,3335200,6.80
1997-09-29,31.25,31.62,31.25,31.62,1228000,6.64
1997-09-26,30.38,31.25,30.31,31.19,1176400,6.55
1997-09-25,30.00,30.44,30.00,30.44,723200,6.39
1997-09-24,30.06,30.12,29.94,30.00,1851600,6.30
1997-09-23,30.00,30.12,29.94,30.00,1968800,6.30
1997-09-22,30.00,30.38,29.94,30.00,4192000,6.30
1997-09-19,30.06,31.00,30.06,30.25,2473200,6.35
1997-09-18,29.50,30.12,29.25,30.12,4839600,6.33
1997-09-17,28.75,30.25,28.75,29.12,20981600,6.12
