Date,Open,High,Low,Close,Volume,Adj Close
2014-06-19,25.89,25.89,25.85,25.88,3300,25.88
2014-06-18,25.86,25.86,25.85,25.85,6300,25.85
2014-06-17,25.81,25.85,25.81,25.85,1000,25.85
2014-06-16,25.83,25.83,25.83,25.83,000,25.83
2014-06-13,25.79,25.84,25.79,25.83,4700,25.83
2014-06-12,25.71,25.83,25.60,25.79,5200,25.79
2014-06-11,25.65,25.74,25.60,25.67,5800,25.67
2014-06-10,25.64,25.72,25.64,25.65,1700,25.65
2014-06-09,25.69,25.71,25.63,25.70,1700,25.70
2014-06-06,25.79,25.79,25.71,25.72,3900,25.72
2014-06-05,25.85,25.85,25.74,25.78,4200,25.78
2014-06-04,25.79,25.86,25.72,25.83,7000,25.83
2014-06-03,25.78,25.88,25.78,25.79,10000,25.79
2014-06-02,25.82,25.83,25.78,25.82,8000,25.82
2014-05-30,25.79,25.80,25.79,25.79,1300,25.79
2014-05-29,25.79,25.81,25.79,25.79,1700,25.79
2014-05-28,25.79,25.83,25.79,25.82,3100,25.82
2014-05-27,25.79,25.83,25.78,25.79,7400,25.79
2014-05-23,25.81,25.81,25.78,25.78,1300,25.78
2014-05-22,25.80,25.83,25.78,25.79,6100,25.79
2014-05-21,25.78,25.80,25.78,25.80,2400,25.80
2014-05-20,25.79,25.82,25.78,25.80,2200,25.80
2014-05-19,25.75,25.80,25.72,25.79,4600,25.79
2014-05-16,25.83,25.83,25.77,25.81,5900,25.81
2014-05-15,25.70,25.83,25.70,25.81,6600,25.81
2014-05-14,25.75,25.83,25.70,25.72,7700,25.72
2014-05-13,25.80,25.80,25.72,25.79,4200,25.79
2014-05-12,25.65,25.78,25.65,25.78,3600,25.78
2014-05-09,25.80,25.80,25.69,25.77,2000,25.77
2014-05-08,25.70,25.80,25.65,25.73,5700,25.73
2014-05-07,25.81,25.83,25.70,25.70,3300,25.70
2014-05-06,25.67,25.83,25.66,25.79,7100,25.79
2014-05-05,25.70,25.85,25.70,25.83,6500,25.83
2014-05-02,25.89,25.89,25.73,25.73,3100,25.73
2014-05-01,25.83,25.86,25.74,25.86,4300,25.86
2014-04-30,25.67,25.89,25.59,25.83,6800,25.83
2014-04-29,25.69,25.69,25.53,25.59,5400,25.59
2014-04-28,25.49,25.62,25.49,25.58,3400,25.58
2014-04-25,25.40,25.48,25.30,25.44,5900,25.44
2014-04-24,25.60,25.62,25.38,25.42,11000,25.42
2014-04-23,25.71,25.73,25.60,25.61,4700,25.61
2014-04-22,25.74,25.84,25.74,25.74,4300,25.74
2014-04-21,25.61,25.75,25.61,25.75,2700,25.75
2014-04-17,25.84,25.90,25.61,25.67,13800,25.67
2014-04-16,25.79,25.79,25.77,25.77,1300,25.77
2014-04-15,25.82,25.87,25.71,25.71,5000,25.71
2014-04-14,25.74,25.85,25.56,25.67,13200,25.67
2014-04-11,25.91,25.92,25.75,25.92,4200,25.45
2014-04-10,25.88,25.94,25.85,25.94,2600,25.47
2014-04-09,25.80,25.91,25.80,25.91,4700,25.44
2014-04-08,25.83,25.92,25.79,25.87,7300,25.40
2014-04-07,25.86,25.87,25.77,25.79,5800,25.32
2014-04-04,25.74,25.97,25.74,25.87,18200,25.40
2014-04-03,25.77,25.77,25.70,25.71,5000,25.24
2014-04-02,25.68,25.75,25.65,25.73,5800,25.26
2014-04-01,25.73,25.73,25.66,25.68,5100,25.22
2014-03-31,25.72,25.75,25.61,25.70,4000,25.23
2014-03-28,25.63,25.75,25.63,25.67,5400,25.21
2014-03-27,25.57,25.69,25.52,25.65,5400,25.19
2014-03-26,25.72,25.72,25.50,25.50,10100,25.04
2014-03-25,25.77,25.77,25.54,25.55,7800,25.09
2014-03-24,25.69,25.71,25.64,25.64,1500,25.18
2014-03-21,25.60,25.74,25.60,25.63,2300,25.17
2014-03-20,25.67,25.71,25.60,25.66,5700,25.20
2014-03-19,25.63,25.68,25.60,25.68,11500,25.22
2014-03-18,25.52,25.64,25.50,25.64,6900,25.18
2014-03-17,25.52,25.52,25.43,25.52,3000,25.06
2014-03-14,25.46,25.56,25.41,25.51,6000,25.05
2014-03-13,25.40,25.50,25.40,25.49,7300,25.03
2014-03-12,25.45,25.57,25.33,25.48,9900,25.02
2014-03-11,25.45,25.45,25.36,25.37,5400,24.91
2014-03-10,25.45,25.45,25.37,25.45,5600,24.99
2014-03-07,25.44,25.45,25.34,25.44,5500,24.98
2014-03-06,25.42,25.45,25.34,25.45,6900,24.99
2014-03-05,25.48,25.50,25.42,25.42,3800,24.96
2014-03-04,25.63,25.63,25.44,25.56,4100,25.10
2014-03-03,25.38,25.58,25.36,25.55,9700,25.09
2014-02-28,25.40,25.45,25.36,25.42,4400,24.96
2014-02-27,25.34,25.37,25.33,25.35,5300,24.89
2014-02-26,25.34,25.40,25.33,25.37,5300,24.91
2014-02-25,25.32,25.40,25.32,25.39,6300,24.93
2014-02-24,25.40,25.40,25.33,25.38,5400,24.92
2014-02-21,25.45,25.45,25.34,25.35,4400,24.89
2014-02-20,25.34,25.43,25.34,25.43,2000,24.97
2014-02-19,25.36,25.40,25.30,25.37,10300,24.91
2014-02-18,25.36,25.48,25.34,25.41,5400,24.95
2014-02-14,25.33,25.41,25.33,25.41,6100,24.95
2014-02-13,25.52,25.52,25.40,25.40,2800,24.94
2014-02-12,25.56,25.62,25.44,25.51,3900,25.05
2014-02-11,25.41,25.67,25.41,25.67,1600,25.21
2014-02-10,25.48,25.49,25.47,25.47,3200,25.01
2014-02-07,25.44,25.47,25.44,25.47,4400,25.01
2014-02-06,25.40,25.47,25.36,25.36,4800,24.90
2014-02-05,25.43,25.48,25.37,25.48,3900,25.02
2014-02-04,25.51,25.52,25.36,25.45,6800,24.99
2014-02-03,25.49,25.49,25.35,25.48,9000,25.02
2014-01-31,25.30,25.48,25.27,25.46,11000,25.00
2014-01-30,25.33,25.40,25.26,25.39,4000,24.93
2014-01-29,25.34,25.34,25.20,25.32,6900,24.86
2014-01-28,25.27,25.35,25.25,25.25,5600,24.79
2014-01-27,25.30,25.39,25.25,25.33,7300,24.87
2014-01-24,25.28,25.48,25.25,25.34,5700,24.88
2014-01-23,25.23,25.31,25.23,25.26,4300,24.80
2014-01-22,25.25,25.31,25.25,25.25,4400,24.79
2014-01-21,25.25,25.33,25.25,25.26,5800,24.80
2014-01-17,25.26,25.34,25.24,25.25,2700,24.79
2014-01-16,25.35,25.36,25.26,25.33,5800,24.87
2014-01-15,25.25,25.43,25.15,25.26,11700,24.80
2014-01-14,25.59,25.65,25.46,25.59,5900,24.67
2014-01-13,25.47,25.70,25.44,25.48,6400,24.56
2014-01-10,25.34,25.68,25.34,25.60,6800,24.68
2014-01-09,25.48,25.70,25.42,25.46,4400,24.54
2014-01-08,25.46,25.47,25.33,25.46,3800,24.54
2014-01-07,25.38,25.47,25.29,25.37,6200,24.45
2014-01-06,25.32,25.38,25.30,25.30,7600,24.39
2014-01-03,25.30,25.39,25.22,25.26,10500,24.35
2014-01-02,25.27,25.49,25.27,25.32,6500,24.41
2013-12-31,25.33,25.36,25.19,25.35,10500,24.44
2013-12-30,25.30,25.34,25.21,25.33,7400,24.42
2013-12-27,25.25,25.26,25.11,25.26,2800,24.35
2013-12-26,25.17,25.32,25.12,25.18,4500,24.27
2013-12-24,25.15,25.27,25.15,25.26,4200,24.35
2013-12-23,25.20,25.31,25.18,25.27,6400,24.36
2013-12-20,25.33,25.35,25.20,25.23,9000,24.32
2013-12-19,25.51,25.51,25.32,25.35,3400,24.44
2013-12-18,25.33,25.70,25.23,25.59,10200,24.67
2013-12-17,25.30,25.33,25.13,25.22,2500,24.31
2013-12-16,25.25,25.40,25.23,25.25,5600,24.34
2013-12-13,25.12,25.29,25.12,25.24,2600,24.33
2013-12-12,25.13,25.23,25.12,25.14,4100,24.23
2013-12-11,25.30,25.30,25.13,25.15,12800,24.24
2013-12-10,25.12,25.25,25.06,25.24,12400,24.33
2013-12-09,25.05,25.15,25.05,25.12,7900,24.21
2013-12-06,25.05,25.08,25.01,25.08,22900,24.17
2013-12-05,25.07,25.07,25.01,25.01,8300,24.11
2013-12-04,25.09,25.09,25.01,25.02,11500,24.12
2013-12-03,25.13,25.20,25.07,25.10,18000,24.19
2013-12-02,25.19,25.25,25.13,25.19,14400,24.28
2013-11-29,25.18,25.20,25.18,25.20,800,24.29
2013-11-27,25.15,25.19,25.08,25.17,6800,24.26
2013-11-26,25.10,25.15,25.06,25.11,9200,24.20
2013-11-25,25.12,25.20,25.11,25.11,10600,24.20
2013-11-22,25.11,25.21,25.10,25.17,9200,24.26
2013-11-21,25.15,25.15,25.07,25.13,8600,24.22
2013-11-20,25.09,25.15,25.06,25.10,12300,24.19
2013-11-19,25.10,25.19,25.08,25.10,8800,24.19
2013-11-18,25.13,25.18,25.10,25.12,6700,24.21
2013-11-15,25.25,25.25,25.00,25.18,16800,24.27
2013-11-14,25.14,25.25,25.14,25.15,6800,24.24
2013-11-13,25.16,25.33,25.10,25.15,11400,24.24
2013-11-12,25.22,25.40,25.12,25.16,3500,24.25
2013-11-11,25.22,25.25,25.11,25.13,5500,24.22
2013-11-08,25.09,25.22,25.06,25.10,7800,24.19
2013-11-07,25.08,25.18,25.07,25.09,8600,24.18
2013-11-06,25.18,25.18,25.09,25.10,10300,24.19
2013-11-05,25.22,25.27,25.16,25.16,3500,24.25
2013-11-04,25.37,25.37,25.20,25.20,5200,24.29
2013-11-01,25.34,25.35,25.16,25.24,8600,24.33
2013-10-31,25.14,25.29,25.14,25.20,15500,24.29
2013-10-30,25.12,25.16,25.08,25.16,21900,24.25
2013-10-29,25.08,25.15,25.05,25.10,9300,24.19
2013-10-28,25.13,25.18,25.08,25.08,7100,24.17
2013-10-25,25.13,25.20,25.11,25.11,12700,24.20
2013-10-24,25.13,25.24,25.12,25.19,3000,24.28
2013-10-23,25.19,25.20,25.11,25.19,5600,24.28
2013-10-22,25.20,25.20,25.11,25.11,12100,24.20
2013-10-21,25.10,25.23,25.08,25.11,8100,24.20
2013-10-18,25.26,25.26,25.17,25.20,17200,24.29
2013-10-17,25.20,25.26,25.13,25.23,9100,24.32
2013-10-16,25.22,25.26,25.11,25.22,5200,24.31
2013-10-15,25.02,25.11,25.02,25.09,22000,24.18
2013-10-14,25.49,25.49,25.29,25.43,8000,24.06
2013-10-11,25.34,25.52,25.34,25.38,15500,24.01
2013-10-10,25.50,25.51,25.35,25.35,9700,23.98
2013-10-09,25.40,25.40,25.35,25.37,5400,24.00
2013-10-08,25.45,25.49,25.39,25.40,8300,24.03
2013-10-07,25.68,25.68,25.46,25.46,5400,24.09
2013-10-04,25.76,25.76,25.47,25.48,14100,24.11
2013-10-03,25.68,25.68,25.54,25.57,4100,24.19
2013-10-02,25.73,25.75,25.51,25.54,18300,24.16
2013-10-01,25.65,25.68,25.60,25.66,1600,24.28
2013-09-30,25.65,25.68,25.65,25.68,1900,24.30
2013-09-27,25.72,25.77,25.55,25.72,6500,24.33
2013-09-26,25.54,25.72,25.54,25.70,8800,24.32
2013-09-25,25.41,25.50,25.36,25.50,14400,24.13
2013-09-24,25.43,25.50,25.38,25.47,7000,24.10
2013-09-23,25.43,25.44,25.37,25.42,10800,24.05
2013-09-20,25.38,25.49,25.36,25.41,15800,24.04
2013-09-19,25.64,25.65,25.38,25.49,9700,24.12
2013-09-18,25.43,25.50,25.36,25.49,12400,24.12
2013-09-17,25.50,25.52,25.40,25.43,4600,24.06
2013-09-16,25.51,25.52,25.37,25.40,4900,24.03
2013-09-13,25.43,25.45,25.42,25.42,4600,24.05
2013-09-12,25.42,25.44,25.40,25.42,3000,24.05
2013-09-11,25.46,25.49,25.37,25.38,6900,24.01
2013-09-10,25.59,25.59,25.36,25.48,6600,24.11
2013-09-09,25.69,25.69,25.49,25.51,2300,24.14
2013-09-06,25.62,25.62,25.48,25.53,4800,24.15
2013-09-05,25.47,25.57,25.47,25.54,2900,24.16
2013-09-04,25.42,25.50,25.42,25.47,4000,24.10
2013-09-03,25.51,25.55,25.37,25.45,4500,24.08
2013-08-30,25.61,25.65,25.61,25.62,1700,24.24
2013-08-29,25.70,25.71,25.61,25.63,5000,24.25
2013-08-28,25.57,25.67,25.53,25.65,5300,24.27
2013-08-27,25.66,25.66,25.45,25.50,7600,24.13
2013-08-26,25.67,25.67,25.49,25.55,4800,24.17
2013-08-23,25.67,25.68,25.50,25.50,9300,24.13
2013-08-22,25.34,25.53,25.30,25.53,4200,24.15
2013-08-21,25.29,25.30,25.02,25.17,26600,23.81
2013-08-20,25.34,25.46,25.25,25.26,12600,23.90
2013-08-19,25.45,25.45,25.31,25.34,17500,23.98
2013-08-16,25.55,25.69,25.55,25.59,3500,24.21
2013-08-15,25.41,25.77,25.41,25.68,8100,24.30
2013-08-14,25.49,25.55,25.31,25.55,3600,24.17
2013-08-13,25.41,25.46,25.35,25.46,3000,24.09
2013-08-12,25.37,25.50,25.36,25.45,8000,24.08
2013-08-09,25.31,25.54,25.31,25.36,11600,23.99
2013-08-08,25.54,25.54,25.40,25.42,11800,24.05
2013-08-07,25.37,25.52,25.37,25.52,4900,24.15
2013-08-06,25.35,25.56,25.35,25.47,12000,24.10
2013-08-05,25.56,25.56,25.37,25.48,5600,24.11
2013-08-02,25.50,25.54,25.36,25.45,11000,24.08
2013-08-01,25.69,25.70,25.50,25.57,7800,24.19
2013-07-31,25.46,25.62,25.46,25.55,6800,24.17
2013-07-30,25.66,25.66,25.27,25.37,12400,24.00
2013-07-29,25.60,25.66,25.50,25.50,5600,24.13
2013-07-26,25.50,25.70,25.50,25.50,2800,24.13
2013-07-25,25.51,25.65,25.51,25.52,2500,24.15
2013-07-24,25.60,25.60,25.51,25.54,12000,24.16
2013-07-23,25.65,25.77,25.60,25.60,3300,24.22
2013-07-22,25.81,25.87,25.64,25.75,6100,24.36
2013-07-19,25.83,25.83,25.73,25.81,4700,24.42
2013-07-18,25.69,25.85,25.58,25.72,12400,24.33
2013-07-17,25.75,25.94,25.60,25.84,9100,24.45
2013-07-16,25.70,25.86,25.56,25.86,5300,24.47
2013-07-15,25.55,25.84,25.55,25.74,8200,24.35
2013-07-12,26.04,26.04,25.82,25.93,8200,24.09
2013-07-11,25.75,26.08,25.75,25.87,17800,24.03
2013-07-10,25.69,25.75,25.66,25.74,4700,23.91
2013-07-09,25.57,25.69,25.55,25.69,9400,23.87
2013-07-08,25.72,25.75,25.56,25.57,8500,23.76
2013-07-05,25.79,25.84,25.60,25.70,5000,23.88
2013-07-03,25.89,25.89,25.60,25.67,4100,23.85
2013-07-02,25.85,25.95,25.81,25.94,3000,24.10
2013-07-01,25.68,25.92,25.68,25.80,5400,23.97
2013-06-28,25.98,25.98,25.70,25.75,4600,23.92
2013-06-27,25.95,25.96,25.76,25.84,4000,24.01
2013-06-26,25.69,25.84,25.67,25.75,9000,23.92
2013-06-25,25.86,25.86,25.56,25.67,7200,23.85
2013-06-24,25.97,25.97,25.52,25.66,20900,23.84
2013-06-21,25.92,26.04,25.65,26.04,7300,24.19
2013-06-20,26.00,26.04,25.63,25.71,10100,23.89
2013-06-19,25.85,26.22,25.85,26.01,15200,24.16
2013-06-18,25.93,26.09,25.61,25.93,17400,24.09
2013-06-17,25.99,25.99,25.84,25.88,9900,24.04
2013-06-14,25.51,25.81,25.51,25.77,5600,23.94
2013-06-13,25.52,25.70,25.51,25.57,8400,23.76
2013-06-12,25.55,25.59,25.54,25.55,4200,23.74
2013-06-11,25.67,25.67,25.55,25.55,8000,23.74
2013-06-10,25.58,25.76,25.55,25.67,12600,23.85
2013-06-07,25.59,25.79,25.57,25.70,4300,23.88
2013-06-06,25.70,25.70,25.57,25.59,10100,23.77
2013-06-05,25.72,25.90,25.67,25.70,7600,23.88
2013-06-04,25.75,25.85,25.75,25.79,5700,23.96
2013-06-03,25.95,25.95,25.76,25.79,8800,23.96
2013-05-31,26.02,26.05,25.90,25.95,13000,24.11
2013-05-30,25.90,26.00,25.90,25.91,6800,24.07
2013-05-29,26.05,26.05,25.87,25.94,6100,24.10
2013-05-28,26.20,26.25,26.05,26.10,7200,24.25
2013-05-24,26.05,26.10,25.99,25.99,1600,24.15
2013-05-23,25.91,26.06,25.90,26.04,10300,24.19
2013-05-22,26.16,26.17,25.96,25.96,4400,24.12
2013-05-21,26.10,26.17,25.99,26.10,5600,24.25
2013-05-20,26.12,26.12,25.98,26.02,3200,24.17
2013-05-17,25.85,26.08,25.83,26.06,12800,24.21
2013-05-16,25.91,25.95,25.84,25.93,17100,24.09
2013-05-15,25.70,25.91,25.70,25.91,13000,24.07
2013-05-14,25.95,25.95,25.73,25.75,14400,23.92
2013-05-13,25.77,25.93,25.77,25.90,11700,24.06
2013-05-10,25.67,25.75,25.66,25.70,6000,23.88
2013-05-09,25.79,25.79,25.71,25.71,4500,23.89
2013-05-08,25.96,25.97,25.75,25.75,17900,23.92
2013-05-07,26.04,26.04,25.92,25.99,9200,24.15
2013-05-06,25.99,25.99,25.88,25.94,10100,24.10
2013-05-03,25.83,25.95,25.82,25.89,4000,24.05
2013-05-02,25.93,25.95,25.72,25.86,14700,24.02
2013-05-01,25.91,25.95,25.81,25.81,6600,23.98
2013-04-30,25.55,25.89,25.55,25.76,22800,23.93
2013-04-29,25.72,25.72,25.52,25.55,13800,23.74
2013-04-26,25.70,25.84,25.70,25.80,8300,23.97
2013-04-25,25.79,25.89,25.66,25.77,17300,23.94
2013-04-24,25.88,25.88,25.81,25.82,3400,23.99
2013-04-23,25.79,25.90,25.79,25.82,15800,23.99
2013-04-22,25.80,25.98,25.79,25.80,4400,23.97
2013-04-19,25.89,25.89,25.77,25.87,1800,24.03
2013-04-18,25.83,25.90,25.75,25.89,7900,24.05
2013-04-17,25.93,25.94,25.86,25.91,2300,24.07
2013-04-16,25.77,26.24,25.67,26.00,16800,24.15
2013-04-15,25.83,25.83,25.70,25.78,12300,23.95
2013-04-12,25.68,25.80,25.61,25.69,10800,23.87
2013-04-11,26.07,26.23,26.02,26.19,13300,23.90
2013-04-10,26.00,26.09,25.93,25.95,11200,23.68
2013-04-09,26.05,26.05,25.95,26.01,3400,23.73
2013-04-08,26.05,26.05,25.93,25.97,7700,23.69
2013-04-05,25.93,25.93,25.85,25.91,6700,23.64
2013-04-04,25.92,25.92,25.85,25.89,11400,23.62
2013-04-03,25.81,25.95,25.81,25.85,8100,23.59
2013-04-02,25.87,25.97,25.87,25.97,4600,23.69
2013-04-01,25.93,25.94,25.82,25.82,6500,23.56
2013-03-28,25.86,25.91,25.78,25.82,2300,23.56
2013-03-27,25.79,25.94,25.75,25.83,10900,23.57
2013-03-26,25.65,25.94,25.61,25.91,13500,23.64
2013-03-25,25.65,25.66,25.61,25.65,2400,23.40
2013-03-22,25.64,25.68,25.62,25.64,4100,23.39
2013-03-21,25.69,25.72,25.60,25.63,6100,23.38
2013-03-20,25.70,25.71,25.68,25.69,4700,23.44
2013-03-19,25.67,25.72,25.66,25.69,4000,23.44
2013-03-18,25.65,25.65,25.62,25.65,2100,23.40
2013-03-15,25.64,25.65,25.59,25.64,4900,23.39
2013-03-14,25.65,25.65,25.57,25.64,3200,23.39
2013-03-13,25.61,25.62,25.57,25.58,3100,23.34
2013-03-12,25.70,25.70,25.55,25.55,10700,23.31
2013-03-11,25.59,25.69,25.56,25.68,10200,23.43
2013-03-08,25.64,25.70,25.55,25.59,19100,23.35
2013-03-07,25.58,25.68,25.56,25.56,5600,23.32
2013-03-06,25.54,25.65,25.54,25.65,4300,23.40
2013-03-05,25.53,25.57,25.52,25.57,4900,23.33
2013-03-04,25.55,25.58,25.52,25.55,7900,23.31
2013-03-01,25.55,25.62,25.54,25.54,4300,23.30
2013-02-28,25.64,25.66,25.51,25.54,6100,23.30
2013-02-27,25.67,25.67,25.56,25.60,5700,23.36
2013-02-26,25.67,25.69,25.58,25.69,7000,23.44
2013-02-25,25.54,25.66,25.54,25.64,13400,23.39
2013-02-22,25.55,25.61,25.50,25.60,8200,23.36
2013-02-21,25.52,25.62,25.51,25.59,5100,23.35
2013-02-20,25.54,25.58,25.51,25.52,9300,23.28
2013-02-19,25.56,25.61,25.52,25.59,6300,23.35
2013-02-15,25.65,25.66,25.54,25.54,4300,23.30
2013-02-14,25.50,25.68,25.50,25.68,4900,23.43
2013-02-13,25.61,25.61,25.52,25.53,3600,23.29
2013-02-12,25.73,25.75,25.52,25.52,15000,23.28
2013-02-11,25.65,25.71,25.65,25.70,2000,23.45
2013-02-08,25.74,25.74,25.61,25.68,2300,23.43
2013-02-07,25.65,25.68,25.57,25.68,9400,23.43
2013-02-06,25.57,25.57,25.45,25.56,8000,23.32
2013-02-05,25.60,25.60,25.47,25.48,4500,23.25
2013-02-04,25.60,25.60,25.46,25.52,6200,23.28
2013-02-01,25.65,25.65,25.52,25.52,6500,23.28
2013-01-31,25.40,25.55,25.40,25.54,4900,23.30
2013-01-30,25.48,25.59,25.48,25.49,12400,23.26
2013-01-29,25.62,25.62,25.43,25.49,4400,23.26
2013-01-28,25.54,25.57,25.43,25.55,6800,23.31
2013-01-25,25.51,25.58,25.42,25.42,3200,23.19
2013-01-24,25.50,25.59,25.40,25.42,17800,23.19
2013-01-23,25.39,25.58,25.38,25.50,31500,23.27
2013-01-22,25.58,25.59,25.44,25.51,12300,23.27
2013-01-18,25.65,25.65,25.56,25.61,2100,23.37
2013-01-17,25.69,25.77,25.57,25.67,8100,23.42
2013-01-16,25.57,25.83,25.57,25.69,11700,23.44
2013-01-15,25.74,25.75,25.53,25.66,5400,23.41
2013-01-14,26.00,26.14,25.92,26.14,9800,23.42
2013-01-11,25.95,26.13,25.87,26.10,13400,23.39
2013-01-10,25.95,26.06,25.85,26.06,12700,23.35
2013-01-09,25.79,25.95,25.79,25.90,6400,23.21
2013-01-08,25.81,25.89,25.78,25.85,6600,23.16
2013-01-07,25.87,25.89,25.81,25.81,3900,23.13
2013-01-04,25.88,25.88,25.72,25.80,6400,23.12
2013-01-03,25.78,25.88,25.74,25.88,7300,23.19
2013-01-02,25.60,25.76,25.60,25.71,12200,23.04
2012-12-31,25.34,25.53,25.34,25.51,11100,22.86
2012-12-28,25.32,25.49,25.32,25.45,8800,22.80
2012-12-27,25.31,25.35,25.15,25.31,18300,22.68
2012-12-26,25.41,25.44,25.35,25.36,4100,22.72
2012-12-24,25.33,25.40,25.31,25.38,7600,22.74
2012-12-21,25.41,25.45,25.31,25.31,11700,22.68
2012-12-20,25.50,25.58,25.42,25.43,6600,22.79
2012-12-19,25.42,25.54,25.37,25.54,13900,22.88
2012-12-18,25.56,25.57,25.32,25.46,15100,22.81
2012-12-17,25.63,25.63,25.50,25.50,7000,22.85
2012-12-14,25.56,25.59,25.50,25.51,5400,22.86
2012-12-13,25.73,25.73,25.55,25.55,4700,22.89
2012-12-12,25.69,25.77,25.65,25.65,5400,22.98
2012-12-11,25.56,25.70,25.55,25.64,6900,22.97
2012-12-10,25.56,25.56,25.46,25.56,7200,22.90
2012-12-07,25.44,25.59,25.43,25.55,8000,22.89
2012-12-06,25.48,25.49,25.42,25.48,8100,22.83
2012-12-05,25.45,25.49,25.41,25.41,6400,22.77
2012-12-04,25.50,25.57,25.42,25.43,5900,22.79
2012-12-03,25.56,25.58,25.50,25.51,4600,22.86
2012-11-30,25.50,25.67,25.50,25.50,11200,22.85
2012-11-29,25.48,25.50,25.41,25.50,4700,22.85
2012-11-28,25.49,25.73,25.37,25.42,9300,22.78
2012-11-27,25.55,25.69,25.38,25.59,7300,22.93
2012-11-26,25.49,25.75,25.48,25.73,6600,23.05
2012-11-23,25.35,25.43,25.35,25.43,1000,22.79
2012-11-21,25.37,25.42,25.35,25.41,3600,22.77
2012-11-20,25.31,25.40,25.30,25.35,3700,22.71
2012-11-19,25.44,25.44,25.30,25.35,4300,22.71
2012-11-16,25.44,25.44,25.25,25.39,8300,22.75
2012-11-15,25.41,25.50,25.36,25.37,9400,22.73
2012-11-14,25.44,25.52,25.43,25.44,9400,22.79
2012-11-13,25.52,25.56,25.45,25.53,3200,22.88
2012-11-12,25.65,25.68,25.46,25.59,12100,22.93
2012-11-09,25.52,25.63,25.43,25.62,6800,22.96
2012-11-08,25.73,25.73,25.51,25.60,6100,22.94
2012-11-07,25.66,25.74,25.56,25.69,9600,23.02
2012-11-06,25.79,25.82,25.68,25.76,16700,23.08
2012-11-05,25.93,25.93,25.63,25.79,13600,23.11
2012-11-02,25.96,25.97,25.79,25.79,7500,23.11
2012-11-01,25.97,26.00,25.87,25.96,7900,23.26
2012-10-31,25.83,25.95,25.83,25.90,8400,23.21
2012-10-26,25.70,25.99,25.70,25.95,4200,23.25
2012-10-25,25.65,25.79,25.63,25.79,5000,23.11
2012-10-24,25.44,25.86,25.44,25.66,15800,22.99
2012-10-23,25.54,25.64,25.47,25.54,12700,22.88
2012-10-22,25.52,25.62,25.52,25.62,8700,22.96
2012-10-19,25.50,25.54,25.31,25.52,15300,22.87
2012-10-18,25.54,25.54,25.50,25.50,7800,22.85
2012-10-17,25.49,25.61,25.45,25.58,6900,22.92
2012-10-16,25.64,25.65,25.40,25.50,18700,22.85
2012-10-15,25.76,25.76,25.53,25.60,8200,22.94
2012-10-12,26.00,26.06,25.98,26.05,3600,22.92
2012-10-11,26.00,26.10,25.93,26.03,12600,22.90
2012-10-10,26.03,26.08,25.93,25.96,7000,22.84
2012-10-09,26.00,26.05,25.90,25.94,8200,22.82
2012-10-08,25.88,25.97,25.83,25.86,4500,22.75
2012-10-05,25.92,25.98,25.84,25.94,9400,22.82
2012-10-04,25.96,25.96,25.82,25.92,3400,22.81
2012-10-03,26.11,26.18,25.80,25.86,19200,22.75
2012-10-02,25.87,26.24,25.80,26.13,19500,22.99
2012-10-01,26.02,26.02,25.86,25.91,5400,22.80
2012-09-28,25.86,25.92,25.81,25.92,7800,22.81
2012-09-27,26.01,26.01,25.78,25.89,11700,22.78
2012-09-26,25.80,26.14,25.77,26.12,6000,22.98
2012-09-25,25.79,25.94,25.79,25.83,3100,22.73
2012-09-24,25.75,26.06,25.75,25.85,18700,22.74
2012-09-21,25.66,25.75,25.66,25.75,4200,22.66
2012-09-20,25.65,25.79,25.63,25.70,6300,22.61
2012-09-19,25.70,25.77,25.60,25.61,17000,22.53
2012-09-18,25.68,25.70,25.64,25.65,5900,22.57
2012-09-17,25.63,25.70,25.61,25.65,5700,22.57
2012-09-14,25.69,25.73,25.60,25.65,9300,22.57
2012-09-13,25.56,25.73,25.54,25.68,8200,22.60
2012-09-12,25.53,25.57,25.46,25.57,8800,22.50
2012-09-11,25.52,25.54,25.45,25.51,5900,22.45
2012-09-10,25.53,25.57,25.45,25.45,7000,22.39
2012-09-07,25.54,25.59,25.48,25.53,8700,22.46
2012-09-06,25.56,25.56,25.44,25.55,10100,22.48
2012-09-05,25.65,25.65,25.58,25.58,7900,22.51
2012-09-04,25.65,25.65,25.64,25.65,4400,22.57
2012-08-31,25.65,25.65,25.52,25.59,7200,22.52
2012-08-30,25.54,25.61,25.51,25.51,8400,22.45
2012-08-29,25.69,25.69,25.59,25.66,6300,22.58
2012-08-28,25.69,25.73,25.56,25.56,5200,22.49
2012-08-27,25.60,25.65,25.56,25.65,6200,22.57
2012-08-24,25.47,25.66,25.47,25.56,12100,22.49
2012-08-23,25.65,25.80,25.46,25.59,12600,22.52
2012-08-22,25.57,25.64,25.48,25.59,4100,22.52
2012-08-21,25.69,25.72,25.57,25.57,3200,22.50
2012-08-20,25.51,25.80,25.50,25.63,17700,22.55
2012-08-17,25.47,25.54,25.43,25.48,2500,22.42
2012-08-16,25.52,25.59,25.43,25.54,5600,22.47
2012-08-15,25.46,25.63,25.38,25.48,18300,22.42
2012-08-14,25.47,25.59,25.43,25.46,17000,22.40
2012-08-13,25.65,25.71,25.60,25.68,8200,22.60
2012-08-10,25.50,25.71,25.50,25.71,11300,22.62
2012-08-09,25.48,25.60,25.42,25.55,8000,22.48
2012-08-08,25.47,25.53,25.40,25.45,11100,22.39
2012-08-07,25.46,25.49,25.39,25.39,10100,22.34
2012-08-06,25.42,25.51,25.40,25.45,5600,22.39
2012-08-03,25.54,25.64,25.37,25.37,12800,22.32
2012-08-02,25.41,25.55,25.36,25.39,7800,22.34
2012-08-01,25.50,25.60,25.49,25.49,5800,22.43
2012-07-31,25.41,25.47,25.33,25.39,9600,22.34
2012-07-30,25.42,25.55,25.40,25.45,5100,22.39
2012-07-27,25.44,25.50,25.40,25.50,3400,22.44
2012-07-26,25.43,25.43,25.30,25.35,7200,22.31
2012-07-25,25.40,25.48,25.33,25.48,3500,22.42
2012-07-24,25.46,25.60,25.34,25.46,7600,22.40
2012-07-23,25.31,25.65,25.30,25.62,7000,22.54
2012-07-20,25.35,25.53,25.28,25.32,7900,22.28
2012-07-19,25.38,25.45,25.35,25.44,7900,22.38
2012-07-18,25.27,25.36,25.27,25.35,6700,22.31
2012-07-17,25.30,25.32,25.24,25.32,3100,22.28
2012-07-16,25.38,25.42,25.26,25.27,6300,22.23
2012-07-13,25.32,25.47,25.31,25.40,5800,22.35
2012-07-12,25.35,25.43,25.25,25.43,20200,22.38
2012-07-11,25.28,25.43,25.26,25.43,19100,22.38
2012-07-10,25.45,25.54,25.44,25.51,15800,22.03
2012-07-09,25.46,25.51,25.40,25.51,10900,22.03
2012-07-06,25.39,25.44,25.35,25.42,6600,21.96
2012-07-05,25.40,25.44,25.26,25.37,10100,21.91
2012-07-03,25.35,25.39,25.32,25.35,4600,21.89
2012-07-02,25.42,25.51,25.30,25.30,12400,21.85
2012-06-29,25.37,25.37,25.30,25.36,6100,21.90
2012-06-28,25.25,25.30,25.25,25.30,7500,21.85
2012-06-27,25.33,25.35,25.23,25.28,8800,21.83
2012-06-26,25.33,25.49,25.23,25.25,22300,21.81
2012-06-25,25.44,25.51,25.31,25.31,12400,21.86
2012-06-22,25.52,25.56,25.43,25.43,12100,21.96
2012-06-21,25.45,25.60,25.45,25.54,5800,22.06
2012-06-20,25.46,25.55,25.40,25.45,21900,21.98
2012-06-19,25.46,25.48,25.39,25.45,12300,21.98
2012-06-18,25.38,25.47,25.38,25.46,4900,21.99
2012-06-15,25.37,25.46,25.33,25.46,6300,21.99
2012-06-14,25.41,25.47,25.33,25.47,11900,22.00
2012-06-13,25.39,25.47,25.35,25.44,5900,21.97
2012-06-12,25.40,25.44,25.31,25.44,9800,21.97
2012-06-11,25.38,25.47,25.25,25.46,11600,21.99
2012-06-08,25.30,25.35,25.25,25.35,3200,21.89
2012-06-07,25.36,25.36,25.21,25.29,15100,21.84
2012-06-06,25.35,25.39,25.25,25.34,14100,21.89
2012-06-05,25.30,25.38,25.20,25.28,5400,21.83
2012-06-04,25.35,25.35,25.19,25.30,10500,21.85
2012-06-01,25.35,25.40,25.22,25.30,9900,21.85
2012-05-31,25.49,25.50,25.30,25.45,6100,21.98
2012-05-30,25.22,25.49,25.17,25.46,10600,21.99
2012-05-29,25.36,25.46,25.25,25.26,9700,21.82
2012-05-25,25.25,25.41,25.20,25.41,8300,21.95
2012-05-24,25.24,25.34,25.21,25.21,22700,21.77
2012-05-23,25.23,25.32,25.15,25.19,34000,21.76
2012-05-22,25.21,25.43,25.20,25.20,32000,21.77
2012-05-21,25.30,25.40,25.15,25.23,17100,21.79
2012-05-18,25.68,25.68,25.15,25.15,21000,21.72
2012-05-17,25.36,25.57,25.36,25.40,27500,21.94
2012-05-16,25.49,25.58,25.33,25.34,60100,21.89
2012-05-15,25.44,25.58,25.42,25.55,14000,22.07
2012-05-14,25.42,25.55,25.36,25.47,36400,22.00
2012-05-11,25.74,25.74,25.50,25.52,18000,22.04
2012-05-10,25.44,25.80,25.33,25.70,49300,22.20
2012-05-09,25.34,25.46,25.21,25.38,34000,21.92
2012-05-08,25.19,25.38,25.19,25.36,25400,21.90
2012-05-07,25.29,25.46,25.29,25.30,41000,21.85
2012-05-04,25.40,25.44,25.14,25.31,32000,21.86
2012-05-03,25.43,25.54,25.40,25.52,10000,22.04
2012-05-02,25.47,25.54,25.40,25.53,30000,22.05
2012-05-01,25.52,25.53,25.35,25.40,16500,21.94
2012-04-30,25.51,25.51,25.45,25.45,3700,21.98
2012-04-27,25.53,25.54,25.37,25.52,37000,22.04
2012-04-26,25.49,25.52,25.35,25.50,36400,22.02
2012-04-25,25.32,25.47,25.32,25.46,10000,21.99
2012-04-24,25.31,25.47,25.30,25.47,31800,22.00
2012-04-23,25.36,25.40,25.30,25.40,12500,21.94
2012-04-20,25.30,25.44,25.30,25.30,14200,21.85
2012-04-19,25.54,25.54,25.12,25.26,30000,21.82
2012-04-18,25.08,25.26,25.04,25.23,22600,21.79
2012-04-17,25.05,25.14,25.04,25.10,21500,21.68
2012-04-16,25.28,25.28,25.02,25.05,13200,21.64
2012-04-13,25.05,25.38,25.01,25.15,20000,21.72
2012-04-12,25.08,25.31,24.67,25.25,18400,21.81
2012-04-11,25.46,25.53,25.32,25.41,17600,21.54
2012-04-10,25.34,25.46,25.15,25.46,24100,21.58
2012-04-09,25.28,25.48,25.25,25.45,13700,21.58
2012-04-05,25.19,25.29,25.16,25.27,25100,21.42
2012-04-04,25.20,25.22,25.13,25.14,30000,21.31
2012-04-03,25.25,25.34,25.17,25.21,21800,21.37
2012-04-02,25.15,25.39,25.15,25.35,18200,21.49
2012-03-30,25.15,25.24,25.12,25.13,14100,21.30
2012-03-29,25.25,25.25,25.11,25.15,26700,21.32
2012-03-28,25.25,25.25,25.11,25.20,13200,21.36
2012-03-27,25.41,25.41,25.24,25.30,8400,21.45
2012-03-26,25.39,25.49,25.26,25.26,14900,21.41
2012-03-23,25.22,25.39,25.22,25.36,2200,21.50
2012-03-22,25.19,25.29,25.19,25.29,5400,21.44
2012-03-21,25.25,25.30,25.10,25.30,13400,21.45
2012-03-20,25.13,25.30,25.06,25.11,9100,21.29
2012-03-19,25.13,25.16,25.04,25.10,10700,21.28
2012-03-16,25.16,25.20,25.07,25.16,10000,21.33
2012-03-15,25.09,25.18,25.06,25.10,6400,21.28
2012-03-14,25.11,25.17,25.08,25.11,9500,21.29
2012-03-13,25.10,25.20,25.05,25.19,9800,21.36
2012-03-12,25.05,25.12,25.04,25.08,7700,21.26
2012-03-09,25.05,25.09,25.02,25.04,6900,21.23
2012-03-08,25.08,25.13,25.00,25.04,16400,21.23
2012-03-07,25.07,25.09,25.01,25.08,19500,21.26
2012-03-06,25.15,25.15,25.01,25.12,12000,21.30
2012-03-05,25.08,25.18,25.02,25.18,5100,21.35
2012-03-02,25.17,25.20,25.04,25.12,7900,21.30
2012-03-01,25.09,25.19,25.05,25.19,19000,21.36
2012-02-29,25.11,25.11,25.02,25.05,10400,21.24
2012-02-28,25.04,25.12,25.00,25.03,7300,21.22
2012-02-27,25.16,25.16,25.02,25.10,10900,21.28
2012-02-24,25.08,25.18,25.00,25.09,10800,21.27
2012-02-23,25.07,25.09,25.00,25.05,9200,21.24
2012-02-22,25.10,25.10,24.93,24.93,5900,21.13
2012-02-21,25.10,25.17,25.00,25.14,28800,21.31
2012-02-17,24.92,25.13,24.92,25.05,12300,21.24
2012-02-16,24.97,25.05,24.90,25.05,11700,21.24
2012-02-15,24.90,24.98,24.86,24.96,6200,21.16
2012-02-14,25.01,25.01,24.85,24.85,6300,21.07
2012-02-13,25.08,25.08,24.88,25.02,8800,21.21
2012-02-10,24.96,25.09,24.88,25.00,4600,21.19
2012-02-09,24.90,25.13,24.90,25.13,15300,21.30
2012-02-08,24.93,24.93,24.83,24.91,6100,21.12
2012-02-07,24.90,24.95,24.79,24.90,8800,21.11
2012-02-06,24.88,24.90,24.80,24.80,9600,21.02
2012-02-03,24.95,25.00,24.89,24.99,20400,21.19
2012-02-02,24.94,24.96,24.88,24.95,16000,21.15
2012-02-01,24.93,24.98,24.83,24.91,23300,21.12
2012-01-31,24.88,24.94,24.81,24.92,4600,21.13
2012-01-30,24.85,24.90,24.79,24.79,2000,21.02
2012-01-27,24.88,24.90,24.78,24.78,6700,21.01
2012-01-26,24.89,24.90,24.84,24.90,11700,21.11
2012-01-25,24.72,24.85,24.72,24.85,7000,21.07
2012-01-24,24.72,24.85,24.70,24.79,18300,21.02
2012-01-23,24.78,24.85,24.64,24.85,7200,21.07
2012-01-20,24.67,24.78,24.54,24.69,9800,20.93
2012-01-19,24.67,24.79,24.60,24.67,13300,20.91
2012-01-18,24.65,24.80,24.50,24.78,8500,21.01
2012-01-17,24.49,24.65,24.43,24.50,6400,20.77
2012-01-13,24.78,24.78,24.50,24.50,4900,20.77
2012-01-12,24.50,24.76,24.40,24.76,14200,20.99
2012-01-11,24.83,24.94,24.80,24.94,17000,20.75
2012-01-10,24.91,24.95,24.84,24.87,15500,20.69
2012-01-09,24.86,24.92,24.85,24.91,16100,20.72
2012-01-06,24.90,24.94,24.82,24.94,9900,20.75
2012-01-05,24.88,24.89,24.86,24.89,13700,20.70
2012-01-04,24.87,24.90,24.81,24.90,11800,20.71
2012-01-03,24.87,24.92,24.82,24.87,15800,20.69
2011-12-30,24.83,24.89,24.68,24.89,7900,20.70
2011-12-29,24.82,24.82,24.66,24.78,4400,20.61
2011-12-28,24.69,24.80,24.64,24.72,12200,20.56
2011-12-27,24.52,24.73,24.52,24.62,6600,20.48
2011-12-23,24.72,24.79,24.59,24.60,6700,20.46
2011-12-22,24.62,24.75,24.55,24.74,10200,20.58
2011-12-21,24.52,24.73,24.52,24.73,17500,20.57
2011-12-20,24.56,24.63,24.50,24.62,11200,20.48
2011-12-19,24.47,24.59,24.46,24.56,11000,20.43
2011-12-16,24.52,24.60,24.43,24.49,8300,20.37
2011-12-15,24.46,24.52,24.37,24.44,12900,20.33
2011-12-14,24.42,24.54,24.28,24.54,12800,20.41
2011-12-13,24.44,24.49,24.32,24.37,7500,20.27
2011-12-12,24.34,24.46,24.32,24.35,7000,20.25
2011-12-09,24.55,24.56,24.33,24.34,15200,20.25
2011-12-08,24.45,24.53,24.44,24.52,10000,20.40
2011-12-07,24.55,24.55,24.41,24.44,17400,20.33
2011-12-06,24.59,24.59,24.43,24.49,16600,20.37
2011-12-05,24.57,24.64,24.34,24.57,13800,20.44
2011-12-02,24.50,24.54,24.35,24.54,4900,20.41
2011-12-01,24.36,24.64,24.30,24.39,10100,20.29
2011-11-30,24.70,24.70,24.34,24.46,14700,20.35
2011-11-29,24.55,24.70,24.27,24.47,14500,20.35
2011-11-28,24.71,24.71,24.43,24.55,8100,20.42
2011-11-25,24.48,24.55,24.48,24.55,2000,20.42
2011-11-23,24.55,24.66,24.45,24.50,11500,20.38
2011-11-22,24.47,24.69,24.32,24.50,8500,20.38
2011-11-21,24.65,24.71,24.35,24.35,10900,20.25
2011-11-18,24.66,24.67,24.57,24.65,6000,20.50
2011-11-17,24.50,24.62,24.50,24.51,3800,20.39
2011-11-16,24.52,24.68,24.52,24.56,4300,20.43
2011-11-15,24.46,24.63,24.46,24.55,15400,20.42
2011-11-14,24.63,24.66,24.40,24.60,13100,20.46
2011-11-11,24.55,24.74,24.50,24.50,14500,20.38
2011-11-10,24.60,24.67,24.52,24.67,8500,20.52
2011-11-09,24.60,24.69,24.52,24.60,9400,20.46
2011-11-08,24.79,24.79,24.51,24.73,8000,20.57
2011-11-07,24.58,24.75,24.41,24.73,18700,20.57
2011-11-04,24.37,24.70,24.35,24.47,7900,20.35
2011-11-03,24.46,24.50,24.30,24.50,11400,20.38
2011-11-02,24.38,24.47,24.27,24.47,5000,20.35
2011-11-01,24.45,24.50,24.24,24.29,9500,20.20
2011-10-31,24.39,24.41,24.23,24.37,11700,20.27
2011-10-28,24.27,24.45,24.15,24.22,9300,20.15
2011-10-27,24.56,24.57,24.30,24.30,10300,20.21
2011-10-26,24.45,24.52,24.40,24.40,10700,20.30
2011-10-25,24.25,24.57,24.25,24.50,36900,20.38
2011-10-24,24.37,24.38,24.24,24.24,8100,20.16
2011-10-21,24.30,24.42,24.17,24.40,18200,20.30
2011-10-20,24.33,24.35,24.20,24.20,7500,20.13
2011-10-19,24.25,24.35,24.15,24.35,12700,20.25
2011-10-18,24.16,24.30,24.10,24.16,9100,20.10
2011-10-17,24.25,24.39,24.24,24.31,5600,20.22
2011-10-14,24.29,24.34,23.86,24.20,12700,20.13
2011-10-13,24.13,24.33,23.87,24.32,13400,20.23
2011-10-12,24.53,24.60,24.42,24.55,14700,20.03
2011-10-11,24.36,24.45,24.25,24.40,9100,19.91
2011-10-10,24.36,24.37,24.19,24.30,18300,19.83
2011-10-07,24.39,24.39,24.14,24.27,19900,19.80
2011-10-06,24.35,24.35,24.16,24.18,18000,19.73
2011-10-05,24.31,24.40,24.25,24.30,10000,19.83
2011-10-04,24.54,24.58,24.23,24.40,18500,19.91
2011-10-03,24.21,24.54,24.21,24.54,21200,20.02
2011-09-30,24.35,24.49,24.16,24.38,17200,19.89
2011-09-29,24.27,24.40,24.19,24.38,15100,19.89
2011-09-28,24.27,24.30,24.18,24.24,7900,19.78
2011-09-27,24.42,24.42,24.17,24.35,14300,19.87
2011-09-26,24.27,24.45,24.20,24.26,14100,19.79
2011-09-23,24.25,24.44,24.23,24.33,9100,19.85
2011-09-22,24.37,24.42,24.21,24.21,10100,19.75
2011-09-21,24.47,24.74,24.42,24.50,9500,19.99
2011-09-20,24.54,24.65,24.42,24.65,10600,20.11
2011-09-19,24.27,24.60,24.09,24.60,10200,20.07
2011-09-16,24.45,24.58,24.30,24.30,6700,19.83
2011-09-15,24.47,24.64,24.37,24.37,8100,19.88
2011-09-14,24.53,24.53,24.32,24.45,7900,19.95
2011-09-13,24.53,24.72,24.37,24.53,10000,20.01
2011-09-12,24.41,24.65,24.38,24.42,5300,19.93
2011-09-09,24.46,24.56,24.46,24.50,5900,19.99
2011-09-08,24.51,24.70,24.42,24.64,5300,20.10
2011-09-07,24.65,24.68,24.40,24.60,7000,20.07
2011-09-06,24.37,24.74,24.36,24.61,10400,20.08
2011-09-02,24.57,24.74,24.51,24.57,4300,20.05
2011-09-01,24.58,24.58,24.42,24.42,9000,19.93
2011-08-31,24.31,24.50,24.31,24.50,4000,19.99
2011-08-30,24.49,24.54,24.38,24.49,7800,19.98
2011-08-29,24.14,24.80,23.94,24.39,21400,19.90
2011-08-26,23.94,24.17,23.80,24.00,5300,19.58
2011-08-25,23.80,24.10,23.68,23.90,8300,19.50
2011-08-24,24.08,24.08,23.75,24.04,5200,19.61
2011-08-23,23.89,24.01,23.69,23.96,10200,19.55
2011-08-22,24.50,24.50,23.76,23.82,17300,19.44
2011-08-19,23.97,24.40,23.96,24.40,7600,19.91
2011-08-18,24.40,24.45,23.96,24.07,14800,19.64
2011-08-17,24.57,24.65,24.25,24.58,14100,20.06
2011-08-16,24.21,24.65,24.21,24.58,9300,20.06
2011-08-15,24.40,24.45,24.05,24.28,13100,19.81
2011-08-12,24.34,24.40,24.00,24.20,21300,19.75
2011-08-11,23.71,24.31,23.71,24.31,5900,19.84
2011-08-10,22.98,23.99,22.93,23.51,15100,19.18
2011-08-09,22.77,24.15,22.77,23.77,26500,19.39
2011-08-08,24.25,24.25,21.01,22.69,110500,18.51
2011-08-05,24.30,24.68,24.10,24.16,22100,19.71
2011-08-04,24.30,24.42,24.17,24.40,12800,19.91
2011-08-03,24.50,24.50,24.13,24.33,15400,19.85
2011-08-02,24.66,24.76,24.45,24.45,10300,19.95
2011-08-01,24.35,24.74,24.30,24.52,9500,20.01
2011-07-29,24.45,24.49,24.08,24.25,18100,19.79
2011-07-28,24.30,24.55,24.30,24.45,12800,19.95
2011-07-27,24.57,24.57,24.31,24.47,14800,19.97
2011-07-26,24.65,24.68,24.50,24.50,10000,19.99
2011-07-25,24.70,24.75,24.60,24.70,15600,20.15
2011-07-22,24.65,24.76,24.65,24.76,9300,20.20
2011-07-21,24.60,24.66,24.53,24.66,14000,20.12
2011-07-20,24.62,24.72,24.50,24.60,15800,20.07
2011-07-19,24.56,24.74,24.55,24.74,2600,20.19
2011-07-18,24.53,24.56,24.41,24.42,13900,19.93
2011-07-15,24.49,24.69,24.41,24.50,43000,19.99
2011-07-14,24.45,24.53,24.36,24.47,13300,19.97
2011-07-13,24.41,24.61,24.34,24.40,30400,19.91
2011-07-12,24.66,24.95,24.66,24.88,25300,19.92
2011-07-11,24.71,24.82,24.64,24.67,13300,19.75
2011-07-08,24.65,24.85,24.65,24.85,27300,19.89
2011-07-07,24.86,24.93,24.56,24.61,58600,19.70
2011-07-06,24.86,24.95,24.76,24.95,8300,19.97
2011-07-05,24.93,24.93,24.77,24.77,6200,19.83
2011-07-01,24.96,25.00,24.94,24.98,17300,20.00
2011-06-30,24.84,24.95,24.66,24.95,14800,19.97
2011-06-29,24.80,24.89,24.68,24.85,5300,19.89
2011-06-28,24.75,24.80,24.66,24.80,9100,19.85
2011-06-27,24.66,24.80,24.59,24.75,9700,19.81
2011-06-24,24.79,24.79,24.51,24.52,800,19.63
2011-06-23,24.64,24.85,24.60,24.65,5700,19.73
2011-06-22,24.69,24.74,24.50,24.63,10700,19.72
2011-06-21,24.42,24.79,24.42,24.60,14200,19.69
2011-06-20,24.20,24.57,24.20,24.54,9900,19.65
2011-06-17,24.34,24.62,24.11,24.23,16200,19.40
2011-06-16,24.67,24.67,24.34,24.48,23900,19.60
2011-06-15,23.92,24.67,23.92,24.57,8900,19.67
2011-06-14,24.67,24.70,24.58,24.68,12600,19.76
2011-06-13,24.57,24.65,24.54,24.56,3900,19.66
2011-06-10,24.70,24.70,24.55,24.55,7300,19.65
2011-06-09,24.65,24.68,24.56,24.63,7300,19.72
2011-06-08,24.65,24.70,24.50,24.70,11600,19.77
2011-06-07,24.58,24.67,24.51,24.53,9300,19.64
2011-06-06,24.75,24.75,24.58,24.67,9400,19.75
2011-06-03,24.58,24.85,24.58,24.80,14400,19.85
2011-06-02,24.78,24.85,24.52,24.57,12700,19.67
2011-06-01,24.76,24.86,24.74,24.78,5500,19.84
2011-05-31,24.72,24.95,24.58,24.95,15800,19.97
2011-05-27,24.74,24.75,24.64,24.64,7400,19.73
2011-05-26,24.59,24.75,24.58,24.75,13400,19.81
2011-05-25,24.57,24.69,24.53,24.67,7700,19.75
2011-05-24,24.75,24.75,24.52,24.57,20900,19.67
2011-05-23,24.57,24.75,24.27,24.73,23800,19.80
2011-05-20,24.51,24.65,24.40,24.64,9700,19.73
2011-05-19,24.35,24.50,24.35,24.50,14900,19.61
2011-05-18,24.48,24.51,24.36,24.40,20900,19.53
2011-05-17,24.35,24.49,24.35,24.45,16400,19.57
2011-05-16,24.27,24.51,24.27,24.46,23700,19.58
2011-05-13,24.26,24.48,24.26,24.33,19500,19.48
2011-05-12,24.17,24.26,24.08,24.18,7900,19.36
2011-05-11,24.27,24.28,24.14,24.28,4500,19.44
2011-05-10,24.20,24.30,24.13,24.28,9600,19.44
2011-05-09,24.03,24.19,24.02,24.19,6500,19.37
2011-05-06,24.31,24.39,23.97,24.07,20900,19.27
2011-05-05,24.06,24.34,23.89,24.32,20400,19.47
2011-05-04,23.99,24.09,23.95,24.04,13000,19.25
2011-05-03,24.20,24.20,23.99,23.99,12000,19.21
2011-05-02,24.32,24.34,24.06,24.09,13000,19.29
2011-04-29,24.04,24.20,23.95,24.20,9800,19.37
2011-04-28,24.08,24.08,24.03,24.05,3300,19.25
2011-04-27,24.06,24.06,23.92,24.02,3200,19.23
2011-04-26,23.99,24.06,23.96,23.97,11800,19.19
2011-04-25,24.00,24.08,23.84,23.99,17100,19.21
2011-04-21,23.97,24.09,23.95,24.05,6600,19.25
2011-04-20,24.04,24.31,23.96,24.00,10300,19.21
2011-04-19,24.16,24.21,24.10,24.10,4200,19.29
2011-04-18,24.00,24.08,23.90,24.08,9300,19.28
2011-04-15,24.12,24.14,24.05,24.05,11800,19.25
2011-04-14,24.26,24.26,24.08,24.25,7200,19.41
2011-04-13,23.95,24.29,23.91,24.12,7900,19.31
2011-04-12,24.34,24.48,24.16,24.48,15700,19.22
2011-04-11,24.49,24.49,24.18,24.20,13800,19.00
2011-04-08,24.54,24.54,24.39,24.49,2500,19.23
2011-04-07,24.47,24.54,24.35,24.35,6500,19.12
2011-04-06,24.34,24.53,24.25,24.38,14000,19.14
2011-04-05,24.14,24.22,24.06,24.16,9400,18.97
2011-04-04,24.22,24.22,24.13,24.16,10700,18.97
2011-04-01,24.12,24.21,24.11,24.21,5600,19.01
2011-03-31,24.16,24.20,24.15,24.20,7900,19.00
2011-03-30,24.19,24.20,24.01,24.19,9600,18.99
2011-03-29,24.09,24.19,24.00,24.13,21100,18.95
2011-03-28,24.09,24.10,24.00,24.02,4700,18.86
2011-03-25,24.09,24.17,24.00,24.03,9300,18.87
2011-03-24,24.10,24.18,23.96,24.08,6200,18.91
2011-03-23,24.18,24.30,24.02,24.20,13800,19.00
2011-03-22,24.08,24.18,24.00,24.18,7900,18.99
2011-03-21,23.94,24.14,23.94,24.00,12200,18.85
2011-03-18,23.96,23.98,23.86,23.95,12300,18.81
2011-03-17,23.89,23.98,23.85,23.96,9600,18.81
2011-03-16,23.97,24.06,23.85,23.93,13000,18.79
2011-03-15,24.05,24.05,23.83,23.93,13900,18.79
2011-03-14,24.15,24.19,24.00,24.11,8000,18.93
2011-03-11,24.09,24.18,24.02,24.05,5800,18.88
2011-03-10,24.19,24.19,23.82,24.13,12200,18.95
2011-03-09,24.13,24.23,24.11,24.20,8600,19.00
2011-03-08,24.28,24.30,24.00,24.01,19600,18.85
2011-03-07,24.04,24.27,24.04,24.25,14500,19.04
2011-03-04,24.13,24.13,23.96,24.10,3500,18.92
2011-03-03,24.13,24.25,23.99,24.00,13000,18.85
2011-03-02,24.28,24.28,24.00,24.13,10800,18.95
2011-03-01,24.13,24.20,24.12,24.20,5600,19.00
2011-02-28,24.14,24.14,23.92,24.00,10200,18.85
2011-02-25,24.09,24.13,24.00,24.13,13500,18.95
2011-02-24,24.00,24.00,23.91,24.00,16200,18.85
2011-02-23,24.08,24.12,23.80,23.94,15900,18.80
2011-02-22,23.80,24.09,23.80,23.94,10900,18.80
2011-02-18,24.01,24.02,23.82,23.82,10000,18.70
2011-02-17,24.11,24.15,23.99,23.99,20600,18.84
2011-02-16,23.90,24.15,23.90,24.10,13900,18.92
2011-02-15,23.93,24.13,23.83,23.90,13100,18.77
2011-02-14,23.90,24.25,23.80,23.85,7200,18.73
2011-02-11,23.78,24.19,23.78,23.84,9600,18.72
2011-02-10,23.95,23.97,23.74,23.74,21400,18.64
2011-02-09,23.70,23.97,23.70,23.90,12400,18.77
2011-02-08,23.80,23.80,23.70,23.80,24000,18.69
2011-02-07,23.77,23.95,23.77,23.80,15500,18.69
2011-02-04,23.86,23.92,23.68,23.91,9200,18.77
2011-02-03,23.65,23.82,23.63,23.72,18300,18.63
2011-02-02,23.68,23.79,23.66,23.70,22400,18.61
2011-02-01,23.50,23.65,23.50,23.60,14900,18.53
2011-01-31,23.63,23.79,23.52,23.53,24800,18.48
2011-01-28,23.79,23.83,23.60,23.69,19400,18.60
2011-01-27,23.86,23.86,23.70,23.70,14100,18.61
2011-01-26,23.80,23.88,23.74,23.84,20500,18.72
2011-01-25,23.77,23.86,23.63,23.70,14000,18.61
2011-01-24,23.67,23.83,23.63,23.63,12500,18.55
2011-01-21,23.64,23.74,23.52,23.65,17400,18.57
2011-01-20,23.65,23.80,23.64,23.64,27100,18.56
2011-01-19,23.59,23.65,23.55,23.55,15200,18.49
2011-01-18,23.86,23.86,23.54,23.55,22600,18.49
2011-01-14,23.76,23.89,23.60,23.86,10800,18.74
2011-01-13,23.69,23.94,23.61,23.76,16400,18.66
2011-01-12,23.80,23.94,23.53,23.56,35600,18.50
2011-01-11,24.29,24.43,24.15,24.25,18800,18.67
2011-01-10,24.45,24.47,24.27,24.31,6400,18.72
2011-01-07,24.40,24.55,24.40,24.45,13200,18.83
2011-01-06,24.14,24.48,24.10,24.40,22000,18.79
2011-01-05,24.19,24.19,24.03,24.16,9000,18.60
2011-01-04,24.01,24.09,23.93,24.08,7100,18.54
2011-01-03,23.94,24.14,23.94,24.08,12200,18.54
2010-12-31,24.02,24.02,23.77,23.97,4000,18.46
2010-12-30,24.03,24.15,23.76,24.13,8400,18.58
2010-12-29,24.10,24.25,23.86,23.95,22300,18.44
2010-12-28,23.85,24.00,23.85,24.00,3500,18.48
2010-12-27,23.92,24.00,23.75,24.00,7400,18.48
2010-12-23,23.99,23.99,23.75,23.85,5600,18.37
2010-12-22,23.90,23.98,23.73,23.96,8700,18.45
2010-12-21,23.94,24.16,23.55,23.99,14100,18.47
2010-12-20,23.62,23.79,23.62,23.70,5900,18.25
2010-12-17,23.62,23.70,23.56,23.70,3900,18.25
2010-12-16,24.02,24.02,23.50,23.55,12500,18.13
2010-12-15,23.66,23.85,23.58,23.75,6100,18.29
2010-12-14,23.58,23.85,23.58,23.75,19200,18.29
2010-12-13,23.76,23.76,23.53,23.65,25500,18.21
2010-12-10,24.02,24.18,23.71,23.71,20300,18.26
2010-12-09,24.00,24.20,23.97,23.97,10600,18.46
2010-12-08,24.13,24.15,23.87,24.00,12100,18.48
2010-12-07,23.85,24.08,23.85,24.05,6000,18.52
2010-12-06,24.10,24.20,23.85,23.88,8400,18.39
2010-12-03,24.15,24.20,24.10,24.10,10800,18.56
2010-12-02,24.05,24.21,24.05,24.09,10500,18.55
2010-12-01,24.20,24.20,24.00,24.04,8500,18.51
2010-11-30,23.75,24.19,23.75,24.18,8500,18.62
2010-11-29,23.92,24.02,23.70,24.00,17500,18.48
2010-11-26,24.07,24.20,24.07,24.20,5700,18.63
2010-11-24,24.25,24.29,23.87,23.92,12700,18.42
2010-11-23,24.30,24.30,24.01,24.25,10800,18.67
2010-11-22,24.25,24.29,24.10,24.24,11900,18.67
2010-11-19,24.27,24.27,23.95,24.10,11400,18.56
2010-11-18,24.25,24.27,23.86,24.25,16300,18.67
2010-11-17,23.76,24.25,23.68,24.25,18300,18.67
2010-11-16,23.84,24.06,23.84,23.90,25200,18.40
2010-11-15,24.10,24.21,23.64,24.06,51700,18.53
2010-11-12,24.38,24.97,23.89,24.11,36100,18.57
2010-11-11,24.37,24.37,23.58,23.66,14400,18.22
2010-11-10,23.35,23.54,23.35,23.54,4400,18.13
2010-11-09,23.60,23.65,23.29,23.35,5200,17.98
2010-11-08,23.58,23.70,23.45,23.60,9700,18.17
2010-11-05,23.36,23.50,23.21,23.43,9000,18.04
2010-11-04,23.37,23.61,23.37,23.45,12000,18.06
2010-11-03,23.34,23.76,23.34,23.50,11700,18.10
2010-11-02,23.65,23.83,23.40,23.47,8200,18.07
2010-11-01,23.64,23.65,23.30,23.50,12500,18.10
2010-10-29,23.25,23.64,22.78,23.40,10800,18.02
2010-10-28,23.19,23.30,22.79,23.10,22700,17.79
2010-10-27,23.17,23.34,22.89,23.15,20600,17.83
2010-10-26,23.47,23.60,23.20,23.30,20000,17.94
2010-10-25,23.50,23.70,23.31,23.50,21500,18.10
2010-10-22,23.82,23.82,23.50,23.50,11900,18.10
2010-10-21,23.83,23.83,23.68,23.75,5500,18.29
2010-10-20,23.89,23.89,23.69,23.69,19300,18.24
2010-10-19,23.78,23.87,23.68,23.85,10000,18.37
2010-10-18,23.60,23.85,23.51,23.80,10000,18.33
2010-10-15,23.45,23.70,23.45,23.70,12800,18.25
2010-10-14,23.51,23.75,23.32,23.51,35200,18.10
2010-10-13,24.04,24.04,23.30,23.50,26200,18.10
2010-10-12,24.01,24.27,23.86,24.27,21900,18.33
2010-10-11,23.81,24.24,23.79,24.08,18300,18.18
2010-10-08,23.83,23.90,23.73,23.87,20200,18.03
2010-10-07,24.25,24.25,23.73,23.80,15400,17.97
2010-10-06,23.74,23.88,23.70,23.80,35100,17.97
2010-10-05,23.90,23.90,23.70,23.72,7100,17.91
2010-10-04,23.74,23.84,23.56,23.61,13400,17.83
2010-10-01,23.80,23.99,23.55,23.85,10100,18.01
2010-09-30,23.76,23.99,23.55,23.93,23400,18.07
2010-09-29,23.88,23.88,23.75,23.75,6700,17.93
2010-09-28,23.68,23.78,23.60,23.75,12400,17.93
2010-09-27,23.72,23.86,23.61,23.63,11300,17.84
2010-09-24,23.75,23.80,23.53,23.53,13600,17.77
2010-09-23,23.65,23.85,23.60,23.67,19100,17.87
2010-09-22,23.44,23.80,23.35,23.80,21800,17.97
2010-09-21,23.25,23.30,23.01,23.30,19200,17.59
2010-09-20,23.38,23.50,23.25,23.30,21500,17.59
2010-09-17,23.31,23.60,23.12,23.15,18900,17.48
2010-09-16,23.24,23.37,23.07,23.31,17800,17.60
2010-09-15,23.47,23.47,23.10,23.25,12200,17.56
2010-09-14,23.20,23.48,23.01,23.28,10900,17.58
2010-09-13,23.32,23.40,23.20,23.20,23400,17.52
2010-09-10,23.35,23.38,23.17,23.25,21100,17.56
2010-09-09,23.29,23.45,23.12,23.30,26200,17.59
2010-09-08,23.02,23.50,22.63,23.48,31200,17.73
2010-09-07,22.74,23.25,22.50,23.10,29500,17.44
2010-09-03,22.50,22.80,22.37,22.80,14200,17.22
2010-09-02,22.38,22.54,22.16,22.50,23500,16.99
2010-09-01,22.23,22.58,22.16,22.39,41500,16.91
2010-08-31,22.30,22.30,22.15,22.25,17200,16.80
2010-08-30,22.65,22.67,22.15,22.19,55800,16.76
2010-08-27,22.49,22.80,22.31,22.65,30200,17.10
2010-08-26,22.05,22.50,22.02,22.50,29800,16.99
2010-08-25,21.93,22.15,21.71,22.15,37600,16.73
2010-08-24,21.81,22.15,21.80,22.05,45400,16.65
2010-08-23,21.99,21.99,21.81,21.81,11800,16.47
2010-08-20,21.85,22.00,21.63,21.80,11000,16.46
2010-08-19,22.67,22.67,21.60,21.82,27700,16.48
2010-08-18,21.49,21.75,21.40,21.53,25200,16.26
2010-08-17,21.43,21.48,21.10,21.42,14300,16.18
2010-08-16,20.99,21.44,20.99,21.04,39200,15.89
2010-08-13,21.00,21.46,21.00,21.08,10300,15.92
2010-08-12,21.04,21.20,20.97,21.04,16600,15.89
2010-08-11,21.79,21.79,20.96,21.23,37300,16.03
2010-08-10,21.14,21.14,20.88,21.05,8300,15.90
2010-08-09,21.03,21.14,20.90,21.05,19100,15.90
2010-08-06,21.04,21.05,20.90,21.01,11300,15.87
2010-08-05,21.02,21.09,20.96,21.03,13400,15.88
2010-08-04,21.15,21.17,21.02,21.02,25400,15.87
2010-08-03,21.00,21.16,21.00,21.15,11600,15.97
2010-08-02,21.16,21.17,21.02,21.08,24100,15.92
2010-07-30,21.10,21.16,21.10,21.15,4400,15.97
2010-07-29,21.12,21.16,21.04,21.09,17800,15.93
2010-07-28,21.23,21.23,20.96,21.05,11700,15.90
2010-07-27,21.19,21.19,21.00,21.18,9600,15.99
2010-07-26,21.16,21.23,21.03,21.03,7800,15.88
2010-07-23,21.02,21.22,21.02,21.22,11200,16.02
2010-07-22,21.23,21.23,20.91,21.20,9600,16.01
2010-07-21,21.00,21.22,21.00,21.20,11600,16.01
2010-07-20,21.13,21.13,20.91,21.00,6900,15.86
2010-07-19,20.89,21.32,20.83,21.00,11900,15.86
2010-07-16,20.99,21.04,20.76,21.04,12900,15.89
2010-07-15,20.79,20.93,20.69,20.82,9500,15.72
2010-07-14,20.80,20.80,20.65,20.73,7200,15.65
2010-07-13,21.44,21.48,20.96,21.20,15000,15.65
2010-07-12,21.00,21.49,21.00,21.27,21800,15.71
2010-07-09,20.99,20.99,20.80,20.95,14500,15.47
2010-07-08,20.99,21.00,20.83,20.94,10500,15.46
2010-07-07,20.69,20.89,20.62,20.85,10700,15.40
2010-07-06,20.75,20.92,20.61,20.70,8000,15.29
2010-07-02,21.00,21.00,20.61,20.66,17300,15.26
2010-07-01,20.98,20.99,20.60,20.98,10300,15.49
2010-06-30,20.94,21.00,20.82,20.82,19000,15.37
2010-06-29,20.82,21.19,20.76,20.98,6200,15.49
2010-06-28,21.26,21.26,20.90,21.07,25800,15.56
2010-06-25,21.00,21.26,20.76,21.07,19500,15.56
2010-06-24,21.02,21.29,20.90,21.11,21300,15.59
2010-06-23,21.38,21.40,21.00,21.11,21300,15.59
2010-06-22,21.14,21.45,21.14,21.20,11100,15.65
2010-06-21,21.24,21.34,21.10,21.10,6400,15.58
2010-06-18,21.11,21.24,20.91,21.00,10800,15.51
2010-06-17,21.05,21.12,21.00,21.05,28700,15.54
2010-06-16,21.00,21.16,21.00,21.10,72000,15.58
2010-06-15,21.00,21.18,20.99,21.05,22900,15.54
2010-06-14,21.61,21.61,20.90,21.06,12600,15.55
2010-06-11,20.75,21.59,20.75,21.28,5100,15.71
2010-06-10,21.08,21.10,20.72,20.93,6100,15.46
2010-06-09,20.80,21.13,20.65,20.88,11900,15.42
2010-06-08,20.74,21.50,20.63,20.88,15400,15.42
2010-06-07,20.82,20.91,20.70,20.75,10700,15.32
2010-06-04,21.05,21.40,20.75,20.82,12800,15.37
2010-06-03,20.92,21.11,20.84,20.85,20300,15.40
2010-06-02,20.70,20.93,20.67,20.83,40700,15.38
2010-06-01,21.17,21.17,20.70,20.80,8500,15.36
2010-05-28,21.09,21.21,20.86,21.00,3200,15.51
2010-05-27,21.39,21.40,20.72,21.13,7600,15.60
2010-05-26,20.56,21.10,20.56,20.83,15200,15.38
2010-05-25,20.30,20.38,19.82,20.38,28100,15.05
2010-05-24,20.45,20.64,20.45,20.50,13700,15.14
2010-05-21,20.00,20.34,19.95,20.25,32300,14.95
2010-05-20,20.62,21.42,20.07,20.55,12500,15.17
2010-05-19,21.46,22.00,20.33,20.62,26300,15.23
2010-05-18,21.40,21.46,21.10,21.36,26600,15.77
2010-05-17,22.39,22.39,21.12,21.53,21500,15.90
2010-05-14,21.41,21.75,21.31,21.64,16600,15.98
2010-05-13,21.19,21.57,21.19,21.30,9100,15.73
2010-05-12,20.45,22.00,20.42,21.30,17400,15.73
2010-05-11,20.10,20.78,19.75,20.78,15600,15.34
2010-05-10,20.75,20.75,20.25,20.25,7300,14.95
2010-05-07,19.23,21.50,19.11,19.81,30300,14.63
2010-05-06,21.03,21.12,18.73,19.51,67100,14.41
2010-05-05,21.60,21.93,21.04,21.41,35000,15.81
2010-05-04,21.50,21.75,21.26,21.75,31300,16.06
2010-05-03,21.83,21.83,21.40,21.65,16300,15.99
2010-04-30,21.55,21.73,20.75,21.73,24600,16.05
2010-04-29,21.42,21.53,21.28,21.50,10400,15.88
2010-04-28,21.53,21.66,21.30,21.45,12400,15.84
2010-04-27,21.79,21.94,21.43,21.55,16600,15.91
2010-04-26,21.89,21.95,21.62,21.85,12300,16.13
2010-04-23,21.74,21.89,21.43,21.80,8200,16.10
2010-04-22,21.26,21.59,21.20,21.59,15600,15.94
2010-04-21,21.26,21.60,21.04,21.50,20100,15.88
2010-04-20,21.71,21.87,21.25,21.34,27700,15.76
2010-04-19,21.60,21.85,21.55,21.72,17700,16.04
2010-04-16,21.49,22.06,21.49,22.06,21400,16.29
2010-04-15,21.84,22.14,21.51,22.00,21700,16.25
2010-04-14,22.55,22.59,21.97,21.97,14300,16.22
2010-04-13,22.61,22.89,22.31,22.70,27000,16.42
2010-04-12,22.58,22.78,22.50,22.50,21500,16.27
2010-04-09,22.11,22.70,22.10,22.70,34000,16.42
2010-04-08,21.63,22.11,21.50,22.11,36100,15.99
2010-04-07,20.89,21.67,20.89,21.43,29600,15.50
2010-04-06,20.91,21.04,20.90,21.03,16800,15.21
2010-04-05,20.97,21.24,20.80,21.06,15500,15.23
2010-04-01,20.80,20.95,20.75,20.94,14700,15.14
2010-03-31,20.85,20.90,20.83,20.83,14900,15.06
2010-03-30,20.90,21.00,20.76,20.87,16300,15.09
2010-03-29,20.76,20.90,20.76,20.90,10300,15.11
2010-03-26,20.71,20.85,20.71,20.82,14300,15.06
2010-03-25,20.56,20.96,20.56,20.86,17200,15.09
2010-03-24,20.70,20.70,20.52,20.60,11500,14.90
2010-03-23,20.71,20.90,20.52,20.79,13600,15.03
2010-03-22,20.52,20.90,20.52,20.85,17000,15.08
2010-03-19,20.65,20.79,20.46,20.65,31300,14.93
2010-03-18,20.78,20.94,20.61,20.82,21400,15.06
2010-03-17,20.86,21.10,20.80,20.87,25200,15.09
2010-03-16,20.90,21.08,20.53,20.99,18100,15.18
2010-03-15,21.06,21.07,20.37,21.02,23900,15.20
2010-03-12,20.50,21.25,20.40,21.09,39200,15.25
2010-03-11,20.28,20.55,20.28,20.55,17600,14.86
2010-03-10,20.29,20.67,20.29,20.49,15300,14.82
2010-03-09,20.23,20.40,20.15,20.35,23800,14.72
2010-03-08,20.05,20.26,20.04,20.26,27400,14.65
2010-03-05,19.88,20.12,19.87,20.12,42600,14.55
2010-03-04,19.75,20.00,19.75,19.90,34200,14.39
2010-03-03,19.66,19.88,19.42,19.75,26000,14.28
2010-03-02,19.63,19.89,19.44,19.50,25100,14.10
2010-03-01,20.13,20.13,18.80,19.73,47600,14.27
2010-02-26,18.95,18.95,18.75,18.84,4600,13.62
2010-02-25,18.40,19.00,18.40,18.76,10900,13.57
2010-02-24,18.28,18.46,18.27,18.46,6500,13.35
2010-02-23,18.44,18.68,18.25,18.25,11800,13.20
2010-02-22,18.37,18.58,18.26,18.36,22000,13.28
2010-02-19,18.36,18.52,18.32,18.33,18700,13.26
2010-02-18,18.50,18.55,18.40,18.47,15300,13.36
2010-02-17,18.43,18.58,18.43,18.54,13700,13.41
2010-02-16,18.62,18.75,18.46,18.64,9600,13.48
2010-02-12,18.63,18.67,18.30,18.51,12900,13.39
2010-02-11,18.61,18.98,18.61,18.66,3900,13.49
2010-02-10,18.77,18.99,18.57,18.74,6000,13.55
2010-02-09,18.85,19.18,18.69,18.77,7700,13.57
2010-02-08,18.65,18.93,18.50,18.60,13700,13.45
2010-02-05,18.85,18.93,18.52,18.84,11600,13.62
2010-02-04,19.10,19.23,18.76,18.80,15500,13.60
2010-02-03,19.30,19.45,19.01,19.30,8900,13.96
2010-02-02,19.20,19.50,18.66,19.45,11000,14.07
2010-02-01,19.00,19.20,18.76,19.20,13600,13.89
2010-01-29,18.35,18.99,18.35,18.75,10000,13.56
2010-01-28,18.55,18.71,18.11,18.69,26100,13.52
2010-01-27,18.61,18.88,18.50,18.66,9400,13.49
2010-01-26,18.65,19.00,18.50,18.77,13500,13.57
2010-01-25,18.47,18.95,18.39,18.73,18000,13.55
2010-01-22,18.45,18.87,18.38,18.70,8800,13.52
2010-01-21,18.12,18.50,18.12,18.30,29500,13.23
2010-01-20,18.65,18.65,17.72,18.00,57100,13.02
2010-01-19,18.82,19.00,18.66,18.70,15200,13.52
2010-01-15,19.21,19.57,18.41,18.71,51400,13.53
2010-01-14,19.38,19.52,19.10,19.10,6700,13.81
2010-01-13,19.22,19.42,19.03,19.29,22100,13.95
2010-01-12,19.87,20.24,19.63,19.63,21700,13.86
2010-01-11,19.90,20.05,19.87,19.90,35800,14.05
2010-01-08,19.89,20.00,19.75,20.00,22400,14.12
2010-01-07,19.85,19.95,19.81,19.90,19800,14.05
2010-01-06,19.64,19.95,19.64,19.81,15700,13.98
2010-01-05,19.42,19.82,19.36,19.58,14400,13.82
2010-01-04,19.01,19.91,19.01,19.50,13600,13.77
2009-12-31,19.02,19.33,19.01,19.01,7500,13.42
2009-12-30,19.25,19.50,18.99,18.99,11600,13.41
2009-12-29,19.25,19.39,19.13,19.25,18500,13.59
2009-12-28,19.39,19.50,19.26,19.30,7300,13.62
2009-12-24,19.25,19.50,19.25,19.38,6100,13.68
2009-12-23,19.08,19.50,18.98,19.45,13700,13.73
2009-12-22,19.28,19.35,19.05,19.24,16500,13.58
2009-12-21,19.04,19.88,18.85,19.49,18200,13.76
2009-12-18,19.01,19.19,19.00,19.19,11500,13.55
2009-12-17,19.10,19.40,18.79,19.00,12500,13.41
2009-12-16,19.00,19.50,19.00,19.18,9700,13.54
2009-12-15,18.80,19.85,18.76,19.00,29100,13.41
2009-12-14,18.77,18.94,18.77,18.94,10900,13.37
2009-12-11,18.87,18.95,18.51,18.86,17200,13.31
2009-12-10,18.46,19.00,18.46,19.00,19500,13.41
2009-12-09,18.18,18.62,18.13,18.50,14600,13.06
2009-12-08,18.50,18.86,18.09,18.23,10000,12.87
2009-12-07,18.25,18.75,18.20,18.45,11900,13.02
2009-12-04,18.06,18.50,17.90,18.20,12400,12.85
2009-12-03,17.90,18.21,17.87,17.90,22800,12.64
2009-12-02,17.70,17.95,17.69,17.90,6700,12.64
2009-12-01,17.38,17.98,17.36,17.80,15000,12.57
2009-11-30,17.81,17.81,17.26,17.40,10600,12.28
2009-11-27,17.42,17.89,17.40,17.89,2300,12.63
2009-11-25,17.57,17.79,17.47,17.55,15400,12.39
2009-11-24,17.52,17.91,17.47,17.55,14500,12.39
2009-11-23,17.44,17.91,17.44,17.54,34900,12.38
2009-11-20,17.18,17.45,17.04,17.40,18300,12.28
2009-11-19,16.70,17.05,16.55,17.00,14600,12.00
2009-11-18,17.15,17.15,16.80,17.05,21600,12.04
2009-11-17,17.00,17.50,16.81,17.29,45200,12.21
2009-11-16,16.85,16.86,16.55,16.75,9400,11.82
2009-11-13,16.74,17.10,16.49,16.63,22300,11.74
2009-11-12,16.69,16.75,16.42,16.75,15400,11.82
2009-11-11,16.43,16.72,16.35,16.72,28500,11.80
2009-11-10,16.35,16.48,16.30,16.46,10500,11.62
2009-11-09,16.21,16.39,16.01,16.39,8400,11.57
2009-11-06,16.15,16.25,16.15,16.25,6000,11.47
2009-11-05,16.24,16.43,15.99,16.10,15400,11.37
2009-11-04,16.22,16.40,16.11,16.12,5300,11.38
2009-11-03,16.47,16.72,15.89,16.25,17600,11.47
2009-11-02,16.89,17.00,16.21,16.50,8400,11.65
2009-10-30,16.58,16.83,16.50,16.60,9400,11.72
2009-10-29,16.11,16.86,16.11,16.85,22800,11.89
2009-10-28,16.31,16.67,16.00,16.14,29200,11.39
2009-10-27,16.66,16.66,16.25,16.45,22200,11.61
2009-10-26,16.75,16.87,16.65,16.65,11600,11.75
2009-10-23,16.67,16.86,16.65,16.86,14700,11.90
2009-10-22,16.68,16.92,16.65,16.65,16600,11.75
2009-10-21,16.67,16.79,16.65,16.65,8300,11.75
2009-10-20,16.84,16.97,16.40,16.65,9800,11.75
2009-10-19,16.80,17.10,16.46,17.05,30500,12.04
2009-10-16,16.76,16.89,16.40,16.87,9800,11.91
2009-10-15,16.88,16.90,16.53,16.89,11200,11.92
2009-10-14,17.00,17.10,16.41,16.52,19700,11.66
2009-10-13,17.27,17.40,17.23,17.27,10400,11.86
2009-10-12,17.40,17.43,17.06,17.40,15900,11.95
2009-10-09,16.97,17.27,16.97,17.20,20000,11.81
2009-10-08,16.80,17.67,16.80,16.96,22000,11.65
2009-10-07,16.49,16.80,16.24,16.70,12200,11.47
2009-10-06,16.09,16.49,16.08,16.30,16800,11.19
2009-10-05,16.37,16.48,16.00,16.05,19000,11.02
2009-10-02,16.49,16.50,16.41,16.50,6900,11.33
2009-10-01,16.49,16.80,16.32,16.47,6500,11.31
2009-09-30,16.24,16.43,16.24,16.25,8600,11.16
2009-09-29,16.40,16.79,16.23,16.23,20000,11.15
2009-09-28,16.30,16.71,16.22,16.40,15800,11.26
2009-09-25,16.20,16.80,16.20,16.60,10900,11.40
2009-09-24,16.05,16.60,16.02,16.40,14400,11.26
2009-09-23,16.33,16.81,16.00,16.15,23700,11.09
2009-09-22,15.97,16.37,15.97,16.06,15100,11.03
2009-09-21,15.98,15.99,15.85,15.99,4100,10.98
2009-09-18,16.01,16.01,15.90,15.92,7700,10.93
2009-09-17,16.01,16.22,15.90,15.95,5000,10.95
2009-09-16,15.99,16.48,15.95,16.00,11500,10.99
2009-09-15,15.83,16.25,15.72,15.97,17000,10.97
2009-09-14,15.00,15.50,14.83,15.50,7500,10.64
2009-09-11,14.58,15.41,14.56,15.21,18600,10.45
2009-09-10,14.30,14.58,14.25,14.37,5200,9.87
2009-09-09,14.56,14.90,14.17,14.62,12100,10.04
2009-09-08,14.15,14.74,14.01,14.64,6000,10.05
2009-09-04,13.92,14.20,13.91,14.20,4500,9.75
2009-09-03,14.45,14.45,13.90,13.91,8000,9.55
2009-09-02,13.94,14.34,13.88,14.05,8900,9.65
2009-09-01,14.35,14.45,13.85,14.13,9000,9.70
2009-08-31,13.85,14.00,13.81,13.90,4200,9.55
2009-08-28,14.20,14.34,13.84,13.85,12500,9.51
2009-08-27,14.17,14.40,14.10,14.25,13600,9.79
2009-08-26,14.74,14.87,14.01,14.29,28300,9.81
2009-08-25,14.50,14.85,14.41,14.45,15000,9.92
2009-08-24,14.69,14.92,14.44,14.51,12700,9.96
2009-08-21,14.29,14.67,14.04,14.67,14200,10.07
2009-08-20,14.10,14.27,13.93,14.25,12900,9.79
2009-08-19,14.34,14.34,13.80,14.10,8800,9.68
2009-08-18,13.78,14.41,13.78,14.34,8800,9.85
2009-08-17,13.66,13.90,13.66,13.75,6900,9.44
2009-08-14,14.25,14.26,14.02,14.13,10600,9.70
2009-08-13,14.28,14.48,13.62,14.01,10000,9.62
2009-08-12,14.11,14.50,14.01,14.03,6900,9.63
2009-08-11,14.05,14.75,14.00,14.50,10600,9.96
2009-08-10,14.85,14.85,14.05,14.05,5800,9.65
2009-08-07,14.34,15.00,14.34,14.42,14700,9.90
2009-08-06,14.60,14.60,14.00,14.15,10100,9.72
2009-08-05,14.50,14.78,14.50,14.58,12700,10.01
2009-08-04,14.97,14.97,13.56,14.50,39600,9.96
2009-08-03,14.50,15.66,14.06,14.92,40900,10.25
2009-07-31,13.08,14.11,12.96,14.11,22300,9.69
2009-07-30,11.97,13.85,11.97,13.15,55500,9.03
2009-07-29,11.82,11.98,11.71,11.97,2300,8.22
2009-07-28,11.42,12.16,11.42,12.00,20300,8.24
2009-07-27,12.10,12.82,11.60,11.76,11500,8.08
2009-07-24,11.80,11.99,11.56,11.80,11500,8.10
2009-07-23,11.79,11.90,11.39,11.90,13600,8.17
2009-07-22,11.70,11.70,11.25,11.65,8400,8.00
2009-07-21,11.69,11.80,11.45,11.70,10800,8.03
2009-07-20,11.35,11.50,11.20,11.48,8600,7.88
2009-07-17,11.33,11.49,11.16,11.24,15500,7.72
2009-07-16,11.39,11.64,11.01,11.08,28400,7.61
2009-07-15,12.03,12.03,11.64,11.80,16700,8.10
2009-07-14,12.20,12.20,12.00,12.20,16300,8.06
2009-07-13,12.15,12.25,11.77,12.19,8300,8.05
2009-07-10,12.29,12.40,12.11,12.40,3000,8.19
2009-07-09,11.69,12.40,11.67,12.40,6700,8.19
2009-07-08,12.00,12.00,11.75,11.75,90500,7.76
2009-07-07,12.57,12.57,11.85,12.00,11000,7.92
2009-07-06,11.77,11.77,11.65,11.68,6800,7.71
2009-07-02,11.62,12.19,11.62,12.05,7800,7.96
2009-07-01,11.78,12.03,11.78,11.84,3000,7.82
2009-06-30,12.14,12.14,11.77,11.77,5000,7.77
2009-06-29,11.67,12.65,11.54,11.90,17300,7.86
2009-06-26,11.77,12.46,11.50,11.82,11700,7.81
2009-06-25,11.59,12.29,11.59,11.71,2600,7.73
2009-06-24,11.51,11.77,11.51,11.64,5500,7.69
2009-06-23,12.17,12.17,11.52,11.64,6000,7.69
2009-06-22,12.25,12.50,11.80,12.49,9100,8.25
2009-06-19,12.90,12.90,12.15,12.38,5700,8.17
2009-06-18,11.75,12.07,11.75,12.00,5700,7.92
2009-06-17,11.67,11.91,11.50,11.90,4800,7.86
2009-06-16,12.73,12.89,11.89,12.00,7100,7.92
2009-06-15,12.77,13.19,12.48,12.52,8800,8.27
2009-06-12,12.52,13.30,12.40,12.59,19800,8.31
2009-06-11,12.16,12.86,12.16,12.69,7200,8.38
2009-06-10,12.50,13.37,12.18,12.40,15000,8.19
2009-06-09,12.12,12.48,11.86,12.36,4500,8.16
2009-06-08,12.33,12.50,11.85,12.36,10300,8.16
2009-06-05,12.25,12.50,12.01,12.10,19100,7.99
2009-06-04,12.15,12.75,12.15,12.40,14700,8.19
2009-06-03,12.00,12.50,12.00,12.00,4200,7.92
2009-06-02,11.94,12.00,11.75,12.00,11100,7.92
2009-06-01,11.59,11.94,11.59,11.94,11000,7.88
2009-05-29,11.51,11.90,11.51,11.60,4600,7.66
2009-05-28,12.00,12.00,11.57,11.57,5500,7.64
2009-05-27,12.05,12.05,11.75,11.75,8300,7.76
2009-05-26,12.05,12.05,11.90,12.04,21600,7.95
2009-05-22,11.50,12.04,11.50,12.04,25500,7.95
2009-05-21,11.75,12.03,11.55,11.80,10000,7.79
2009-05-20,11.54,12.50,11.12,11.54,38800,7.62
2009-05-19,11.88,11.88,10.88,11.22,38400,7.41
2009-05-18,10.09,11.00,10.09,11.00,89900,7.26
2009-05-15,9.33,9.60,9.10,9.10,8900,6.01
2009-05-14,9.25,9.62,9.05,9.37,6500,6.19
2009-05-13,10.09,10.09,9.00,9.22,25900,6.09
2009-05-12,10.45,11.00,10.11,10.20,12900,6.74
2009-05-11,10.00,10.40,9.83,10.40,21400,6.87
2009-05-08,9.45,10.30,9.30,10.15,11500,6.70
2009-05-07,9.49,9.50,9.29,9.50,6700,6.27
2009-05-06,9.40,9.50,9.26,9.26,12500,6.11
2009-05-05,9.38,9.38,9.15,9.25,2000,6.11
2009-05-04,9.49,9.49,9.15,9.29,21300,6.13
2009-05-01,9.14,9.50,9.05,9.45,18900,6.24
2009-04-30,9.30,9.30,8.60,8.90,6800,5.88
2009-04-29,9.05,9.25,8.95,9.20,13600,6.08
2009-04-28,9.00,9.00,8.71,8.90,3600,5.88
2009-04-27,8.86,9.09,8.70,9.07,8300,5.99
2009-04-24,8.30,9.19,8.30,8.89,12900,5.87
2009-04-23,8.10,8.70,8.10,8.66,1600,5.72
2009-04-22,8.25,8.35,8.10,8.34,6300,5.51
2009-04-21,7.74,8.38,7.74,8.10,9900,5.35
2009-04-20,8.80,8.85,7.81,8.20,11500,5.41
2009-04-17,8.22,8.76,8.22,8.75,7400,5.78
2009-04-16,8.34,8.79,8.34,8.70,9900,5.74
2009-04-15,8.30,8.98,8.30,8.98,9300,5.93
2009-04-14,8.75,8.93,8.40,8.50,13300,5.61
2009-04-13,8.66,9.02,8.66,9.00,13200,5.63
2009-04-09,8.75,9.01,8.25,8.70,5400,5.45
2009-04-08,8.55,8.70,8.25,8.51,9700,5.33
2009-04-07,8.85,8.85,8.21,8.70,6100,5.45
2009-04-06,8.55,9.12,8.25,9.00,10500,5.63
2009-04-03,8.30,9.02,8.30,8.80,14800,5.51
2009-04-02,7.95,8.44,7.95,8.30,17900,5.20
2009-04-01,7.58,7.80,7.54,7.80,8000,4.88
2009-03-31,7.10,7.99,7.02,7.46,18100,4.67
2009-03-30,7.66,7.66,6.90,7.20,5300,4.51
2009-03-27,7.50,7.75,7.15,7.30,10000,4.57
2009-03-26,7.08,7.47,6.76,7.47,11100,4.68
2009-03-25,7.00,7.15,6.91,7.08,17400,4.43
2009-03-24,6.51,7.11,6.32,6.91,11300,4.33
2009-03-23,6.45,7.25,6.30,6.95,16900,4.35
2009-03-20,6.40,6.40,6.25,6.30,4500,3.94
2009-03-19,6.01,6.60,5.94,6.40,10900,4.01
2009-03-18,5.75,5.90,5.70,5.90,12800,3.69
2009-03-17,6.00,6.31,5.44,6.18,2300,3.87
2009-03-16,6.25,6.25,5.85,6.02,8400,3.77
2009-03-13,6.25,6.60,6.25,6.40,9300,4.01
2009-03-12,4.90,6.58,4.76,6.00,12900,3.76
2009-03-11,4.40,5.09,4.40,4.75,7200,2.97
2009-03-10,3.94,4.50,3.94,4.41,17700,2.76
2009-03-09,3.85,4.00,3.85,3.87,15500,2.42
2009-03-06,3.95,4.11,3.91,3.91,23500,2.45
2009-03-05,4.17,4.17,3.95,3.95,18700,2.47
2009-03-04,4.00,4.40,4.00,4.20,17500,2.63
2009-03-03,4.36,4.81,3.85,4.05,36900,2.53
2009-03-02,4.80,4.95,4.50,4.55,14100,2.85
2009-02-27,4.97,5.00,4.65,5.00,9000,3.13
2009-02-26,5.10,5.11,4.71,5.11,11900,3.20
2009-02-25,4.99,5.71,4.75,5.00,15200,3.13
2009-02-24,5.10,5.13,4.66,4.79,19000,3.00
2009-02-23,5.35,6.07,5.01,5.15,31000,3.22
2009-02-20,6.55,6.55,5.24,5.42,21700,3.39
2009-02-19,6.74,7.20,6.33,6.53,13800,4.09
2009-02-18,6.50,6.90,6.30,6.87,15000,4.30
2009-02-17,6.60,7.10,6.55,6.64,11500,4.16
2009-02-13,6.57,7.00,6.47,6.70,7800,4.19
2009-02-12,6.59,6.75,6.47,6.50,9400,4.07
2009-02-11,6.35,6.99,6.26,6.46,10200,4.04
2009-02-10,7.15,7.38,6.60,6.62,9700,4.14
2009-02-09,6.83,7.24,6.83,7.00,13200,4.38
2009-02-06,6.60,7.10,6.50,6.80,18200,4.26
2009-02-05,6.14,6.78,6.03,6.50,19300,4.07
2009-02-04,6.19,6.45,6.18,6.19,6600,3.87
2009-02-03,6.44,6.75,6.03,6.29,12300,3.94
2009-02-02,6.60,6.60,5.55,6.02,11300,3.77
2009-01-30,5.79,6.04,5.79,6.04,7700,3.78
2009-01-29,5.83,5.90,5.83,5.88,6300,3.68
2009-01-28,5.90,6.10,5.88,5.92,7100,3.71
2009-01-27,5.90,5.99,5.88,5.88,9800,3.68
2009-01-26,5.82,6.48,5.80,5.81,5100,3.64
2009-01-23,5.94,6.26,5.50,6.00,4900,3.76
2009-01-22,5.80,6.13,5.80,6.13,8000,3.84
2009-01-21,6.10,6.29,5.80,5.90,6400,3.69
2009-01-20,5.38,5.90,5.26,5.90,13300,3.69
2009-01-16,6.25,6.54,5.38,5.74,15600,3.59
2009-01-15,6.43,6.43,5.58,6.15,18400,3.85
2009-01-14,6.75,6.97,6.19,6.44,10500,4.03
2009-01-13,7.32,7.50,6.78,7.37,29400,4.32
2009-01-12,7.75,7.75,6.85,7.55,26200,4.42
2009-01-09,7.50,7.51,7.12,7.50,24800,4.40
2009-01-08,7.94,7.94,7.65,7.77,10900,4.55
2009-01-07,8.00,8.15,7.51,7.95,21100,4.66
2009-01-06,7.96,8.28,7.70,7.85,34200,4.60
2009-01-05,7.25,8.00,7.22,7.70,25000,4.51
2009-01-02,6.49,7.10,6.30,6.95,23300,4.07
2008-12-31,5.30,6.64,5.30,6.35,32400,3.72
2008-12-30,5.48,5.61,5.26,5.26,22000,3.08
2008-12-29,5.92,5.92,5.37,5.63,17100,3.30
2008-12-26,5.65,6.10,5.55,5.93,12000,3.48
2008-12-24,5.60,5.75,5.26,5.44,15600,3.19
2008-12-23,5.70,6.00,5.52,5.74,22000,3.36
2008-12-22,5.75,5.92,5.50,5.65,17100,3.31
2008-12-19,5.81,6.09,5.75,5.75,19300,3.37
2008-12-18,5.38,5.96,5.38,5.91,16100,3.46
2008-12-17,5.54,5.70,5.50,5.60,13200,3.28
2008-12-16,5.90,6.11,5.80,5.86,18300,3.43
2008-12-15,5.80,6.12,5.60,6.08,32400,3.56
2008-12-12,5.29,6.59,5.09,5.84,204400,3.42
2008-12-11,5.72,5.96,5.55,5.55,16800,3.25
2008-12-10,6.50,6.75,5.51,5.80,31400,3.40
2008-12-09,6.10,6.37,6.01,6.37,9900,3.73
2008-12-08,5.01,6.44,5.01,5.85,25700,3.43
2008-12-05,5.00,5.20,4.90,5.17,10900,3.03
2008-12-04,4.97,5.56,4.84,5.10,17700,2.99
2008-12-03,4.50,5.20,4.50,5.20,29600,3.05
2008-12-02,5.01,5.01,4.52,5.00,27800,2.93
2008-12-01,5.30,5.52,4.80,5.03,9600,2.95
2008-11-28,4.75,5.10,4.75,5.10,6200,2.99
2008-11-26,5.10,5.42,4.37,4.80,29400,2.81
2008-11-25,4.87,5.78,4.87,5.19,23600,3.04
2008-11-24,4.90,5.58,4.70,5.02,13200,2.94
2008-11-21,5.53,5.53,4.34,4.95,33800,2.90
2008-11-20,6.07,6.21,5.50,5.50,36300,3.22
2008-11-19,6.58,6.58,6.07,6.07,13400,3.56
2008-11-18,6.94,7.05,6.58,6.58,37800,3.86
2008-11-17,7.43,7.43,6.68,6.80,20600,3.99
2008-11-14,8.67,8.71,7.48,7.75,11800,4.54
2008-11-13,6.90,8.96,6.90,8.55,16900,5.01
2008-11-12,7.00,7.50,5.89,6.95,21300,4.07
2008-11-11,8.90,8.90,7.15,7.15,15900,4.19
2008-11-10,9.75,10.01,8.75,9.05,14300,5.30
2008-11-07,10.67,11.30,10.15,10.57,19800,6.19
2008-11-06,12.50,12.50,10.50,10.63,14400,6.23
2008-11-05,13.00,13.25,12.51,12.51,7100,7.33
2008-11-04,13.25,14.00,12.82,13.10,34600,7.68
2008-11-03,10.35,12.43,10.20,12.43,22200,7.29
2008-10-31,9.07,9.98,8.70,9.54,20900,5.59
2008-10-30,7.70,9.30,7.50,9.10,21700,5.33
2008-10-29,7.01,8.01,6.80,7.06,28900,4.14
2008-10-28,6.99,7.00,6.50,6.90,11600,4.04
2008-10-27,6.94,7.10,6.54,6.90,13900,4.04
2008-10-24,6.70,7.19,6.70,7.00,5600,4.10
2008-10-23,7.41,7.41,7.00,7.05,25400,4.13
2008-10-22,7.80,7.80,7.40,7.54,16100,4.42
2008-10-21,7.80,8.13,7.55,7.90,7400,4.63
2008-10-20,7.73,8.22,7.40,7.51,30300,4.40
2008-10-17,7.86,7.90,7.70,7.89,11800,4.62
2008-10-16,8.90,8.90,7.30,8.24,16000,4.83
2008-10-15,8.60,9.99,8.40,9.10,11400,5.33
2008-10-14,8.75,9.85,8.52,9.33,25800,5.19
2008-10-13,7.00,8.44,7.00,8.44,31700,4.70
2008-10-10,7.50,7.70,6.44,7.12,47500,3.96
2008-10-09,8.79,9.11,8.00,8.06,40600,4.49
2008-10-08,9.35,9.69,7.51,8.77,52800,4.88
2008-10-07,10.00,10.58,9.95,10.30,20300,5.73
2008-10-06,10.50,11.00,9.01,9.84,26200,5.48
2008-10-03,10.45,11.18,10.44,10.60,12600,5.90
2008-10-02,10.55,11.15,10.35,10.46,13000,5.82
2008-10-01,11.34,11.70,10.03,10.75,26300,5.98
2008-09-30,11.22,13.00,10.75,11.25,26000,6.26
2008-09-29,12.30,12.70,10.80,11.50,20600,6.40
2008-09-26,13.00,13.75,12.40,12.54,15900,6.98
2008-09-25,13.14,13.79,13.00,13.05,5600,7.26
2008-09-24,13.53,13.79,13.19,13.19,6600,7.34
2008-09-23,14.25,14.75,13.33,13.48,13800,7.50
2008-09-22,13.50,14.75,13.50,14.45,20500,8.04
2008-09-19,13.05,14.28,13.05,13.84,15000,7.70
2008-09-18,12.76,13.30,12.55,13.30,23100,7.40
2008-09-17,13.50,13.60,12.75,12.86,20300,7.16
2008-09-16,13.65,13.91,13.50,13.81,14100,7.69
2008-09-15,14.00,14.28,13.80,13.83,15100,7.70
2008-09-12,14.33,14.33,14.05,14.24,4500,7.93
2008-09-11,15.00,15.00,14.01,14.14,24100,7.87
2008-09-10,15.03,15.25,15.01,15.01,2700,8.36
2008-09-09,15.06,15.40,15.00,15.14,3100,8.43
2008-09-08,15.40,15.81,15.26,15.26,4900,8.49
2008-09-05,15.10,15.30,15.00,15.16,8500,8.44
2008-09-04,15.00,15.17,14.75,15.15,7200,8.43
2008-09-03,15.00,15.04,14.82,15.04,8600,8.37
2008-09-02,14.90,15.00,14.74,14.95,6800,8.32
2008-08-29,14.38,15.00,14.38,14.50,7400,8.07
2008-08-28,13.94,14.84,13.86,14.29,11100,7.95
2008-08-27,13.80,14.17,13.76,13.88,7500,7.73
2008-08-26,14.20,14.20,13.94,14.00,3000,7.79
2008-08-25,14.08,14.79,13.85,14.10,4700,7.85
2008-08-22,14.15,14.34,13.75,13.91,10900,7.74
2008-08-21,13.95,14.35,13.95,13.95,4800,7.77
2008-08-20,14.31,14.31,14.02,14.27,5900,7.94
2008-08-19,14.76,14.92,14.25,14.31,7000,7.97
2008-08-18,15.01,15.19,14.75,14.75,4900,8.21
2008-08-15,14.75,15.21,14.74,15.00,3800,8.35
2008-08-14,14.74,14.99,14.26,14.65,7400,8.15
2008-08-13,14.74,15.49,14.29,14.29,14400,7.95
2008-08-12,15.10,15.34,14.73,14.73,4400,8.20
2008-08-11,15.06,15.55,14.82,15.24,19600,8.48
2008-08-08,15.12,15.30,14.72,14.91,26400,8.30
2008-08-07,14.99,15.30,14.73,14.90,19800,8.29
2008-08-06,14.71,15.50,14.71,14.84,25200,8.26
2008-08-05,15.35,15.49,14.66,14.70,22700,8.18
2008-08-04,16.50,16.52,15.02,15.02,52200,8.36
2008-08-01,14.79,15.75,14.77,15.75,20200,8.77
2008-07-31,14.57,15.00,14.50,14.90,13000,8.29
2008-07-30,14.50,15.00,14.25,14.61,30700,8.13
2008-07-29,14.25,14.49,14.10,14.49,11700,8.07
2008-07-28,14.25,14.59,13.78,14.11,52400,7.85
2008-07-25,13.52,14.95,13.52,14.36,151200,7.99
2008-07-24,14.25,14.90,14.04,14.42,54400,8.03
2008-07-23,15.25,15.55,14.34,14.37,38300,8.00
2008-07-22,14.00,15.18,13.93,14.76,21100,8.22
2008-07-21,15.03,15.50,14.42,14.42,16900,8.03
2008-07-18,14.29,15.35,13.79,14.88,22400,8.28
2008-07-17,13.75,15.00,13.50,14.11,55900,7.85
2008-07-16,12.50,13.77,12.50,13.40,14100,7.46
2008-07-15,13.50,13.50,12.00,12.56,51800,6.99
2008-07-14,13.47,13.66,13.00,13.52,16500,7.26
2008-07-11,14.80,14.80,12.48,13.00,33800,6.99
2008-07-10,15.68,15.97,14.90,15.21,19400,8.17
2008-07-09,15.79,16.69,15.75,15.75,27200,8.46
2008-07-08,15.75,15.94,15.49,15.77,11900,8.47
2008-07-07,16.00,16.13,15.75,15.85,10400,8.52
2008-07-03,15.78,16.08,15.78,16.00,4800,8.60
2008-07-02,16.16,16.35,15.75,15.75,14900,8.46
2008-07-01,16.80,16.80,16.16,16.20,20500,8.70
2008-06-30,16.85,16.95,16.49,16.61,10600,8.92
2008-06-27,16.33,16.84,16.33,16.78,11000,9.02
2008-06-26,16.76,16.91,16.30,16.42,9900,8.82
2008-06-25,16.76,17.20,16.76,16.76,8300,9.01
2008-06-24,17.08,17.19,16.76,16.76,6300,9.01
2008-06-23,17.15,17.32,16.65,16.84,11100,9.05
2008-06-20,17.20,17.44,16.33,16.92,12100,9.09
2008-06-19,17.00,17.43,16.75,16.95,14700,9.11
2008-06-18,16.98,17.01,16.47,17.01,22100,9.14
2008-06-17,17.18,17.18,16.00,16.79,11700,9.02
2008-06-16,16.84,17.17,16.84,16.95,9200,9.11
2008-06-13,16.62,16.97,16.08,16.94,10600,9.10
2008-06-12,16.75,17.65,16.66,16.80,26100,9.03
2008-06-11,17.72,17.84,16.63,17.00,12900,9.13
2008-06-10,18.00,18.00,17.75,17.75,4200,9.54
2008-06-09,18.46,18.46,17.70,17.98,13400,9.66
2008-06-06,18.64,18.65,17.75,18.01,23400,9.68
2008-06-05,18.50,18.82,18.48,18.64,6900,10.02
2008-06-04,18.60,18.75,18.37,18.57,10300,9.98
2008-06-03,18.24,18.76,18.24,18.59,14400,9.99
2008-06-02,18.02,18.38,18.02,18.06,10000,9.70
2008-05-30,18.40,18.41,18.15,18.15,16600,9.75
2008-05-29,18.20,18.38,18.06,18.21,6300,9.78
2008-05-28,18.08,18.20,18.01,18.19,8600,9.77
2008-05-27,18.46,18.78,18.03,18.16,12700,9.76
2008-05-23,18.25,18.55,18.15,18.43,3400,9.90
2008-05-22,18.27,18.39,18.08,18.17,13200,9.76
2008-05-21,18.89,18.93,18.32,18.50,12400,9.94
2008-05-20,18.41,18.84,18.30,18.70,12600,10.05
2008-05-19,19.00,19.00,18.36,18.36,8800,9.87
2008-05-16,18.87,19.09,18.67,18.71,11800,10.05
2008-05-15,19.03,19.03,18.62,18.62,8200,10.00
2008-05-14,19.18,19.23,18.80,19.00,9500,10.21
2008-05-13,19.05,19.05,18.76,18.95,9300,10.18
2008-05-12,18.36,18.98,18.36,18.73,18600,10.06
2008-05-09,18.82,18.95,18.45,18.53,23900,9.96
2008-05-08,19.06,19.06,18.54,18.64,10500,10.02
2008-05-07,18.71,19.02,18.54,18.77,14300,10.09
2008-05-06,18.77,19.00,18.64,18.76,7700,10.08
2008-05-05,19.20,19.25,18.84,19.01,7600,10.21
2008-05-02,19.97,19.99,19.26,19.26,15800,10.35
2008-05-01,19.23,19.46,19.12,19.24,14100,10.34
2008-04-30,19.20,19.46,18.82,18.84,17600,10.12
2008-04-29,18.80,19.25,18.65,18.96,14600,10.19
2008-04-28,18.60,18.95,18.60,18.85,8900,10.13
2008-04-25,18.56,19.18,18.49,18.78,12900,10.09
2008-04-24,18.61,18.91,18.61,18.78,11000,10.09
2008-04-23,18.74,18.98,18.60,18.69,13000,10.04
2008-04-22,18.50,18.88,18.50,18.60,16900,9.99
2008-04-21,18.99,19.45,18.99,19.02,5900,10.22
2008-04-18,19.18,19.30,18.80,18.85,7800,10.13
2008-04-17,18.93,19.27,18.63,18.80,7800,10.10
2008-04-16,19.00,19.47,18.53,18.78,8800,10.09
2008-04-15,18.51,19.46,18.50,18.95,7900,10.18
2008-04-14,19.28,19.44,18.44,18.53,26900,9.96
2008-04-11,20.24,20.24,19.63,19.80,23500,10.39
2008-04-10,21.30,21.30,19.71,20.15,28200,10.57
2008-04-09,20.14,20.67,20.00,20.00,10000,10.49
2008-04-08,20.84,20.84,20.01,20.01,12700,10.50
2008-04-07,20.77,21.20,20.00,20.49,16000,10.75
2008-04-04,19.96,20.53,19.80,20.49,11800,10.75
2008-04-03,20.79,20.79,19.76,19.90,14600,10.44
2008-04-02,19.75,20.79,19.75,20.37,8500,10.69
2008-04-01,19.26,20.10,19.25,19.96,9600,10.47
2008-03-31,19.17,19.49,18.80,19.30,2700,10.12
2008-03-28,19.68,19.88,18.26,19.17,9800,10.06
2008-03-27,19.80,19.82,19.25,19.69,4500,10.33
2008-03-26,18.95,19.95,18.74,19.81,3900,10.39
2008-03-25,18.52,19.29,17.80,18.75,13200,9.84
2008-03-24,18.60,19.05,18.51,18.51,7300,9.71
2008-03-20,18.26,18.50,16.56,18.48,24900,9.69
2008-03-19,17.90,18.69,17.72,18.50,5200,9.70
2008-03-18,18.17,18.92,18.17,18.26,12300,9.58
2008-03-17,18.95,18.95,17.43,18.12,12400,9.51
2008-03-14,19.12,19.28,17.01,18.96,8700,9.95
2008-03-13,19.29,19.68,18.53,18.87,14000,9.90
2008-03-12,19.78,20.79,19.03,19.03,13900,9.98
2008-03-11,19.75,20.00,19.40,19.73,7400,10.35
2008-03-10,21.24,21.24,19.64,19.64,20600,10.30
2008-03-07,20.01,20.50,20.00,20.48,5700,10.74
2008-03-06,20.13,20.59,20.13,20.28,7500,10.64
2008-03-05,20.30,20.75,20.01,20.33,10800,10.67
2008-03-04,20.69,20.87,20.22,20.47,7200,10.74
2008-03-03,20.51,20.72,20.21,20.72,5100,10.87
2008-02-29,20.83,20.95,20.40,20.53,7000,10.77
2008-02-28,20.91,21.03,20.72,20.73,3400,10.87
2008-02-27,20.88,21.17,20.69,21.04,23000,11.04
2008-02-26,21.74,21.74,20.52,20.88,4000,10.95
2008-02-25,20.65,21.19,20.51,20.83,23700,10.93
2008-02-22,20.93,21.24,20.61,20.86,17600,10.94
2008-02-21,20.95,21.08,20.80,21.00,12200,11.02
2008-02-20,21.00,21.16,20.81,21.08,16400,11.06
2008-02-19,21.24,21.24,20.96,21.02,4300,11.03
2008-02-15,20.97,21.24,20.95,21.22,7200,11.13
2008-02-14,21.07,21.23,20.78,21.12,8900,11.08
2008-02-13,20.87,21.22,20.75,21.00,20000,11.02
2008-02-12,21.23,21.39,20.85,21.24,18900,11.14
2008-02-11,20.94,21.23,20.72,21.23,18400,11.14
2008-02-08,21.08,21.16,20.54,20.98,63600,11.01
2008-02-07,20.89,21.10,20.51,21.06,20000,11.05
2008-02-06,21.11,21.18,20.66,21.14,10900,11.09
2008-02-05,21.25,21.25,20.38,21.18,12900,11.11
2008-02-04,21.50,21.50,20.52,20.86,9700,10.94
2008-02-01,20.98,21.10,20.42,20.78,8600,10.90
2008-01-31,20.41,20.90,20.41,20.79,15900,10.91
2008-01-30,20.38,20.81,20.38,20.62,17000,10.82
2008-01-29,20.40,20.80,20.10,20.43,32400,10.72
2008-01-28,20.81,20.99,20.21,20.48,13400,10.74
2008-01-25,20.02,20.74,20.02,20.67,17100,10.84
2008-01-24,20.77,20.77,19.85,20.30,15400,10.65
2008-01-23,21.09,21.10,20.01,20.89,13200,10.96
2008-01-22,20.50,20.74,19.25,19.90,10500,10.44
2008-01-18,20.90,20.95,20.50,20.95,16500,10.99
2008-01-17,21.09,21.10,20.75,20.76,5300,10.89
2008-01-16,20.60,20.92,20.51,20.92,19900,10.97
2008-01-15,21.10,21.10,20.35,20.65,24600,10.83
2008-01-14,20.66,20.94,20.34,20.78,19000,10.66
2008-01-11,20.65,21.08,20.32,20.52,22900,10.52
2008-01-10,20.73,20.96,20.30,20.94,6100,10.74
2008-01-09,20.40,21.03,19.95,20.99,15200,10.76
2008-01-08,20.88,20.92,20.56,20.56,16100,10.54
2008-01-07,20.75,20.86,20.55,20.74,39100,10.63
2008-01-04,20.81,21.10,20.55,20.59,8500,10.56
2008-01-03,19.85,20.66,19.67,20.66,12400,10.59
2008-01-02,18.56,19.88,18.51,19.60,11500,10.05
2007-12-31,18.78,19.43,18.49,18.50,32900,9.49
2007-12-28,18.40,19.35,18.40,18.91,16200,9.70
2007-12-27,18.83,18.98,18.44,18.54,10500,9.51
2007-12-26,18.72,19.90,18.71,19.08,18800,9.78
2007-12-24,19.30,19.68,18.75,18.83,14100,9.66
2007-12-21,20.31,20.31,18.82,19.49,18300,9.99
2007-12-20,19.20,19.95,18.51,18.72,36900,9.60
2007-12-19,19.15,19.31,19.00,19.30,33600,9.90
2007-12-18,19.30,19.35,19.00,19.30,10600,9.90
2007-12-17,19.75,20.68,19.15,19.16,21200,9.82
2007-12-14,20.19,20.97,19.60,19.60,11100,10.05
2007-12-13,20.15,20.28,19.73,19.99,11800,10.25
2007-12-12,19.74,20.53,19.62,19.98,9000,10.24
2007-12-11,20.08,20.10,19.85,19.89,10500,10.20
2007-12-10,20.17,20.38,19.82,19.91,17300,10.21
2007-12-07,19.85,20.30,19.73,19.86,13000,10.18
2007-12-06,20.39,20.45,19.76,20.15,10100,10.33
2007-12-05,19.81,20.38,19.81,20.05,12300,10.28
2007-12-04,20.01,20.24,19.60,19.65,13400,10.08
2007-12-03,19.66,20.34,19.66,20.01,11600,10.26
2007-11-30,19.09,20.35,18.76,19.50,19500,10.00
2007-11-29,18.60,19.08,18.02,19.00,21700,9.74
2007-11-28,18.11,19.05,18.11,18.46,14200,9.47
2007-11-27,18.85,19.22,17.55,18.25,20100,9.36
2007-11-26,19.00,19.09,17.50,19.00,15100,9.74
2007-11-23,18.69,19.00,18.52,18.76,3700,9.62
2007-11-21,18.80,19.14,18.75,18.90,6600,9.69
2007-11-20,18.46,19.09,18.46,19.00,12600,9.74
2007-11-19,18.75,18.75,17.50,18.60,18900,9.54
2007-11-16,19.01,19.10,18.51,18.89,13200,9.69
2007-11-15,19.21,19.35,19.00,19.00,11800,9.74
2007-11-14,19.11,19.89,19.00,19.35,12200,9.92
2007-11-13,19.16,20.18,19.02,19.11,12400,9.80
2007-11-12,19.37,20.39,19.19,19.59,22300,10.04
2007-11-09,19.48,19.65,19.30,19.51,5700,10.00
2007-11-08,20.22,20.22,18.95,19.35,22300,9.92
2007-11-07,20.12,21.06,19.56,19.79,12000,10.15
2007-11-06,20.20,20.74,19.80,20.00,15400,10.26
2007-11-05,20.20,20.77,20.10,20.11,20900,10.31
2007-11-02,21.11,21.11,20.04,20.21,29100,10.36
2007-11-01,20.80,21.15,20.77,20.80,8000,10.67
2007-10-31,21.16,21.16,20.10,21.15,12800,10.84
2007-10-30,20.56,21.20,20.56,21.20,8000,10.87
2007-10-29,20.36,20.85,20.36,20.85,13300,10.69
2007-10-26,20.41,20.50,20.36,20.45,5100,10.49
2007-10-25,20.26,20.39,20.11,20.21,7000,10.36
2007-10-24,20.17,20.55,20.15,20.38,11900,10.45
2007-10-23,20.37,20.50,20.12,20.48,8900,10.50
2007-10-22,20.59,21.29,20.50,20.50,7200,10.51
2007-10-19,20.61,21.10,20.60,20.71,12700,10.62
2007-10-18,20.75,21.30,20.58,20.58,10700,10.55
2007-10-17,21.01,21.05,20.77,20.77,13600,10.65
2007-10-16,21.20,21.30,21.00,21.10,11900,10.82
2007-10-15,21.87,21.87,21.20,21.27,7900,10.91
2007-10-12,22.10,22.49,22.10,22.49,14700,11.29
2007-10-11,22.08,22.51,22.07,22.08,18200,11.09
2007-10-10,22.07,22.25,22.02,22.04,18000,11.07
2007-10-09,21.72,22.61,21.72,22.10,12300,11.10
2007-10-08,22.16,22.16,21.87,21.87,7400,10.98
2007-10-05,22.01,22.29,21.90,21.90,5700,11.00
2007-10-04,22.02,22.23,21.84,21.91,6600,11.00
2007-10-03,22.51,22.63,21.97,22.07,4700,11.08
2007-10-02,21.94,22.62,21.94,22.26,10500,11.18
2007-10-01,21.55,23.01,21.55,22.34,23000,11.22
2007-09-28,21.32,21.58,21.25,21.50,5900,10.79
2007-09-27,21.62,21.88,21.33,21.33,7100,10.71
2007-09-26,21.69,22.04,21.14,21.45,12100,10.77
2007-09-25,22.10,22.10,21.61,21.91,5000,11.00
2007-09-24,22.04,22.10,21.89,22.00,6900,11.05
2007-09-21,21.33,22.23,21.33,21.91,4700,11.00
2007-09-20,21.54,22.10,21.54,22.10,6600,11.10
2007-09-19,21.71,22.19,21.12,22.10,8700,11.10
2007-09-18,21.11,22.19,21.11,21.46,15700,10.77
2007-09-17,20.41,21.44,20.41,21.44,9500,10.76
2007-09-14,20.12,20.84,20.12,20.84,10800,10.46
2007-09-13,20.12,20.61,20.11,20.37,12200,10.23
2007-09-12,20.71,20.87,20.02,20.15,18400,10.12
2007-09-11,21.42,21.42,21.10,21.10,10000,10.59
2007-09-10,20.32,21.55,20.32,21.50,14200,10.79
2007-09-07,21.04,21.04,20.52,20.72,14700,10.40
2007-09-06,21.63,21.64,21.15,21.24,9500,10.66
2007-09-05,21.51,21.80,21.50,21.62,8100,10.85
2007-09-04,21.98,21.98,21.60,21.64,16100,10.86
2007-08-31,22.06,22.16,21.55,21.75,44300,10.92
2007-08-30,22.01,22.15,22.01,22.11,6000,11.10
2007-08-29,22.32,22.49,22.04,22.05,14900,11.07
2007-08-28,22.62,22.87,22.27,22.62,12700,11.36
2007-08-27,22.93,22.95,22.56,22.61,9800,11.35
2007-08-24,22.14,23.07,22.11,23.07,10800,11.58
2007-08-23,22.20,22.53,22.10,22.18,20100,11.14
2007-08-22,21.86,22.83,21.86,22.33,15100,11.21
2007-08-21,22.00,22.10,21.86,21.86,19100,10.98
2007-08-20,22.45,22.45,21.45,22.01,12100,11.05
2007-08-17,21.95,22.21,21.50,22.00,22500,11.05
2007-08-16,20.63,21.01,19.00,20.05,28200,10.07
2007-08-15,21.52,21.60,21.05,21.34,21500,10.71
2007-08-14,21.92,21.92,21.41,21.55,16300,10.82
2007-08-13,21.61,22.27,21.61,22.14,12300,11.12
2007-08-10,21.87,22.13,21.56,21.80,17100,10.94
2007-08-09,22.72,22.94,21.68,21.90,22100,11.00
2007-08-08,23.25,23.60,22.60,22.78,11700,11.44
2007-08-07,23.26,23.34,22.72,23.20,12600,11.65
2007-08-06,23.74,23.74,23.00,23.44,9400,11.77
2007-08-03,23.62,23.74,23.62,23.70,4400,11.90
2007-08-02,23.74,23.74,23.51,23.74,7200,11.92
2007-08-01,23.70,23.85,23.50,23.73,10600,11.91
2007-07-31,23.67,23.98,23.59,23.70,13000,11.90
2007-07-30,23.98,23.98,23.50,23.57,6200,11.83
2007-07-27,23.73,23.94,23.30,23.75,9900,11.92
2007-07-26,23.85,23.97,23.55,23.73,5900,11.91
2007-07-25,24.45,24.46,23.76,23.76,5900,11.93
2007-07-24,24.42,24.47,24.10,24.44,4300,12.27
2007-07-23,24.46,24.48,24.42,24.44,4100,12.27
2007-07-20,24.40,24.46,24.40,24.42,2700,12.26
2007-07-19,24.43,24.49,24.30,24.33,4500,12.22
2007-07-18,24.52,24.59,24.42,24.51,8200,12.31
2007-07-17,24.59,24.60,24.52,24.59,8400,12.35
2007-07-16,24.45,24.59,24.45,24.59,5900,12.35
2007-07-13,24.32,24.60,24.32,24.60,17900,12.35
2007-07-12,24.79,24.79,24.69,24.77,7000,12.20
2007-07-11,24.80,24.82,24.70,24.76,12300,12.20
2007-07-10,24.75,24.84,24.70,24.72,8900,12.18
2007-07-09,24.87,24.87,24.78,24.81,7500,12.22
2007-07-06,24.73,24.83,24.72,24.75,4000,12.19
2007-07-05,24.88,24.88,24.70,24.70,5100,12.17
2007-07-03,24.71,24.74,24.70,24.70,2000,12.17
2007-07-02,24.70,24.75,24.64,24.75,7500,12.19
2007-06-29,24.66,24.74,24.65,24.65,4300,12.14
2007-06-28,24.74,24.75,24.65,24.66,7100,12.15
2007-06-27,24.68,24.75,24.65,24.75,7200,12.19
2007-06-26,24.71,24.83,24.68,24.70,5100,12.17
2007-06-25,24.84,24.85,24.69,24.73,4600,12.18
2007-06-22,24.77,24.77,24.69,24.70,3100,12.17
2007-06-21,24.71,24.78,24.70,24.70,2000,12.17
2007-06-20,24.79,24.83,24.66,24.68,7300,12.16
2007-06-19,24.86,24.91,24.85,24.85,9400,12.24
2007-06-18,24.90,24.91,24.84,24.90,7300,12.26
2007-06-15,24.87,24.90,24.83,24.83,3300,12.23
2007-06-14,24.76,24.88,24.75,24.77,5300,12.20
2007-06-13,24.89,24.89,24.75,24.75,10200,12.19
2007-06-12,24.83,24.90,24.76,24.88,1300,12.25
2007-06-11,24.80,24.94,24.76,24.92,12400,12.27
2007-06-08,24.85,24.93,24.79,24.93,5100,12.28
2007-06-07,24.89,24.94,24.79,24.88,4400,12.25
2007-06-06,24.95,24.95,24.65,24.83,44200,12.23
2007-06-05,24.78,24.84,24.66,24.84,13300,12.24
2007-06-04,24.66,24.78,24.66,24.78,5200,12.21
2007-06-01,24.67,24.77,24.64,24.71,8900,12.17
2007-05-31,24.94,24.94,24.64,24.75,8800,12.19
2007-05-30,24.73,24.77,24.56,24.70,10100,12.17
2007-05-29,24.71,24.81,24.64,24.73,20200,12.18
2007-05-25,24.81,24.83,24.71,24.77,1800,12.20
2007-05-24,24.80,24.88,24.72,24.73,8600,12.18
2007-05-23,24.89,25.06,24.72,24.84,14600,12.24
2007-05-22,24.74,24.89,24.74,24.89,1200,12.26
2007-05-21,24.80,24.90,24.71,24.81,5900,12.22
2007-05-18,24.69,24.80,24.69,24.79,4300,12.21
2007-05-17,24.73,24.90,24.68,24.70,7700,12.17
2007-05-16,24.77,24.77,24.68,24.68,3100,12.16
2007-05-15,24.71,24.82,24.67,24.72,9900,12.18
2007-05-14,24.68,24.80,24.68,24.71,7300,12.17
2007-05-11,24.74,24.78,24.66,24.78,4500,12.21
2007-05-10,24.80,24.95,24.56,24.70,21400,12.17
2007-05-09,24.76,24.84,24.75,24.76,2800,12.20
2007-05-08,24.76,24.90,24.75,24.75,10900,12.19
2007-05-07,24.98,24.98,24.79,24.79,8700,12.21
2007-05-04,24.90,24.98,24.80,24.89,4500,12.26
2007-05-03,24.80,24.88,24.78,24.80,5500,12.22
2007-05-02,25.04,25.05,24.86,24.90,9100,12.26
2007-05-01,24.80,24.95,24.66,24.95,9900,12.29
2007-04-30,24.91,24.94,24.80,24.80,3700,12.22
2007-04-27,24.74,24.95,24.74,24.81,5300,12.22
2007-04-26,24.67,24.82,24.67,24.82,3300,12.23
2007-04-25,24.65,24.78,24.65,24.74,5900,12.19
2007-04-24,24.68,24.73,24.63,24.73,4800,12.18
2007-04-23,24.68,24.90,24.62,24.70,4100,12.17
2007-04-20,24.75,24.82,24.70,24.76,5500,12.20
2007-04-19,24.72,24.73,24.70,24.72,3400,12.18
2007-04-18,24.66,24.80,24.65,24.66,3000,12.15
2007-04-17,24.66,24.81,24.55,24.57,6700,12.10
2007-04-16,24.64,24.85,24.64,24.74,7600,12.19
2007-04-13,24.67,24.72,24.55,24.64,8500,12.14
2007-04-12,24.60,24.64,24.42,24.61,12200,12.12
2007-04-11,24.88,25.00,24.85,25.00,11700,12.08
2007-04-10,24.86,24.95,24.86,24.87,4000,12.02
2007-04-09,24.95,25.04,24.85,24.85,5300,12.01
2007-04-05,24.91,25.00,24.90,24.99,5600,12.08
2007-04-04,24.86,24.96,24.83,24.94,9300,12.05
2007-04-03,24.88,24.93,24.85,24.86,2600,12.02
2007-04-02,24.86,24.92,24.85,24.91,7200,12.04
2007-03-30,24.87,24.89,24.80,24.86,8200,12.02
2007-03-29,24.94,24.95,24.85,24.86,5500,12.02
2007-03-28,24.83,24.94,24.80,24.93,4800,12.05
2007-03-27,24.78,24.88,24.77,24.87,6800,12.02
2007-03-26,24.85,24.88,24.76,24.87,3500,12.02
2007-03-23,24.80,24.85,24.75,24.81,10400,11.99
2007-03-22,24.80,24.83,24.76,24.83,4900,12.00
2007-03-21,24.71,24.79,24.71,24.79,6500,11.98
2007-03-20,24.79,24.88,24.71,24.79,11600,11.98
2007-03-19,24.66,24.79,24.66,24.79,5700,11.98
2007-03-16,24.71,24.74,24.71,24.71,1200,11.94
2007-03-15,24.58,24.75,24.58,24.66,5200,11.92
2007-03-14,24.55,24.71,24.55,24.66,7400,11.92
2007-03-13,24.71,24.74,24.60,24.60,6900,11.89
2007-03-12,24.82,24.89,24.72,24.72,11100,11.95
2007-03-09,24.73,24.88,24.72,24.81,4900,11.99
2007-03-08,24.85,24.89,24.72,24.75,6300,11.96
2007-03-07,24.69,24.94,24.68,24.71,9100,11.94
2007-03-06,24.66,24.76,24.63,24.66,9800,11.92
2007-03-05,24.80,24.80,24.62,24.70,5900,11.94
2007-03-02,24.74,24.75,24.64,24.71,1200,11.94
2007-03-01,24.67,24.73,24.60,24.67,7300,11.92
2007-02-28,24.65,24.74,24.65,24.73,3400,11.95
2007-02-27,24.65,24.75,24.65,24.70,5100,11.94
2007-02-26,24.65,24.70,24.64,24.65,4300,11.91
2007-02-23,24.72,24.76,24.66,24.66,5500,11.92
2007-02-22,24.69,24.75,24.65,24.72,7100,11.95
2007-02-21,24.79,24.90,24.68,24.71,6500,11.94
2007-02-20,24.71,24.89,24.66,24.78,9500,11.98
2007-02-16,24.76,24.80,24.72,24.80,3100,11.99
2007-02-15,24.76,24.89,24.74,24.83,5200,12.00
2007-02-14,24.64,24.91,24.64,24.89,12400,12.03
2007-02-13,24.75,24.87,24.65,24.72,5300,11.95
2007-02-12,24.86,24.86,24.61,24.71,10000,11.94
2007-02-09,24.87,24.87,24.78,24.86,2000,12.02
2007-02-08,24.83,24.88,24.71,24.81,4600,11.99
2007-02-07,24.82,24.91,24.82,24.83,3400,12.00
2007-02-06,24.85,24.85,24.78,24.85,2700,12.01
2007-02-05,24.84,24.95,24.83,24.95,9600,12.06
2007-02-02,24.88,24.88,24.71,24.81,15300,11.99
2007-02-01,24.71,24.85,24.50,24.75,16000,11.96
2007-01-31,24.90,24.99,24.63,24.67,13600,11.92
2007-01-30,24.71,24.95,24.71,24.80,5300,11.99
2007-01-29,24.71,24.89,24.71,24.80,7500,11.99
2007-01-26,24.64,24.73,24.56,24.67,4500,11.92
2007-01-25,24.65,24.73,24.65,24.70,3200,11.94
2007-01-24,24.60,24.85,24.60,24.66,7100,11.92
2007-01-23,24.76,24.77,24.56,24.69,10200,11.93
2007-01-22,24.56,24.85,24.56,24.85,6500,12.01
2007-01-19,24.57,24.74,24.48,24.59,14500,11.88
2007-01-18,24.74,24.74,24.52,24.52,20200,11.85
2007-01-17,24.64,24.95,24.61,24.65,7600,11.91
2007-01-16,24.67,24.99,24.52,24.61,16300,11.89
2007-01-12,24.48,25.02,24.48,24.65,9100,11.91
2007-01-11,24.97,25.02,24.96,24.96,5100,11.84
2007-01-10,25.00,25.10,24.95,25.10,4900,11.90
2007-01-09,25.00,25.04,24.90,24.90,5800,11.81
2007-01-08,24.97,25.00,24.90,25.00,4800,11.86
2007-01-05,24.95,24.99,24.55,24.92,10200,11.82
2007-01-04,24.98,24.99,24.95,24.96,3900,11.84
2007-01-03,24.85,25.00,24.81,24.98,9100,11.85
2006-12-29,24.81,24.94,24.73,24.94,1600,11.83
2006-12-28,24.85,24.85,24.60,24.83,5200,11.78
2006-12-27,24.72,24.85,24.72,24.85,3100,11.78
2006-12-26,24.81,24.81,24.70,24.77,6900,11.75
2006-12-22,24.75,24.81,24.75,24.81,2600,11.77
2006-12-21,24.78,24.81,24.66,24.73,6700,11.73
2006-12-20,24.71,24.78,24.65,24.78,2500,11.75
2006-12-19,24.76,24.76,24.70,24.72,2500,11.72
2006-12-18,24.79,24.82,24.75,24.80,4400,11.76
2006-12-15,24.64,24.82,24.64,24.79,4500,11.76
2006-12-14,24.64,24.75,24.64,24.71,5300,11.72
2006-12-13,24.58,24.73,24.58,24.64,6400,11.69
2006-12-12,24.73,24.74,24.56,24.65,9000,11.69
2006-12-11,24.69,24.79,24.61,24.71,3200,11.72
2006-12-08,24.60,24.79,24.60,24.75,6500,11.74
2006-12-07,24.59,24.73,24.59,24.64,7100,11.69
2006-12-06,24.72,24.79,24.68,24.79,4100,11.76
2006-12-05,24.75,24.78,24.66,24.71,7000,11.72
2006-12-04,24.77,24.80,24.70,24.75,11900,11.74
2006-12-01,24.71,24.77,24.71,24.76,1900,11.74
2006-11-30,24.66,24.78,24.65,24.73,5200,11.73
2006-11-29,24.82,24.82,24.66,24.67,2800,11.70
2006-11-28,24.79,24.80,24.66,24.68,8800,11.70
2006-11-27,24.75,24.79,24.67,24.78,7100,11.75
2006-11-24,24.79,24.79,24.79,24.79,400,11.76
2006-11-22,24.65,24.77,24.61,24.77,7300,11.75
2006-11-21,24.61,24.78,24.61,24.65,7800,11.69
2006-11-20,24.65,24.68,24.51,24.67,2600,11.70
2006-11-17,24.56,24.61,24.50,24.60,5800,11.67
2006-11-16,24.65,24.69,24.50,24.56,11000,11.65
2006-11-15,24.95,24.95,24.60,24.65,5700,11.69
2006-11-14,24.61,24.94,24.61,24.80,6100,11.76
2006-11-13,24.65,24.78,24.57,24.61,4800,11.67
2006-11-10,24.60,24.67,24.56,24.65,2800,11.69
2006-11-09,24.70,24.91,24.53,24.67,5000,11.70
2006-11-08,24.75,24.75,24.55,24.70,4500,11.71
2006-11-07,24.76,24.84,24.56,24.84,5500,11.78
2006-11-06,24.80,24.95,24.55,24.95,16300,11.83
2006-11-03,24.60,24.80,24.60,24.69,4100,11.71
2006-11-02,24.65,24.76,24.50,24.60,12000,11.67
2006-11-01,24.41,24.59,24.41,24.57,10300,11.65
2006-10-31,24.59,24.60,24.50,24.50,4100,11.62
2006-10-30,24.55,24.78,24.50,24.55,5300,11.64
2006-10-27,24.57,24.80,24.51,24.65,7700,11.69
2006-10-26,24.45,24.84,24.45,24.82,13800,11.77
2006-10-25,24.65,24.65,24.33,24.60,9500,11.67
2006-10-24,24.61,24.77,24.61,24.77,4800,11.75
2006-10-23,24.60,24.69,24.60,24.66,3100,11.69
2006-10-20,24.55,24.60,24.36,24.37,9000,11.56
2006-10-19,24.61,24.61,24.54,24.60,3000,11.67
2006-10-18,24.79,24.79,24.60,24.60,6200,11.67
2006-10-17,24.30,24.80,24.30,24.78,2700,11.75
2006-10-16,24.47,24.71,24.28,24.49,8000,11.61
2006-10-13,24.15,24.52,24.12,24.50,14600,11.62
2006-10-12,24.75,25.12,24.62,24.82,13400,11.55
2006-10-11,24.55,24.75,24.55,24.75,12900,11.52
2006-10-10,24.59,24.60,24.51,24.60,3200,11.45
2006-10-09,24.60,24.60,24.50,24.59,8300,11.44
2006-10-06,24.55,24.60,24.52,24.60,6000,11.45
2006-10-05,24.52,24.52,24.52,24.52,1600,11.41
2006-10-04,24.52,24.74,24.46,24.52,9900,11.41
2006-10-03,24.71,24.72,24.53,24.60,3300,11.45
2006-10-02,24.70,24.75,24.55,24.55,4500,11.42
2006-09-29,24.46,24.70,24.37,24.70,6200,11.49
2006-09-28,24.31,24.46,24.30,24.40,11000,11.35
2006-09-27,24.41,24.69,24.31,24.32,14400,11.32
2006-09-26,24.45,24.60,24.40,24.40,5800,11.35
2006-09-25,24.50,24.60,24.30,24.55,7800,11.42
2006-09-22,24.60,24.60,24.45,24.60,1200,11.45
2006-09-21,24.38,24.70,24.38,24.60,7600,11.45
2006-09-20,24.40,24.69,24.38,24.38,5300,11.34
2006-09-19,24.34,24.60,24.34,24.50,2200,11.40
2006-09-18,24.68,24.68,24.32,24.37,3400,11.34
2006-09-15,24.55,24.69,24.35,24.61,3500,11.45
2006-09-14,24.32,24.53,24.24,24.46,6300,11.38
2006-09-13,24.44,24.54,24.31,24.33,4500,11.32
2006-09-12,24.50,24.60,24.30,24.54,8100,11.42
2006-09-11,24.31,24.70,24.30,24.50,10300,11.40
2006-09-08,24.30,24.56,24.30,24.45,5600,11.38
2006-09-07,24.27,24.55,24.16,24.39,22100,11.35
2006-09-06,24.55,24.55,24.15,24.42,6100,11.36
2006-09-05,24.42,24.60,24.37,24.44,6100,11.37
2006-09-01,24.59,24.59,24.35,24.41,5900,11.36
2006-08-31,24.50,24.58,24.32,24.42,5600,11.36
2006-08-30,24.45,24.50,24.44,24.45,3900,11.38
2006-08-29,24.40,24.50,24.21,24.45,11400,11.38
2006-08-28,24.25,24.50,24.12,24.36,9300,11.33
2006-08-25,24.09,24.30,24.03,24.28,10300,11.30
2006-08-24,24.10,24.19,24.08,24.09,2600,11.21
2006-08-23,24.10,24.45,24.10,24.10,10400,11.21
2006-08-22,24.19,24.19,24.06,24.08,8800,11.20
2006-08-21,23.96,24.15,23.96,24.15,8000,11.24
2006-08-18,24.09,24.10,24.00,24.10,7800,11.21
2006-08-17,24.09,24.09,23.96,24.09,2700,11.21
2006-08-16,24.10,24.10,23.93,24.01,6800,11.17
2006-08-15,23.91,24.09,23.90,24.01,9600,11.17
2006-08-14,23.90,24.02,23.90,23.90,7600,11.12
2006-08-11,24.09,24.09,23.90,24.00,7300,11.17
2006-08-10,23.94,24.09,23.94,24.08,3400,11.20
2006-08-09,23.81,24.10,23.81,24.10,8000,11.21
2006-08-08,23.85,23.98,23.75,23.95,5700,11.14
2006-08-07,23.76,23.85,23.71,23.85,9100,11.10
2006-08-04,23.85,23.85,23.76,23.85,3300,11.10
2006-08-03,23.98,23.98,23.79,23.85,10900,11.10
2006-08-02,23.83,23.99,23.71,23.99,10500,11.16
2006-08-01,23.71,23.81,23.71,23.81,2400,11.08
2006-07-31,23.71,23.82,23.65,23.77,8400,11.06
2006-07-28,23.76,23.84,23.75,23.75,8300,11.05
2006-07-27,23.81,23.85,23.76,23.76,3100,11.05
2006-07-26,23.90,23.99,23.80,23.95,4400,11.14
2006-07-25,23.85,23.99,23.75,23.75,11500,11.05
2006-07-24,23.85,23.85,23.76,23.77,3700,11.06
2006-07-21,23.80,23.85,23.76,23.85,7400,11.10
2006-07-20,23.85,23.85,23.80,23.85,3000,11.10
2006-07-19,23.85,23.85,23.75,23.83,3600,11.09
2006-07-18,23.70,23.85,23.70,23.85,13700,11.10
2006-07-17,23.92,23.92,23.80,23.80,3200,11.07
2006-07-14,23.95,23.97,23.69,23.80,5400,11.07
2006-07-13,23.95,23.98,23.76,23.76,9800,11.05
2006-07-12,24.29,24.43,24.27,24.35,11800,11.11
2006-07-11,24.44,24.44,24.28,24.41,6700,11.14
2006-07-10,24.30,24.41,24.26,24.41,3600,11.14
2006-07-07,24.36,24.45,24.25,24.25,9600,11.07
2006-07-06,24.22,24.39,24.20,24.37,6500,11.12
2006-07-05,24.30,24.39,24.23,24.39,1700,11.13
2006-07-03,24.07,24.38,24.07,24.31,6200,11.09
2006-06-30,24.10,24.25,24.04,24.10,3000,11.00
2006-06-29,24.29,24.29,24.06,24.15,9100,11.02
2006-06-28,24.30,24.50,24.00,24.50,7300,11.18
2006-06-27,24.10,24.50,24.10,24.30,9000,11.09
2006-06-26,24.20,26.17,24.10,24.15,4700,11.02
2006-06-23,24.31,24.37,24.10,24.34,5500,11.11
2006-06-22,24.20,24.35,24.14,24.22,4100,11.05
2006-06-21,24.05,24.60,24.00,24.39,4900,11.13
2006-06-20,24.51,24.60,24.05,24.06,7400,10.98
2006-06-19,24.42,24.75,24.25,24.26,9900,11.07
2006-06-16,24.25,24.42,24.09,24.42,6100,11.14
2006-06-15,24.14,24.38,23.92,24.00,5200,10.95
2006-06-14,24.00,24.19,23.92,24.15,12600,11.02
2006-06-13,24.09,24.40,24.05,24.10,2500,11.00
2006-06-12,23.93,24.20,23.93,24.05,8000,10.97
2006-06-09,24.15,24.15,23.90,23.93,4500,10.92
2006-06-08,24.35,24.42,23.80,24.42,12200,11.14
2006-06-07,24.35,24.41,23.82,24.25,9500,11.07
2006-06-06,24.35,24.40,24.16,24.35,5000,11.11
2006-06-05,24.39,24.44,24.16,24.39,12500,11.13
2006-06-02,24.14,24.20,24.05,24.20,3000,11.04
2006-06-01,24.00,24.14,24.00,24.01,5700,10.96
2006-05-31,23.80,24.44,23.80,24.22,14800,11.05
2006-05-30,23.90,23.90,23.75,23.80,7900,10.86
2006-05-26,23.52,23.83,23.52,23.80,4600,10.86
2006-05-25,24.00,24.00,23.56,23.56,5200,10.75
2006-05-24,23.54,24.05,23.54,23.75,5000,10.84
2006-05-23,24.10,24.25,23.65,23.69,5800,10.81
2006-05-22,24.07,24.25,23.95,24.25,6400,11.07
2006-05-19,23.56,24.05,23.50,23.76,11000,10.84
2006-05-18,23.50,23.80,23.50,23.70,3600,10.81
2006-05-17,23.95,23.95,23.28,23.60,13600,10.77
2006-05-16,23.90,24.08,23.81,23.91,3900,10.91
2006-05-15,23.90,24.13,23.75,23.91,5700,10.91
2006-05-12,23.93,24.15,23.80,24.00,4500,10.95
2006-05-11,23.80,23.99,23.80,23.92,2100,10.91
2006-05-10,24.05,24.05,23.81,23.85,6100,10.88
2006-05-09,24.15,24.25,23.85,23.90,12800,10.91
2006-05-08,24.20,24.24,24.01,24.20,2400,11.04
2006-05-05,23.75,24.25,23.75,24.00,14400,10.95
2006-05-04,24.10,24.20,23.90,23.90,8600,10.91
2006-05-03,24.00,24.24,24.00,24.05,5600,10.97
2006-05-02,24.20,24.24,23.84,24.00,7900,10.95
2006-05-01,24.00,24.09,23.81,24.00,4000,10.95
2006-04-28,24.00,24.09,24.00,24.00,5600,10.95
2006-04-27,23.98,23.99,23.76,23.90,7500,10.91
2006-04-26,23.76,24.00,23.76,23.93,5100,10.92
2006-04-25,23.95,24.15,23.76,23.78,10600,10.85
2006-04-24,24.00,24.10,23.85,24.10,2600,11.00
2006-04-21,24.01,24.15,24.00,24.15,3100,11.02
2006-04-20,24.02,24.02,23.93,24.00,1700,10.95
2006-04-19,24.00,24.20,23.85,23.90,4300,10.91
2006-04-18,24.08,24.25,23.83,23.83,4400,10.87
2006-04-17,24.25,24.25,23.82,24.00,5800,10.95
2006-04-13,24.24,24.24,23.82,24.09,6700,10.99
2006-04-12,23.95,24.24,23.82,24.10,6200,11.00
2006-04-11,24.05,24.35,23.70,23.92,6900,10.91
2006-04-10,24.30,24.51,24.30,24.51,9100,10.97
2006-04-07,24.40,24.44,24.22,24.30,5000,10.88
2006-04-06,24.29,24.44,24.29,24.40,3600,10.92
2006-04-05,24.30,24.40,24.29,24.30,7400,10.88
2006-04-04,24.40,24.50,24.24,24.36,6000,10.90
2006-04-03,24.11,24.49,24.10,24.49,7600,10.96
2006-03-31,24.34,24.49,24.04,24.11,10300,10.79
2006-03-30,24.40,24.62,24.39,24.50,6200,10.97
2006-03-29,24.45,24.53,24.30,24.52,7800,10.97
2006-03-28,24.40,24.60,24.25,24.60,4800,11.01
2006-03-27,24.51,24.70,24.40,24.50,5800,10.97
2006-03-24,24.45,24.66,24.45,24.60,7100,11.01
2006-03-23,24.45,24.58,24.35,24.50,7900,10.97
2006-03-22,24.15,24.50,24.15,24.50,7000,10.97
2006-03-21,24.15,24.48,24.11,24.13,7700,10.80
2006-03-20,24.55,24.59,24.25,24.30,9500,10.88
2006-03-17,24.45,24.54,24.36,24.45,4500,10.94
2006-03-16,24.53,24.60,24.30,24.38,7400,10.91
2006-03-15,24.60,24.69,24.50,24.68,6400,11.05
2006-03-14,24.70,24.75,24.57,24.70,5500,11.06
2006-03-13,24.50,24.71,24.45,24.60,6600,11.01
2006-03-10,24.50,24.67,24.35,24.67,5100,11.04
2006-03-09,24.60,24.79,24.32,24.43,5500,10.93
2006-03-08,24.60,24.74,24.60,24.65,5400,11.03
2006-03-07,24.70,24.86,24.55,24.80,6500,11.10
2006-03-06,24.60,24.75,24.32,24.75,12400,11.08
2006-03-03,24.60,24.75,24.40,24.70,5100,11.06
2006-03-02,24.67,24.94,24.63,24.77,9900,11.09
2006-03-01,24.70,24.75,24.60,24.61,6400,11.01
2006-02-28,24.60,24.85,24.55,24.60,10900,11.01
2006-02-27,24.30,24.62,24.30,24.60,7000,11.01
2006-02-24,24.30,24.45,24.30,24.32,3500,10.89
2006-02-23,24.45,24.50,24.24,24.50,7800,10.97
2006-02-22,24.22,24.56,24.22,24.56,6400,10.99
2006-02-21,24.30,24.59,24.20,24.46,12500,10.95
2006-02-17,24.20,24.49,24.06,24.25,6600,10.85
2006-02-16,24.05,24.13,23.95,24.13,10200,10.80
2006-02-15,24.31,24.31,24.01,24.15,4100,10.81
2006-02-14,24.25,24.31,24.08,24.30,3000,10.88
2006-02-13,24.18,24.35,24.11,24.11,8400,10.79
2006-02-10,24.18,24.22,24.00,24.20,7900,10.83
2006-02-09,24.20,24.25,24.10,24.11,5300,10.79
2006-02-08,24.19,24.22,24.11,24.22,2700,10.84
2006-02-07,24.08,24.20,23.88,24.10,5300,10.79
2006-02-06,24.05,24.30,23.95,24.09,4600,10.78
2006-02-03,24.00,24.09,23.91,24.00,4900,10.74
2006-02-02,24.25,24.34,24.00,24.00,8600,10.74
2006-02-01,24.05,24.25,24.00,24.08,5800,10.78
2006-01-31,24.15,24.15,24.05,24.05,7900,10.76
2006-01-30,24.01,24.15,24.00,24.15,4100,10.81
2006-01-27,24.09,24.15,24.01,24.05,4600,10.76
2006-01-26,24.07,24.09,24.00,24.09,3400,10.78
2006-01-25,24.00,24.10,24.00,24.06,3300,10.77
2006-01-24,23.94,24.04,23.75,24.00,8800,10.74
2006-01-23,24.00,24.09,23.86,24.04,4600,10.76
2006-01-20,24.05,24.19,23.90,23.90,5300,10.70
2006-01-19,23.90,24.20,23.90,23.91,4400,10.70
2006-01-18,24.25,24.25,23.85,23.85,4600,10.67
2006-01-17,23.98,24.30,23.98,24.15,5500,10.81
2006-01-13,24.00,24.00,23.86,23.98,2600,10.73
2006-01-12,23.83,23.99,23.70,23.95,9300,10.72
2006-01-11,24.15,24.24,24.05,24.20,8700,10.62
2006-01-10,24.10,24.25,23.98,24.25,13100,10.64
2006-01-09,24.00,24.20,24.00,24.15,4000,10.60
2006-01-06,24.20,24.20,24.01,24.20,6000,10.62
2006-01-05,24.10,24.20,24.10,24.20,3300,10.62
2006-01-04,24.11,24.19,23.95,24.19,7900,10.62
2006-01-03,24.00,24.19,24.00,24.10,3200,10.58
2005-12-30,24.19,24.19,23.90,24.00,3900,10.53
2005-12-29,23.87,24.19,23.87,24.01,2200,10.54
2005-12-28,23.77,23.99,23.77,23.87,3100,10.48
2005-12-27,23.77,23.88,23.77,23.77,6600,10.43
2005-12-23,23.90,23.92,23.77,23.78,6600,10.44
2005-12-22,23.89,24.15,23.83,23.83,7700,10.46
2005-12-21,24.05,24.15,23.90,23.99,3000,10.53
2005-12-20,23.78,24.19,23.77,23.95,9100,10.51
2005-12-19,23.84,23.92,23.77,23.77,3800,10.43
2005-12-16,23.79,23.95,23.79,23.84,2600,10.46
2005-12-15,23.85,23.93,23.77,23.93,9100,10.50
2005-12-14,24.00,24.00,23.76,23.95,6700,10.51
2005-12-13,24.00,24.20,23.97,24.05,5800,10.56
2005-12-12,23.85,23.96,23.76,23.96,6400,10.52
2005-12-09,23.99,24.00,23.76,23.84,10200,10.46
2005-12-08,24.00,24.00,23.83,23.91,7300,10.49
2005-12-07,24.24,24.24,23.91,24.24,5100,10.64
2005-12-06,24.21,24.35,24.15,24.21,6000,10.63
2005-12-05,24.10,24.29,24.10,24.24,5800,10.64
2005-12-02,24.05,24.25,23.94,24.15,6200,10.60
2005-12-01,23.86,24.05,23.83,23.99,6100,10.53
2005-11-30,24.00,24.05,23.85,23.89,4700,10.49
2005-11-29,23.90,24.05,23.85,23.90,7900,10.49
2005-11-28,23.90,23.95,23.77,23.95,4300,10.51
2005-11-25,23.52,23.80,23.52,23.80,7500,10.45
2005-11-23,23.60,23.62,23.50,23.53,7600,10.33
2005-11-22,23.65,23.81,23.60,23.60,6500,10.36
2005-11-21,23.78,24.00,23.65,23.70,5500,10.40
2005-11-18,23.64,23.80,23.60,23.75,3700,10.42
2005-11-17,23.40,23.73,23.37,23.70,8500,10.40
2005-11-16,23.60,23.70,23.50,23.51,6900,10.32
2005-11-15,23.50,23.75,23.40,23.56,11900,10.34
2005-11-14,23.70,23.70,23.51,23.51,5300,10.32
2005-11-11,23.50,23.65,23.50,23.65,8000,10.38
2005-11-10,23.70,23.70,23.56,23.61,8100,10.36
2005-11-09,23.80,23.80,23.50,23.61,9800,10.36
2005-11-08,23.70,23.90,23.66,23.71,5300,10.41
2005-11-07,24.08,24.08,23.81,23.81,6500,10.45
2005-11-04,23.85,23.88,23.70,23.88,7000,10.48
2005-11-03,23.80,23.86,23.72,23.86,4000,10.47
2005-11-02,23.79,23.90,23.75,23.90,7500,10.49
2005-11-01,23.79,23.79,23.71,23.79,2700,10.44
2005-10-31,23.90,24.05,23.70,23.76,6900,10.43
2005-10-28,23.80,23.90,23.76,23.89,4800,10.49
2005-10-27,23.91,23.91,23.85,23.90,4600,10.49
2005-10-26,23.81,23.91,23.81,23.91,4700,10.49
2005-10-25,24.00,24.00,23.80,23.80,4100,10.45
2005-10-24,23.71,24.00,23.71,24.00,6800,10.53
2005-10-21,23.80,23.89,23.70,23.80,10700,10.45
2005-10-20,24.00,24.00,23.80,23.85,5900,10.47
2005-10-19,23.90,23.95,23.75,23.95,4500,10.51
2005-10-18,23.95,23.95,23.81,23.87,4400,10.48
2005-10-17,24.00,24.25,23.95,24.10,6000,10.58
2005-10-14,24.25,24.25,23.98,24.00,5400,10.53
2005-10-13,23.95,24.20,23.87,24.20,5300,10.62
2005-10-12,24.52,24.68,24.40,24.43,5800,10.52
2005-10-11,24.56,24.70,24.50,24.55,7000,10.57
2005-10-10,24.51,24.60,24.50,24.55,4400,10.57
2005-10-07,24.48,24.48,24.40,24.42,800,10.51
2005-10-06,24.25,24.45,24.25,24.44,3400,10.52
2005-10-05,24.48,24.50,24.25,24.25,4800,10.44
2005-10-04,24.39,24.55,24.30,24.38,9300,10.50
2005-10-03,24.65,24.69,24.39,24.39,8400,10.50
2005-09-30,24.47,24.75,24.47,24.70,7600,10.63
2005-09-29,24.20,24.49,24.10,24.49,3800,10.54
2005-09-28,24.17,24.28,24.07,24.20,8800,10.42
2005-09-27,24.30,24.45,24.11,24.17,10900,10.40
2005-09-26,24.12,24.29,24.10,24.29,6300,10.46
2005-09-23,24.00,24.17,24.00,24.13,3700,10.39
2005-09-22,24.05,24.20,24.05,24.07,6100,10.36
2005-09-21,24.26,24.30,24.01,24.10,10400,10.37
2005-09-20,24.50,24.50,24.27,24.27,8600,10.45
2005-09-19,24.75,24.78,24.52,24.55,3100,10.57
2005-09-16,24.90,24.90,24.65,24.65,4300,10.61
2005-09-15,24.72,24.85,24.56,24.85,4700,10.70
2005-09-14,24.73,24.89,24.61,24.66,9400,10.62
2005-09-13,24.46,24.75,24.46,24.66,7300,10.62
2005-09-12,24.70,24.70,24.50,24.58,5000,10.58
2005-09-09,24.52,24.70,24.51,24.68,4100,10.62
2005-09-08,24.60,24.67,24.52,24.52,3600,10.56
2005-09-07,24.60,24.67,24.55,24.66,1700,10.62
2005-09-06,24.56,24.62,24.52,24.62,7200,10.60
2005-09-02,24.53,24.60,24.53,24.55,1500,10.57
2005-09-01,24.65,24.73,24.51,24.51,4000,10.55
2005-08-31,24.61,24.71,24.55,24.55,6700,10.57
2005-08-30,24.75,24.75,24.51,24.60,7000,10.59
2005-08-29,24.40,24.74,24.40,24.62,4100,10.60
2005-08-26,24.51,24.59,24.50,24.50,4700,10.55
2005-08-25,24.52,24.65,24.42,24.50,4400,10.55
2005-08-24,24.36,24.57,24.35,24.52,6500,10.56
2005-08-23,24.55,24.66,24.40,24.40,6400,10.50
2005-08-22,24.68,24.68,24.55,24.61,6500,10.59
2005-08-19,24.59,24.59,24.50,24.58,7900,10.58
2005-08-18,24.55,24.65,24.55,24.60,2700,10.59
2005-08-17,24.50,24.70,24.50,24.64,4300,10.61
2005-08-16,24.51,24.62,24.51,24.56,2300,10.57
2005-08-15,24.63,24.66,24.51,24.51,4300,10.55
2005-08-12,24.55,24.79,24.52,24.60,10800,10.59
2005-08-11,24.70,24.73,24.56,24.65,6300,10.61
2005-08-10,24.61,24.78,24.60,24.60,2700,10.59
2005-08-09,24.60,24.70,24.55,24.60,13400,10.59
2005-08-08,24.60,24.60,24.50,24.51,2300,10.55
2005-08-05,24.60,24.69,24.55,24.66,2500,10.62
2005-08-04,24.60,24.73,24.50,24.61,3900,10.59
2005-08-03,24.75,24.75,24.55,24.55,5600,10.57
2005-08-02,24.65,24.76,24.65,24.70,7900,10.63
2005-08-01,24.55,24.55,24.49,24.50,3900,10.55
2005-07-29,24.60,24.70,24.49,24.55,13700,10.57
2005-07-28,24.60,24.75,24.51,24.51,6300,10.55
2005-07-27,24.50,24.57,24.40,24.55,11400,10.57
2005-07-26,24.40,24.46,24.35,24.41,10800,10.51
2005-07-25,24.50,24.54,24.35,24.44,19900,10.52
2005-07-22,24.30,24.55,24.30,24.39,4200,10.50
2005-07-21,24.15,24.30,24.11,24.28,13400,10.45
2005-07-20,24.11,24.20,24.03,24.14,6500,10.39
2005-07-19,24.18,24.33,24.18,24.19,6600,10.41
2005-07-18,24.18,24.40,24.09,24.18,11900,10.41
2005-07-15,24.10,24.25,24.09,24.12,7500,10.38
2005-07-14,24.55,24.65,24.20,24.25,9900,10.44
2005-07-13,24.40,24.68,24.40,24.61,4100,10.59
2005-07-12,24.73,24.91,24.68,24.90,10400,10.52
2005-07-11,24.72,24.81,24.69,24.73,4100,10.45
2005-07-08,24.63,24.74,24.63,24.67,3100,10.42
2005-07-07,24.65,24.69,24.62,24.62,7300,10.40
2005-07-06,24.59,24.69,24.56,24.65,6600,10.41
2005-07-05,24.60,24.65,24.50,24.60,3300,10.39
2005-07-01,24.60,24.69,24.50,24.51,6400,10.35
2005-06-30,24.51,24.75,24.50,24.50,8600,10.35
2005-06-29,24.65,24.75,24.51,24.51,5100,10.35
2005-06-28,24.40,24.75,24.36,24.70,4600,10.43
2005-06-27,24.40,24.51,24.40,24.49,3300,10.34
2005-06-24,24.50,24.59,24.35,24.50,5900,10.35
2005-06-23,24.50,24.59,24.36,24.51,7500,10.35
2005-06-22,24.50,24.60,24.35,24.36,8300,10.29
2005-06-21,24.51,24.61,24.50,24.55,3800,10.37
2005-06-20,24.50,24.59,24.35,24.59,3500,10.39
2005-06-17,24.57,24.64,24.29,24.45,7100,10.33
2005-06-16,24.37,24.50,24.35,24.47,6600,10.34
2005-06-15,24.60,24.60,24.30,24.50,8200,10.35
2005-06-14,24.65,24.74,24.25,24.50,8600,10.35
2005-06-13,24.36,24.60,24.35,24.60,8500,10.39
2005-06-10,24.35,24.50,24.35,24.45,8500,10.33
2005-06-09,24.02,24.40,24.01,24.35,15200,10.28
2005-06-08,24.09,24.09,23.97,24.07,9400,10.17
2005-06-07,24.00,24.10,24.00,24.09,2100,10.17
2005-06-06,24.10,24.10,23.90,24.04,6300,10.15
2005-06-03,23.98,24.10,23.98,24.10,1900,10.18
2005-06-02,24.05,24.05,23.70,23.95,9900,10.12
2005-06-01,24.19,24.19,24.00,24.08,3900,10.17
2005-05-31,24.10,24.25,23.90,24.20,8600,10.22
2005-05-27,23.80,24.05,23.70,24.05,6700,10.16
2005-05-26,23.75,24.05,23.75,23.85,9700,10.07
2005-05-25,24.00,24.00,23.72,23.90,10100,10.09
2005-05-24,24.10,24.12,23.85,24.00,12800,10.14
2005-05-23,24.21,24.59,24.11,24.35,15600,10.28
2005-05-20,23.85,23.96,23.65,23.96,7900,10.12
2005-05-19,24.00,24.00,23.72,23.80,6900,10.05
2005-05-18,24.25,24.25,23.90,23.94,9200,10.11
2005-05-17,23.83,24.20,23.80,24.10,10800,10.18
2005-05-16,23.70,23.88,23.66,23.79,4700,10.05
2005-05-13,23.85,23.85,23.66,23.80,6700,10.05
2005-05-12,24.00,24.20,23.81,23.95,8000,10.12
2005-05-11,23.66,24.04,23.66,24.04,4000,10.15
2005-05-10,23.77,23.90,23.45,23.60,6600,9.97
2005-05-09,23.58,23.65,23.49,23.52,5400,9.93
2005-05-06,23.53,23.58,23.43,23.58,6200,9.96
2005-05-05,23.34,23.45,23.30,23.45,8200,9.90
2005-05-04,23.15,23.33,23.15,23.33,9800,9.85
2005-05-03,23.26,23.27,23.06,23.09,12600,9.75
2005-05-02,23.15,23.24,23.12,23.13,9400,9.77
2005-04-29,23.28,23.30,23.15,23.25,7000,9.82
2005-04-28,23.12,23.33,23.11,23.18,4400,9.79
2005-04-27,23.11,23.28,23.10,23.28,8200,9.83
2005-04-26,23.10,23.33,23.10,23.10,11100,9.76
2005-04-25,23.19,23.33,23.16,23.19,2800,9.79
2005-04-22,23.00,23.31,23.00,23.16,6800,9.78
2005-04-21,23.10,23.10,22.75,23.00,16000,9.71
2005-04-20,23.15,23.22,23.02,23.18,7900,9.79
2005-04-19,23.25,23.30,23.11,23.11,8200,9.76
2005-04-18,23.26,23.35,23.26,23.35,8800,9.86
2005-04-15,23.50,23.50,23.25,23.25,6900,9.82
2005-04-14,23.30,23.39,23.25,23.35,8700,9.86
2005-04-13,23.45,23.49,23.21,23.37,8800,9.87
2005-04-12,23.76,23.94,23.61,23.84,8700,9.87
2005-04-11,23.88,23.94,23.41,23.75,6200,9.83
2005-04-08,23.48,23.84,23.33,23.80,9900,9.85
2005-04-07,23.45,23.48,23.20,23.48,8200,9.72
2005-04-06,23.55,23.59,23.40,23.40,9900,9.69
2005-04-05,23.60,23.65,23.55,23.55,16800,9.75
2005-04-04,23.70,23.70,23.58,23.60,4500,9.77
2005-04-01,23.68,23.70,23.59,23.70,5900,9.81
2005-03-31,23.75,23.75,23.56,23.65,14700,9.79
2005-03-30,23.61,23.70,23.55,23.65,16400,9.79
2005-03-29,23.51,23.75,23.51,23.75,12900,9.83
2005-03-28,23.84,23.93,23.60,23.62,17100,9.78
2005-03-24,24.05,24.05,23.63,23.83,22900,9.87
2005-03-23,24.50,24.59,24.15,24.21,19100,10.02
2005-03-22,24.55,24.68,24.51,24.51,5800,10.15
2005-03-21,24.51,24.66,24.51,24.55,4100,10.17
2005-03-18,24.51,24.66,24.51,24.51,3100,10.15
2005-03-17,24.51,24.67,24.50,24.51,11800,10.15
2005-03-16,24.60,24.69,24.53,24.55,9900,10.17
2005-03-15,24.56,24.68,24.51,24.67,11700,10.21
2005-03-14,24.61,24.61,24.51,24.56,3900,10.17
2005-03-11,24.57,24.73,24.56,24.72,3700,10.24
2005-03-10,24.56,24.74,24.56,24.61,8800,10.19
2005-03-09,24.72,24.72,24.54,24.71,10500,10.23
2005-03-08,24.61,24.74,24.60,24.67,14900,10.21
2005-03-07,24.75,24.99,24.60,24.66,9300,10.21
2005-03-04,24.80,24.99,24.57,24.99,21500,10.35
2005-03-03,24.80,24.85,24.70,24.74,8700,10.24
2005-03-02,24.75,24.86,24.65,24.82,18800,10.28
2005-03-01,24.72,24.98,24.71,24.76,8700,10.25
2005-02-28,24.98,24.98,24.66,24.75,12200,10.25
2005-02-25,24.65,24.99,24.65,24.99,12900,10.35
2005-02-24,24.55,24.69,24.53,24.65,5100,10.21
2005-02-23,24.74,24.76,24.53,24.53,8800,10.16
2005-02-22,24.68,24.74,24.52,24.61,8000,10.19
2005-02-18,24.70,24.78,24.61,24.78,6200,10.26
2005-02-17,24.86,24.86,24.68,24.71,7200,10.23
2005-02-16,24.95,24.95,24.80,24.80,9300,10.27
2005-02-15,24.93,25.00,24.78,24.95,12100,10.33
2005-02-14,24.74,24.92,24.73,24.90,8800,10.31
2005-02-11,24.83,24.88,24.81,24.87,5100,10.30
2005-02-10,24.90,24.94,24.85,24.88,3900,10.30
2005-02-09,24.85,24.95,24.84,24.84,11300,10.29
2005-02-08,24.92,24.94,24.85,24.94,5700,10.33
2005-02-07,24.88,24.93,24.88,24.92,1100,10.32
2005-02-04,24.70,24.90,24.70,24.73,8900,10.24
2005-02-03,24.95,24.95,24.69,24.69,9900,10.22
2005-02-02,24.90,24.94,24.80,24.94,5200,10.33
2005-02-01,24.81,24.91,24.80,24.84,5600,10.29
2005-01-31,24.94,24.94,24.77,24.93,5000,10.32
2005-01-28,24.89,24.95,24.89,24.89,6500,10.31
2005-01-27,24.79,24.94,24.79,24.89,10100,10.31
2005-01-26,24.80,24.94,24.74,24.74,14700,10.24
2005-01-25,24.73,24.79,24.63,24.75,11600,10.25
2005-01-24,24.62,24.85,24.61,24.73,13600,10.24
2005-01-21,24.84,24.84,24.61,24.61,5800,10.19
2005-01-20,24.90,24.90,24.60,24.85,14800,10.29
2005-01-19,24.55,24.66,24.55,24.65,7800,10.21
2005-01-18,24.65,24.65,24.51,24.55,12700,10.17
2005-01-14,24.55,24.69,24.42,24.67,10000,10.21
2005-01-13,24.52,24.67,24.37,24.45,9300,10.12
2005-01-12,24.67,24.67,24.50,24.51,13800,10.15
2005-01-11,24.95,24.99,24.81,24.96,10300,10.14
2005-01-10,24.87,24.90,24.73,24.89,7100,10.11
2005-01-07,24.85,24.90,24.70,24.77,12900,10.06
2005-01-06,24.82,24.85,24.76,24.85,6400,10.10
2005-01-05,24.75,24.85,24.63,24.76,13100,10.06
2005-01-04,24.84,24.85,24.69,24.69,10900,10.03
2005-01-03,24.82,24.83,24.69,24.80,7300,10.08
2004-12-31,24.84,24.84,24.70,24.83,6500,10.09
2004-12-30,24.84,24.84,24.66,24.76,3600,10.06
2004-12-29,24.82,24.82,24.65,24.78,4400,10.07
2004-12-28,24.75,24.77,24.65,24.77,16700,10.06
2004-12-27,24.72,24.79,24.72,24.75,7900,10.06
2004-12-23,24.70,24.83,24.62,24.73,7600,10.05
2004-12-22,24.67,24.74,24.61,24.70,7700,10.03
2004-12-21,24.74,24.74,24.60,24.61,6400,10.00
2004-12-20,24.60,24.69,24.45,24.68,11800,10.03
2004-12-17,24.55,24.65,24.50,24.62,3800,10.00
2004-12-16,24.60,24.68,24.55,24.60,5300,9.99
2004-12-15,24.51,24.65,24.51,24.60,5600,9.99
2004-12-14,24.56,24.67,24.55,24.56,12200,9.98
2004-12-13,24.61,24.70,24.51,24.56,5400,9.98
2004-12-10,24.55,24.65,24.54,24.60,8000,9.99
2004-12-09,24.64,24.65,24.53,24.65,4400,10.01
2004-12-08,24.56,24.56,24.50,24.55,5700,9.97
2004-12-07,24.61,24.66,24.51,24.53,10700,9.97
2004-12-06,24.61,24.69,24.60,24.61,4700,10.00
2004-12-03,24.50,24.71,24.50,24.61,10400,10.00
2004-12-02,24.50,24.55,24.46,24.53,8800,9.97
2004-12-01,24.50,24.58,24.50,24.57,9100,9.98
2004-11-30,24.61,24.62,24.51,24.56,5700,9.98
2004-11-29,24.74,24.74,24.59,24.66,16700,10.02
2004-11-26,24.68,24.72,24.63,24.66,2400,10.02
2004-11-24,24.67,24.70,24.63,24.65,8100,10.01
2004-11-23,24.74,24.75,24.67,24.67,9500,10.02
2004-11-22,24.72,24.74,24.62,24.72,13800,10.04
2004-11-19,24.73,24.74,24.63,24.64,8500,10.01
2004-11-18,24.72,24.75,24.65,24.74,13900,10.05
2004-11-17,24.74,24.74,24.61,24.73,10900,10.05
2004-11-16,24.60,24.74,24.55,24.71,16000,10.04
2004-11-15,24.57,24.68,24.51,24.68,10200,10.03
2004-11-12,24.65,24.67,24.51,24.55,11200,9.97
2004-11-11,24.63,24.64,24.54,24.63,3400,10.01
2004-11-10,24.65,24.73,24.58,24.62,6300,10.00
2004-11-09,24.75,24.75,24.55,24.65,9600,10.01
2004-11-08,24.65,24.80,24.40,24.65,27000,10.01
2004-11-05,24.70,24.75,24.61,24.66,7200,10.02
2004-11-04,24.65,24.72,24.65,24.68,2800,10.03
2004-11-03,24.65,24.73,24.59,24.66,9200,10.02
2004-11-02,24.58,24.70,24.47,24.66,15900,10.02
2004-11-01,24.51,24.55,24.43,24.46,9400,9.94
2004-10-29,24.55,24.58,24.40,24.57,5800,9.98
2004-10-28,24.58,24.60,24.46,24.50,4500,9.95
2004-10-27,24.50,24.53,24.41,24.46,13000,9.94
2004-10-26,24.40,24.51,24.33,24.41,10400,9.92
2004-10-25,24.46,24.51,24.35,24.48,4100,9.95
2004-10-22,24.37,24.52,24.35,24.36,12300,9.90
2004-10-21,24.29,24.47,24.26,24.42,10200,9.92
2004-10-20,24.29,24.39,24.25,24.38,9000,9.90
2004-10-19,24.35,24.52,24.27,24.39,17800,9.91
2004-10-18,24.36,24.49,24.35,24.49,7000,9.95
2004-10-15,24.50,24.50,24.32,24.40,11100,9.91
2004-10-14,24.37,24.49,24.31,24.49,9100,9.95
2004-10-13,24.20,24.50,24.11,24.36,12300,9.90
2004-10-12,24.65,24.85,24.55,24.81,13300,9.89
2004-10-11,24.60,24.65,24.53,24.65,8400,9.82
2004-10-08,24.54,24.59,24.50,24.50,4700,9.76
2004-10-07,24.65,24.68,24.60,24.60,2600,9.80
2004-10-06,24.66,24.70,24.59,24.60,16100,9.80
2004-10-05,24.79,24.79,24.64,24.69,6700,9.84
2004-10-04,24.73,24.79,24.58,24.76,6800,9.87
2004-10-01,24.60,24.73,24.50,24.58,9600,9.80
2004-09-30,24.25,24.55,24.20,24.55,8700,9.78
2004-09-29,24.52,24.53,24.25,24.32,5700,9.69
2004-09-28,24.47,24.51,24.30,24.47,9900,9.75
2004-09-27,24.61,24.61,24.42,24.45,4100,9.75
2004-09-24,24.50,24.69,24.50,24.66,6600,9.83
2004-09-23,24.66,24.75,24.55,24.55,14700,9.78
2004-09-22,24.73,24.90,24.55,24.65,6800,9.82
2004-09-21,24.35,24.78,24.21,24.78,11900,9.88
2004-09-20,24.45,24.64,24.40,24.40,12400,9.73
2004-09-17,24.55,24.55,24.42,24.55,6000,9.78
2004-09-16,24.58,24.60,24.50,24.51,6100,9.77
2004-09-15,24.30,24.58,24.05,24.58,8500,9.80
2004-09-14,24.20,24.22,24.00,24.20,8600,9.65
2004-09-13,24.15,24.19,24.05,24.10,6100,9.61
2004-09-10,24.06,24.15,23.95,24.10,11700,9.61
2004-09-09,24.19,24.30,23.90,24.03,11300,9.58
2004-09-08,24.30,24.39,24.11,24.11,12600,9.61
2004-09-07,24.25,24.37,24.20,24.20,6400,9.65
2004-09-03,24.60,24.60,24.28,24.28,4500,9.68
2004-09-02,24.20,24.50,24.08,24.50,7700,9.76
2004-09-01,24.21,24.35,24.09,24.20,11700,9.65
2004-08-31,24.04,24.22,24.04,24.19,7200,9.64
2004-08-30,24.15,24.23,24.04,24.04,5600,9.58
2004-08-27,24.24,24.30,24.00,24.24,8700,9.66
2004-08-26,24.07,24.25,23.97,24.25,16400,9.67
2004-08-25,23.95,24.25,23.90,24.15,16700,9.63
2004-08-24,23.90,24.05,23.72,23.72,21300,9.45
2004-08-23,24.16,24.32,23.85,23.85,15500,9.51
2004-08-20,24.20,24.23,24.10,24.11,5700,9.61
2004-08-19,24.15,24.25,23.99,24.20,14000,9.65
2004-08-18,23.97,24.20,23.95,23.95,19200,9.55
2004-08-17,24.00,24.18,23.95,24.01,14100,9.57
2004-08-16,23.89,24.01,23.89,24.01,13400,9.57
2004-08-13,24.05,24.11,23.75,23.84,28300,9.50
2004-08-12,24.12,24.19,24.00,24.09,9200,9.60
2004-08-11,24.19,24.20,24.06,24.15,13500,9.63
2004-08-10,24.30,24.30,23.99,24.12,12600,9.61
2004-08-09,23.94,24.35,23.94,24.25,39800,9.67
2004-08-06,23.95,23.99,23.84,23.84,7500,9.50
2004-08-05,24.03,24.03,23.85,23.85,6700,9.51
2004-08-04,24.07,24.07,23.83,24.03,9800,9.58
2004-08-03,24.10,24.15,24.02,24.03,20700,9.58
2004-08-02,23.88,24.05,23.79,24.02,5500,9.57
2004-07-30,23.90,24.05,23.80,23.91,7900,9.53
2004-07-29,23.85,23.99,23.85,23.90,3400,9.53
2004-07-28,24.00,24.00,23.73,23.82,5800,9.49
2004-07-27,23.85,24.00,23.81,23.90,10800,9.53
2004-07-26,24.00,24.15,23.82,23.82,7100,9.49
2004-07-23,23.70,24.09,23.69,23.96,8000,9.55
2004-07-22,23.72,23.79,23.60,23.69,6600,9.44
2004-07-21,23.71,23.90,23.70,23.81,7400,9.49
2004-07-20,24.10,24.12,23.80,23.80,5800,9.49
2004-07-19,23.85,24.24,23.85,23.99,9900,9.56
2004-07-16,23.90,23.94,23.80,23.80,5100,9.49
2004-07-15,23.85,24.01,23.84,23.90,10200,9.53
2004-07-14,23.65,23.84,23.51,23.75,6400,9.47
2004-07-13,23.99,24.20,23.95,24.02,9700,9.39
2004-07-12,24.00,24.00,23.85,23.99,6200,9.37
2004-07-09,23.85,23.99,23.81,23.99,4700,9.37
2004-07-08,23.93,24.02,23.83,23.90,3700,9.34
2004-07-07,23.90,24.01,23.79,24.01,12100,9.38
2004-07-06,23.92,23.94,23.80,23.92,5500,9.35
2004-07-02,23.71,23.90,23.71,23.86,3200,9.32
2004-07-01,23.90,23.93,23.71,23.79,5700,9.30
2004-06-30,23.70,23.80,23.56,23.80,8800,9.30
2004-06-29,23.47,23.69,23.40,23.67,5500,9.25
2004-06-28,23.51,23.61,23.45,23.52,11100,9.19
2004-06-25,23.65,23.65,23.40,23.50,6800,9.18
2004-06-24,23.67,23.69,23.45,23.55,9400,9.20
2004-06-23,23.60,23.84,23.60,23.60,10600,9.22
2004-06-22,23.60,23.75,23.60,23.60,5500,9.22
2004-06-21,23.74,23.74,23.50,23.50,6900,9.18
2004-06-18,23.65,23.84,23.65,23.82,11000,9.31
2004-06-17,23.75,23.90,23.70,23.75,6400,9.28
2004-06-16,23.70,23.80,23.45,23.74,9400,9.28
2004-06-15,23.60,23.60,23.40,23.54,8500,9.20
2004-06-14,23.75,23.83,23.45,23.60,18900,9.22
2004-06-10,23.65,23.85,23.50,23.58,23300,9.21
2004-06-09,23.49,23.59,23.39,23.42,5700,9.15
2004-06-08,23.97,23.98,23.59,23.59,20600,9.22
2004-06-07,23.94,23.98,23.70,23.81,16700,9.30
2004-06-04,23.40,23.91,23.40,23.91,5500,9.34
2004-06-03,23.49,23.64,23.45,23.49,8400,9.18
2004-06-02,23.45,23.64,23.45,23.59,17800,9.22
2004-06-01,23.25,23.50,23.25,23.46,5600,9.17
2004-05-28,23.40,23.40,23.10,23.25,10200,9.09
2004-05-27,23.45,23.49,23.25,23.32,8000,9.11
2004-05-26,23.20,23.50,23.15,23.40,7000,9.14
2004-05-25,23.23,23.30,23.17,23.25,4500,9.09
2004-05-24,23.30,23.30,23.10,23.22,6300,9.07
2004-05-21,23.20,23.35,23.10,23.29,6500,9.10
2004-05-20,23.20,23.37,23.00,23.37,12300,9.13
2004-05-19,22.85,23.10,22.85,23.10,9200,9.03
2004-05-18,22.95,22.99,22.91,22.95,5100,8.97
2004-05-17,22.88,22.95,22.75,22.79,4500,8.91
2004-05-14,22.65,22.85,22.55,22.84,8100,8.93
2004-05-13,22.61,22.97,22.51,22.70,15700,8.87
2004-05-12,22.42,22.60,22.25,22.40,11900,8.75
2004-05-11,22.80,23.20,22.41,22.41,19300,8.76
2004-05-10,23.30,23.30,22.35,22.87,26700,8.94
2004-05-07,23.50,23.75,23.25,23.39,15500,9.14
2004-05-06,23.25,23.69,23.25,23.50,14800,9.18
2004-05-05,23.69,23.99,23.02,23.15,19100,9.05
2004-05-04,23.50,23.71,23.40,23.60,27000,9.22
2004-05-03,23.60,23.70,23.50,23.54,11100,9.20
2004-04-30,24.10,24.30,23.70,23.70,14600,9.26
2004-04-29,23.90,24.02,23.55,23.94,13000,9.36
2004-04-28,23.65,24.00,23.51,23.99,9700,9.37
2004-04-27,23.60,23.79,23.45,23.60,8800,9.22
2004-04-26,23.87,24.00,23.55,23.56,16000,9.21
2004-04-23,23.40,23.87,23.40,23.75,9000,9.28
2004-04-22,23.25,23.50,23.02,23.50,21000,9.18
2004-04-21,23.30,23.50,23.15,23.18,11100,9.06
2004-04-20,23.30,23.40,23.00,23.25,17900,9.09
2004-04-19,22.80,23.20,22.53,23.14,24300,9.04
2004-04-16,22.93,23.15,22.75,22.75,8200,8.89
2004-04-15,23.75,23.75,22.95,22.95,25500,8.97
2004-04-14,23.50,23.80,23.50,23.73,14400,9.27
2004-04-13,24.00,24.10,23.78,23.96,9300,9.18
2004-04-12,24.10,24.13,23.84,24.00,13200,9.19
2004-04-08,24.15,24.27,24.10,24.10,6000,9.23
2004-04-07,24.02,24.10,23.85,24.00,14300,9.19
2004-04-06,24.35,24.48,24.01,24.01,26700,9.20
2004-04-05,24.52,24.52,24.10,24.15,13300,9.25
2004-04-02,24.40,24.65,24.40,24.50,16500,9.39
2004-04-01,24.29,24.47,24.05,24.30,21500,9.31
2004-03-31,24.50,24.59,24.25,24.25,13900,9.29
2004-03-30,24.60,24.65,24.45,24.45,14200,9.37
2004-03-29,24.35,24.50,24.35,24.50,16600,9.39
2004-03-26,24.40,24.50,24.10,24.20,10500,9.27
2004-03-25,24.25,24.49,24.10,24.34,22100,9.33
2004-03-24,24.30,24.32,24.15,24.19,19400,9.27
2004-03-23,24.15,24.40,24.05,24.32,21800,9.32
2004-03-22,24.15,24.23,24.03,24.15,8600,9.25
2004-03-19,23.90,24.20,23.87,24.18,5100,9.26
2004-03-18,23.90,24.21,23.75,24.00,19900,9.19
2004-03-17,24.19,24.25,23.80,23.90,29900,9.16
2004-03-16,24.22,24.22,23.92,24.17,22300,9.26
2004-03-15,24.00,24.24,23.90,24.23,18700,9.28
2004-03-12,24.00,24.00,23.80,23.90,16100,9.16
2004-03-11,24.12,24.15,23.80,23.86,20300,9.14
2004-03-10,24.12,24.15,24.01,24.01,19900,9.20
2004-03-09,24.04,24.11,24.02,24.08,8000,9.23
2004-03-08,24.10,24.15,24.01,24.04,10500,9.21
2004-03-05,23.99,24.06,23.95,24.06,15200,9.22
2004-03-04,24.00,24.00,23.84,23.95,8400,9.18
2004-03-03,23.98,24.00,23.94,23.94,12000,9.17
2004-03-02,23.95,23.98,23.85,23.93,18400,9.17
2004-03-01,23.89,23.98,23.89,23.94,12600,9.17
2004-02-27,23.85,23.90,23.67,23.80,14300,9.12
2004-02-26,23.81,23.87,23.59,23.73,13000,9.09
2004-02-25,23.78,23.87,23.65,23.81,14400,9.12
2004-02-24,23.75,23.85,23.65,23.65,9700,9.06
2004-02-23,23.78,23.85,23.68,23.78,7000,9.11
2004-02-20,23.78,23.78,23.65,23.78,7100,9.11
2004-02-19,23.75,23.79,23.60,23.60,10300,9.04
2004-02-18,23.61,23.85,23.60,23.60,10400,9.04
2004-02-17,23.73,23.78,23.60,23.60,9300,9.04
2004-02-13,23.55,23.82,23.55,23.82,8300,9.13
2004-02-12,23.80,23.85,23.56,23.79,11700,9.11
2004-02-11,23.75,23.78,23.66,23.66,7900,9.06
2004-02-10,23.55,23.88,23.55,23.70,8900,9.08
2004-02-09,23.70,23.80,23.50,23.50,27400,9.00
2004-02-06,23.75,23.78,23.50,23.50,19300,9.00
2004-02-05,23.15,23.60,23.15,23.39,13500,8.96
2004-02-04,23.62,23.65,23.10,23.10,15300,8.85
2004-02-03,23.25,23.62,23.20,23.62,13500,9.05
2004-02-02,23.00,23.00,22.76,23.00,12700,8.81
2004-01-30,23.25,23.40,23.00,23.00,25400,8.81
2004-01-29,23.66,23.66,23.23,23.30,15400,8.93
2004-01-28,23.90,23.90,23.65,23.66,14400,9.06
2004-01-27,23.79,23.90,23.51,23.85,20800,9.14
2004-01-26,23.60,23.79,23.51,23.69,16700,9.08
2004-01-23,22.98,23.74,22.89,23.69,28800,9.08
2004-01-22,22.40,22.98,22.31,22.88,25000,8.77
2004-01-21,22.65,22.65,22.21,22.40,42100,8.58
2004-01-20,23.14,23.14,22.40,22.65,40800,8.68
2004-01-16,23.14,23.15,22.95,23.13,16400,8.86
2004-01-15,23.50,23.50,22.76,22.99,46000,8.81
2004-01-14,23.70,23.70,23.30,23.46,23800,8.99
2004-01-13,23.95,23.99,23.70,23.80,43500,8.94
2004-01-12,23.91,24.15,23.86,23.90,23600,8.98
2004-01-09,23.90,24.20,23.88,24.08,16300,9.04
2004-01-08,23.90,23.98,23.65,23.96,26400,9.00
2004-01-07,23.70,23.90,23.51,23.90,19300,8.98
2004-01-06,23.50,23.73,23.22,23.60,12100,8.86
2004-01-05,23.35,23.70,23.35,23.60,22100,8.86
2004-01-02,23.55,23.55,23.10,23.15,32400,8.69
2003-12-31,23.78,23.78,23.30,23.56,13600,8.85
2003-12-30,23.51,23.69,23.50,23.65,9000,8.88
2003-12-29,23.90,24.05,23.38,23.50,49600,8.83
2003-12-26,23.90,24.00,23.80,23.90,6800,8.98
2003-12-24,23.85,23.95,23.85,23.95,5700,9.00
2003-12-23,23.65,23.94,23.45,23.90,25700,8.98
2003-12-22,23.64,23.70,23.50,23.60,11500,8.86
2003-12-19,23.70,23.74,23.42,23.69,29900,8.90
2003-12-18,23.54,23.74,23.40,23.74,16100,8.92
2003-12-17,23.55,23.65,23.33,23.45,15400,8.81
2003-12-16,23.70,23.80,23.43,23.51,24000,8.83
2003-12-15,23.50,23.98,23.45,23.69,35600,8.90
2003-12-12,23.29,23.49,23.21,23.40,16500,8.79
2003-12-11,23.25,23.30,23.12,23.29,21400,8.75
2003-12-10,23.00,23.30,22.75,23.15,41200,8.69
2003-12-09,22.75,23.00,22.71,22.99,12800,8.63
2003-12-08,22.70,23.00,22.61,22.75,18100,8.54
2003-12-05,22.50,23.05,22.50,22.70,9500,8.53
2003-12-04,22.65,22.65,22.42,22.60,10800,8.49
2003-12-03,22.99,23.00,22.55,22.55,22700,8.47
2003-12-02,23.10,23.10,22.85,22.87,15000,8.59
2003-12-01,22.70,23.12,22.70,23.00,20700,8.64
2003-11-28,22.49,22.95,22.35,22.80,5100,8.56
2003-11-26,22.20,22.50,22.05,22.50,14400,8.45
2003-11-25,22.18,22.50,22.08,22.16,25100,8.32
2003-11-24,22.09,22.30,22.01,22.01,19900,8.27
2003-11-21,22.20,22.48,22.00,22.29,20400,8.37
2003-11-20,22.20,22.48,22.02,22.30,18600,8.38
2003-11-19,22.10,22.40,21.90,22.30,13200,8.38
2003-11-18,21.99,22.10,21.90,21.99,14000,8.26
2003-11-17,22.20,22.29,21.90,21.94,14200,8.24
2003-11-14,22.29,22.39,22.08,22.20,8100,8.34
2003-11-13,22.40,22.40,22.00,22.24,16100,8.35
2003-11-12,22.35,22.50,22.35,22.40,10100,8.41
2003-11-11,22.12,22.40,22.01,22.40,12900,8.41
2003-11-10,22.20,22.39,22.00,22.02,13400,8.27
2003-11-07,21.91,22.28,21.76,22.28,15500,8.37
2003-11-06,21.98,22.28,21.82,22.01,13100,8.27
2003-11-05,22.00,22.00,21.80,21.92,7200,8.23
2003-11-04,22.13,22.13,21.80,21.99,10300,8.26
2003-11-03,21.80,22.00,21.56,21.90,19700,8.23
2003-10-31,21.96,22.05,21.88,21.95,10000,8.24
2003-10-30,21.95,22.14,21.85,21.96,18700,8.25
2003-10-29,22.08,22.23,21.85,21.85,12200,8.21
2003-10-28,21.98,22.24,21.88,21.95,21500,8.24
2003-10-27,22.05,22.24,21.98,22.03,17800,8.27
2003-10-24,22.00,22.23,21.99,22.05,6200,8.28
2003-10-23,22.24,22.24,21.98,22.20,14500,8.34
2003-10-22,22.02,22.24,22.00,22.00,9500,8.26
2003-10-21,22.25,22.25,21.96,22.24,14700,8.35
2003-10-20,22.45,22.45,22.04,22.10,14500,8.30
2003-10-17,22.00,22.23,22.00,22.20,7000,8.34
2003-10-16,22.01,22.25,22.01,22.02,11100,8.27
2003-10-15,21.98,22.20,21.85,22.02,11200,8.27
2003-10-14,22.26,22.26,22.00,22.25,31400,8.18
2003-10-13,22.40,22.40,21.91,22.25,11900,8.18
2003-10-10,22.48,22.60,22.31,22.50,14900,8.27
2003-10-09,22.00,22.49,22.00,22.30,23100,8.20
2003-10-08,21.90,21.99,21.81,21.90,7200,8.05
2003-10-07,21.88,22.08,21.70,21.85,22800,8.03
2003-10-06,21.94,21.94,21.70,21.90,8300,8.05
2003-10-03,21.60,21.93,21.51,21.60,11400,7.94
2003-10-02,21.94,21.95,21.25,21.59,11400,7.94
2003-10-01,21.75,21.95,21.26,21.95,12000,8.07
2003-09-30,21.30,21.90,21.25,21.65,15200,7.96
2003-09-29,21.30,21.65,21.11,21.40,9700,7.87
2003-09-26,21.70,21.94,21.15,21.40,19200,7.87
2003-09-25,21.68,21.94,21.51,21.70,12600,7.98
2003-09-24,21.80,21.95,21.56,21.66,9500,7.96
2003-09-23,21.65,22.00,21.65,21.94,10700,8.07
2003-09-22,21.81,21.81,21.30,21.79,10600,8.01
2003-09-19,21.50,22.00,21.10,21.80,12800,8.02
2003-09-18,21.40,21.60,21.15,21.35,10000,7.85
2003-09-17,20.76,21.95,20.76,21.62,60900,7.95
2003-09-16,20.99,21.00,20.50,20.77,15900,7.64
2003-09-15,20.50,20.99,20.21,20.85,14500,7.67
2003-09-12,20.30,20.69,20.20,20.68,8000,7.60
2003-09-11,20.35,20.85,20.30,20.32,31600,7.47
2003-09-10,20.40,20.80,20.27,20.31,10900,7.47
2003-09-09,21.03,21.03,20.40,20.50,13500,7.54
2003-09-08,21.05,21.05,20.55,21.04,15800,7.74
2003-09-05,21.00,21.00,20.70,20.86,13200,7.67
2003-09-04,20.79,21.40,20.70,21.15,8800,7.78
2003-09-03,20.99,21.00,20.65,20.66,9300,7.60
2003-09-02,20.80,21.00,20.60,20.80,8700,7.65
2003-08-29,20.60,20.85,20.50,20.60,3100,7.57
2003-08-28,20.15,20.40,20.05,20.40,7600,7.50
2003-08-27,20.17,20.30,19.90,20.00,14700,7.35
2003-08-26,20.00,20.18,19.85,20.18,11500,7.42
2003-08-25,20.40,20.58,19.90,20.15,23400,7.41
2003-08-22,20.88,20.95,20.40,20.60,28800,7.57
2003-08-21,20.45,20.95,20.44,20.73,15500,7.62
2003-08-20,21.00,21.01,20.33,20.70,31600,7.61
2003-08-19,21.50,21.50,21.00,21.00,9900,7.72
2003-08-18,21.30,21.75,20.95,21.35,16200,7.85
2003-08-15,21.07,21.40,21.05,21.20,6500,7.79
2003-08-14,21.50,21.50,21.07,21.07,14000,7.75
2003-08-13,21.45,21.99,21.25,21.60,10200,7.94
2003-08-12,21.20,21.45,21.06,21.35,10500,7.85
2003-08-11,21.25,21.49,21.10,21.24,4300,7.81
2003-08-08,20.90,21.46,20.90,21.25,7200,7.81
2003-08-07,21.50,21.50,20.66,21.00,16100,7.72
2003-08-06,21.62,21.70,21.00,21.30,10400,7.83
2003-08-05,21.50,21.74,21.37,21.74,7000,7.99
2003-08-04,21.65,21.65,21.15,21.60,10700,7.94
2003-08-01,21.69,21.69,21.00,21.30,12700,7.83
2003-07-31,21.96,22.00,21.30,21.45,15100,7.89
2003-07-30,21.60,22.00,21.20,21.96,23000,8.07
2003-07-29,21.65,21.75,21.22,21.70,18200,7.98
2003-07-28,22.20,22.30,21.75,21.90,7300,8.05
2003-07-25,22.20,22.59,21.80,22.39,27800,8.23
2003-07-24,22.30,22.30,22.00,22.28,4900,8.19
2003-07-23,22.30,22.44,22.20,22.30,14900,8.20
2003-07-22,21.86,22.25,21.50,22.25,25100,8.18
2003-07-21,21.60,22.00,21.55,21.82,12000,8.02
2003-07-18,21.96,22.30,21.60,21.60,18300,7.94
2003-07-17,22.06,22.30,21.90,21.95,14900,8.07
2003-07-16,22.00,22.39,21.78,22.16,22400,8.15
2003-07-15,22.68,22.69,21.65,21.90,32000,8.05
2003-07-14,23.30,23.60,22.75,23.22,60600,8.36
2003-07-11,23.25,23.55,23.15,23.55,32100,8.48
2003-07-10,22.70,23.35,22.61,23.35,27600,8.41
2003-07-09,22.61,22.75,22.51,22.71,20000,8.18
2003-07-08,22.29,22.68,22.00,22.30,23900,8.03
2003-07-07,22.31,22.49,22.05,22.39,31600,8.07
2003-07-03,22.49,22.75,22.31,22.31,7100,8.04
2003-07-02,22.21,22.75,22.20,22.26,22300,8.02
2003-07-01,22.24,22.25,22.00,22.10,16700,7.96
2003-06-30,22.05,22.25,21.95,22.10,17100,7.96
2003-06-27,21.98,22.09,21.85,21.95,17400,7.91
2003-06-26,21.75,22.00,21.65,21.85,7900,7.87
2003-06-25,21.63,21.95,21.40,21.60,28900,7.78
2003-06-24,21.77,21.95,21.50,21.53,26100,7.76
2003-06-23,21.70,22.10,21.70,21.86,19300,7.87
2003-06-20,21.65,21.89,21.40,21.58,25200,7.77
2003-06-19,20.95,21.23,20.95,21.00,19300,7.57
2003-06-18,21.00,21.29,20.95,20.95,28300,7.55
2003-06-17,20.78,21.05,20.35,20.99,41000,7.56
2003-06-16,20.35,20.70,20.16,20.68,13700,7.45
2003-06-13,20.65,20.83,20.35,20.58,19900,7.41
2003-06-12,20.55,20.89,20.48,20.70,22300,7.46
2003-06-11,21.42,21.49,20.05,20.51,54800,7.39
2003-06-10,21.75,21.75,21.15,21.50,23400,7.75
2003-06-09,22.00,22.15,21.55,21.75,13500,7.84
2003-06-06,21.96,22.10,21.92,22.00,14000,7.93
2003-06-05,21.75,22.01,21.75,22.00,29000,7.93
2003-06-04,21.75,22.10,21.60,21.74,38400,7.83
2003-06-03,21.40,21.90,21.40,21.66,38600,7.80
2003-06-02,21.40,21.73,21.30,21.40,14200,7.71
2003-05-30,21.80,21.80,21.25,21.40,18100,7.71
2003-05-29,21.80,22.15,21.35,21.90,40800,7.89
2003-05-28,21.95,22.00,21.60,21.90,21100,7.89
2003-05-27,21.50,21.80,20.90,21.80,30800,7.85
2003-05-23,21.20,21.60,21.20,21.50,22000,7.75
2003-05-22,21.11,21.31,21.00,21.31,17800,7.68
2003-05-21,20.85,21.24,20.75,21.24,27000,7.65
2003-05-20,21.15,21.20,20.75,21.00,30800,7.57
2003-05-19,21.05,21.35,21.00,21.20,15900,7.64
2003-05-16,20.75,21.00,20.75,21.00,17600,7.57
2003-05-15,21.68,21.90,20.00,20.80,52400,7.49
2003-05-14,21.92,22.00,21.15,21.60,29500,7.78
2003-05-13,21.80,22.00,21.51,21.91,22400,7.89
2003-05-12,22.05,22.25,21.60,21.73,49400,7.83
2003-05-09,21.15,22.00,21.15,22.00,111900,7.93
2003-05-08,20.95,21.05,20.50,21.05,86300,7.58
2003-05-07,20.85,21.00,20.65,20.85,17900,7.51
2003-05-06,21.00,21.00,20.66,20.85,16200,7.51
2003-05-05,20.74,21.00,20.60,20.99,25700,7.56
2003-05-02,20.70,20.89,20.50,20.65,23400,7.44
2003-05-01,20.54,20.75,20.30,20.55,13300,7.40
2003-04-30,20.80,20.90,20.47,20.47,23800,7.37
2003-04-29,20.56,20.99,20.55,20.75,25800,7.48
2003-04-28,20.30,21.00,20.20,20.50,22300,7.39
2003-04-25,19.95,20.51,19.92,20.25,23600,7.29
2003-04-24,19.60,19.91,19.50,19.89,14900,7.17
2003-04-23,19.50,19.60,19.30,19.50,18700,7.02
2003-04-22,19.38,19.60,19.35,19.40,14600,6.99
2003-04-21,19.74,19.80,19.30,19.48,10800,7.02
2003-04-17,19.50,19.63,19.25,19.63,34000,7.07
2003-04-16,19.25,19.49,19.19,19.48,12100,7.02
2003-04-15,19.30,19.49,19.10,19.35,16700,6.97
2003-04-14,19.38,19.50,19.00,19.27,13500,6.94
2003-04-11,19.95,19.98,19.65,19.75,25300,6.95
2003-04-10,19.75,19.90,19.55,19.90,16500,7.00
2003-04-09,19.80,19.99,19.61,19.75,25600,6.95
2003-04-08,19.59,19.90,19.59,19.80,29000,6.96
2003-04-07,19.35,19.69,19.34,19.50,19800,6.86
2003-04-04,19.10,19.30,18.92,19.29,13900,6.78
2003-04-03,19.55,19.75,19.09,19.10,18800,6.72
2003-04-02,19.55,19.55,19.40,19.49,13300,6.85
2003-04-01,19.30,19.57,19.30,19.50,23900,6.86
2003-03-31,19.30,19.35,19.07,19.20,12500,6.75
2003-03-28,19.15,19.35,19.04,19.20,3800,6.75
2003-03-27,19.10,19.50,19.01,19.20,7700,6.75
2003-03-26,19.00,19.17,19.00,19.05,6600,6.70
2003-03-25,18.95,19.14,18.71,19.00,7300,6.68
2003-03-24,19.13,19.17,18.90,19.02,10900,6.69
2003-03-21,19.10,19.13,18.80,19.10,7200,6.72
2003-03-20,18.99,19.12,18.70,19.12,8600,6.72
2003-03-19,19.00,19.05,18.52,19.00,10300,6.68
2003-03-18,18.95,19.15,18.69,18.99,11200,6.68
2003-03-17,18.90,19.15,18.75,19.00,10400,6.68
2003-03-14,18.60,19.00,18.60,18.80,10900,6.61
2003-03-13,18.10,18.70,18.10,18.65,9000,6.56
2003-03-12,18.70,18.78,18.06,18.30,18700,6.44
2003-03-11,18.50,18.65,18.35,18.64,5700,6.56
2003-03-10,18.50,18.90,18.40,18.40,13000,6.47
2003-03-07,18.98,19.25,18.50,18.52,15300,6.51
2003-03-06,18.91,19.10,18.85,19.10,18600,6.72
2003-03-05,18.47,18.97,18.47,18.81,13700,6.62
2003-03-04,18.60,18.75,18.45,18.55,11400,6.52
2003-03-03,18.35,18.88,18.30,18.50,19700,6.51
2003-02-28,18.50,18.50,18.00,18.30,19400,6.44
2003-02-27,18.00,18.60,18.00,18.40,21200,6.47
2003-02-26,17.70,18.20,17.70,17.94,26700,6.31
2003-02-25,17.26,17.73,17.16,17.60,12000,6.19
2003-02-24,17.06,17.39,17.06,17.21,10700,6.05
2003-02-21,17.15,17.34,17.06,17.16,5200,6.04
2003-02-20,17.20,17.35,17.04,17.05,18200,6.00
2003-02-19,17.35,17.40,17.02,17.15,12800,6.03
2003-02-18,17.01,17.36,17.01,17.24,15000,6.06
2003-02-14,17.10,17.25,17.00,17.03,16300,5.99
2003-02-13,17.30,17.34,17.01,17.11,25500,6.02
2003-02-12,17.50,17.50,17.25,17.26,21700,6.07
2003-02-11,17.55,17.90,17.51,17.51,11100,6.16
2003-02-10,17.37,17.84,17.35,17.40,9200,6.12
2003-02-07,17.50,17.84,17.36,17.60,9000,6.19
2003-02-06,17.35,17.81,17.35,17.79,11400,6.26
2003-02-05,17.36,17.60,17.34,17.34,9400,6.10
2003-02-04,17.56,17.78,17.37,17.40,13000,6.12
2003-02-03,17.60,17.70,17.33,17.36,19500,6.11
2003-01-31,17.49,17.83,17.40,17.70,10700,6.23
2003-01-30,17.60,17.79,17.34,17.50,14600,6.15
2003-01-29,17.58,17.60,17.34,17.58,16800,6.18
2003-01-28,17.85,17.85,17.45,17.60,10100,6.19
2003-01-27,18.00,18.00,17.50,17.79,23600,6.26
2003-01-24,18.00,18.09,17.90,18.00,10100,6.33
2003-01-23,18.00,18.10,17.86,17.95,11300,6.31
2003-01-22,18.20,18.20,17.95,18.10,8100,6.37
2003-01-21,17.90,18.25,17.90,18.25,15100,6.42
2003-01-17,18.25,18.25,17.91,18.00,8700,6.33
2003-01-16,17.95,18.20,17.86,18.20,14600,6.40
2003-01-15,17.88,18.10,17.85,18.00,22700,6.33
2003-01-14,18.70,18.70,18.42,18.42,37400,6.31
2003-01-13,18.37,18.65,18.35,18.65,31600,6.39
2003-01-10,18.15,18.40,18.01,18.29,14300,6.27
2003-01-09,18.12,18.40,18.12,18.35,14800,6.29
2003-01-08,18.17,18.26,18.02,18.11,16500,6.21
2003-01-07,18.11,18.18,18.01,18.10,16400,6.20
2003-01-06,17.75,18.08,17.75,18.01,20200,6.17
2003-01-03,17.60,17.75,17.60,17.71,7300,6.07
2003-01-02,17.31,17.60,17.31,17.60,8600,6.03
2002-12-31,17.25,17.25,17.10,17.25,11500,5.91
2002-12-30,17.20,17.30,17.00,17.30,18500,5.93
2002-12-27,17.40,17.40,17.19,17.20,15300,5.90
2002-12-26,17.50,17.72,17.35,17.45,10200,5.98
2002-12-24,17.40,17.65,17.25,17.65,14900,6.05
2002-12-23,17.36,17.40,17.26,17.30,7100,5.93
2002-12-20,17.51,17.69,17.36,17.36,16000,5.95
2002-12-19,17.70,17.94,17.26,17.50,18800,6.00
2002-12-18,17.75,18.00,17.70,17.75,16000,6.08
2002-12-17,17.75,17.99,17.75,17.75,14300,6.08
2002-12-16,17.95,18.14,17.76,17.76,11000,6.09
2002-12-13,18.00,18.19,17.76,17.80,7400,6.10
2002-12-12,18.00,18.02,17.76,17.98,8900,6.16
2002-12-11,18.00,18.30,17.91,18.15,5500,6.22
2002-12-10,18.00,18.33,18.00,18.20,6500,6.24
2002-12-09,18.12,18.29,18.00,18.00,11700,6.17
2002-12-06,18.15,18.29,18.05,18.29,5500,6.27
2002-12-05,18.33,18.33,18.05,18.18,7300,6.23
2002-12-04,18.35,18.42,18.00,18.34,6300,6.29
2002-12-03,18.50,18.50,18.25,18.40,5700,6.31
2002-12-02,18.50,18.61,18.25,18.50,12100,6.34
2002-11-29,18.51,18.60,18.49,18.60,3000,6.38
2002-11-27,18.00,18.60,18.00,18.51,4000,6.34
2002-11-26,18.26,18.36,18.00,18.03,8600,6.18
2002-11-25,18.10,18.24,18.05,18.19,6200,6.23
2002-11-22,18.40,18.40,18.10,18.16,11300,6.22
2002-11-21,18.10,18.55,18.00,18.35,12500,6.29
2002-11-20,18.09,18.15,17.76,18.00,7700,6.17
2002-11-19,17.99,18.10,17.70,18.05,6200,6.19
2002-11-18,18.01,18.19,17.90,18.07,8000,6.19
2002-11-15,18.00,18.10,17.90,18.00,5800,6.17
2002-11-14,17.90,18.55,17.90,17.96,9900,6.16
2002-11-13,17.80,18.00,17.70,17.80,14900,6.10
2002-11-12,17.85,18.00,17.85,17.85,8300,6.12
2002-11-11,17.45,17.90,17.25,17.80,20100,6.10
2002-11-08,17.75,17.85,17.35,17.60,12200,6.03
2002-11-07,18.00,18.04,17.35,17.76,7400,6.09
2002-11-06,17.90,17.95,17.70,17.94,11100,6.15
2002-11-05,17.85,18.01,17.50,17.85,21400,6.12
2002-11-04,18.10,18.10,17.65,17.65,27200,6.05
2002-11-01,17.30,18.00,17.25,17.90,11400,6.14
2002-10-31,16.85,17.20,16.76,17.20,29000,5.90
2002-10-30,17.60,17.60,17.00,17.01,24300,5.83
2002-10-29,17.70,17.95,17.50,17.60,13200,6.03
2002-10-28,17.62,17.85,17.51,17.66,23600,6.05
2002-10-25,17.59,18.00,17.55,17.65,14800,6.05
2002-10-24,17.41,17.70,17.31,17.55,7900,6.02
2002-10-23,17.59,17.69,17.25,17.50,24800,6.00
2002-10-22,17.49,17.99,17.25,17.49,15600,5.99
2002-10-21,17.91,17.91,17.28,17.50,18900,6.00
2002-10-18,17.80,17.99,17.75,17.99,16400,6.17
2002-10-17,18.05,18.11,17.75,17.80,26000,6.10
2002-10-16,18.19,18.22,17.70,18.11,15900,6.21
2002-10-15,18.30,18.30,18.00,18.20,9900,6.24
2002-10-14,18.80,18.87,18.30,18.70,14200,6.25
2002-10-11,18.60,19.00,18.60,18.90,12300,6.32
2002-10-10,19.05,19.15,18.41,18.75,19200,6.27
2002-10-09,19.49,19.49,18.82,19.15,20000,6.40
2002-10-08,19.50,19.60,19.30,19.40,7500,6.48
2002-10-07,19.65,19.90,19.42,19.42,14300,6.49
2002-10-04,19.90,19.90,19.51,19.60,10100,6.55
2002-10-03,19.61,19.98,19.60,19.65,20300,6.57
2002-10-02,19.80,19.95,19.41,19.75,13100,6.60
2002-10-01,20.05,20.05,19.30,19.74,19400,6.60
2002-09-30,19.75,19.95,19.52,19.95,6600,6.67
2002-09-27,19.65,20.10,19.65,19.65,5400,6.57
2002-09-26,19.99,20.14,19.65,19.65,15100,6.57
2002-09-25,19.74,20.00,19.64,19.89,6100,6.65
2002-09-24,19.84,19.85,19.50,19.85,15300,6.63
2002-09-23,19.88,20.25,19.51,19.80,8600,6.62
2002-09-20,19.87,19.99,19.77,19.77,9500,6.61
2002-09-19,19.90,20.19,19.80,19.87,14100,6.64
2002-09-18,20.15,20.30,19.45,19.80,32700,6.62
2002-09-17,20.51,20.80,20.07,20.07,24400,6.71
2002-09-16,20.59,20.79,20.30,20.50,9400,6.85
2002-09-13,20.20,20.60,20.20,20.30,69400,6.78
2002-09-12,20.25,20.60,20.00,20.15,13900,6.73
2002-09-11,20.35,20.80,20.35,20.60,7100,6.88
2002-09-10,20.50,20.70,20.20,20.43,14000,6.83
2002-09-09,20.30,20.60,20.15,20.49,11300,6.85
2002-09-06,20.00,20.50,19.75,20.35,196400,6.80
2002-09-05,19.90,20.34,19.71,20.15,7300,6.73
2002-09-04,19.80,19.99,19.70,19.90,12600,6.65
2002-09-03,19.90,19.95,19.55,19.70,7800,6.58
2002-08-30,19.95,20.00,19.85,19.99,10000,6.68
2002-08-29,19.81,20.48,19.50,19.85,14300,6.63
2002-08-28,19.83,19.92,19.75,19.82,10300,6.62
2002-08-27,19.40,19.73,19.07,19.72,26900,6.59
2002-08-26,19.80,20.20,19.08,19.25,26300,6.43
2002-08-23,19.60,19.98,19.30,19.77,9600,6.61
2002-08-22,19.15,19.80,19.08,19.75,9600,6.60
2002-08-21,19.00,19.50,18.90,19.20,15700,6.42
2002-08-20,19.05,19.50,18.60,18.99,19100,6.35
2002-08-19,19.20,19.30,19.00,19.00,7200,6.35
2002-08-16,19.20,19.20,19.02,19.02,4400,6.36
2002-08-15,18.90,19.32,18.70,19.29,9500,6.45
2002-08-14,18.90,19.40,18.90,19.00,4300,6.35
2002-08-13,18.99,19.25,18.99,19.00,15900,6.35
2002-08-12,18.60,19.04,18.55,18.99,8200,6.35
2002-08-09,18.79,19.20,18.60,18.60,13100,6.22
2002-08-08,19.30,19.32,18.45,18.89,9500,6.31
2002-08-07,19.25,19.32,19.20,19.20,8300,6.42
2002-08-06,19.15,19.60,19.00,19.32,10700,6.46
2002-08-05,19.00,19.35,19.00,19.00,9200,6.35
2002-08-02,19.60,19.65,19.10,19.10,6700,6.38
2002-08-01,19.00,19.60,19.00,19.45,3200,6.50
2002-07-31,19.10,19.45,19.00,19.20,7900,6.42
2002-07-30,19.60,19.60,18.90,19.10,6100,6.38
2002-07-29,18.95,19.65,18.85,19.65,10800,6.57
2002-07-26,18.90,18.95,18.80,18.95,9200,6.33
2002-07-25,18.45,18.85,18.30,18.85,14500,6.30
2002-07-24,18.60,18.60,17.65,18.30,29100,6.12
2002-07-23,19.05,19.05,18.35,18.50,16600,6.18
2002-07-22,19.30,19.30,18.90,19.10,7800,6.38
2002-07-19,19.46,19.46,19.10,19.29,4100,6.45
2002-07-18,19.50,19.75,19.10,19.50,4700,6.52
2002-07-17,19.40,19.80,19.25,19.50,3700,6.52
2002-07-16,19.20,19.75,19.20,19.40,7100,6.48
2002-07-15,20.45,20.60,19.00,19.10,13000,6.38
2002-07-12,20.80,21.02,20.75,21.02,13600,6.87
2002-07-11,20.88,21.00,20.25,20.70,16600,6.76
2002-07-10,20.05,20.78,19.80,20.78,15600,6.79
2002-07-09,20.60,20.78,20.05,20.20,18100,6.60
2002-07-08,20.40,20.60,20.00,20.60,12100,6.73
2002-07-05,19.85,20.40,19.85,20.40,2100,6.66
2002-07-03,20.00,20.20,19.80,19.80,9400,6.47
2002-07-02,20.65,20.78,19.95,20.30,17500,6.63
2002-07-01,20.26,20.74,20.26,20.72,5100,6.77
2002-06-28,20.25,20.79,20.25,20.35,5400,6.65
2002-06-27,20.10,20.40,20.10,20.20,8200,6.60
2002-06-26,20.20,20.50,19.95,20.10,8400,6.57
2002-06-25,20.10,20.40,20.00,20.40,3100,6.66
2002-06-24,20.25,20.75,20.00,20.15,9600,6.58
2002-06-21,20.25,20.30,19.85,20.00,4200,6.53
2002-06-20,19.90,20.30,19.60,20.30,5800,6.63
2002-06-19,20.10,20.30,19.61,20.00,5300,6.53
2002-06-18,19.75,20.50,19.51,20.00,6300,6.53
2002-06-17,19.55,19.85,19.25,19.75,12900,6.45
2002-06-14,20.05,20.10,18.80,19.60,23400,6.40
2002-06-13,21.00,21.00,20.00,20.12,18700,6.57
2002-06-12,21.40,21.74,20.45,20.80,17400,6.80
2002-06-11,21.50,21.70,21.20,21.65,14000,7.07
2002-06-10,21.50,21.73,21.36,21.52,12600,7.03
2002-06-07,21.00,21.39,20.85,21.35,8000,6.98
2002-06-06,21.25,21.25,20.70,20.95,16000,6.84
2002-06-05,21.28,21.38,21.25,21.25,9500,6.94
2002-06-04,21.10,21.24,21.01,21.24,6000,6.94
2002-06-03,21.19,21.20,20.60,21.00,10900,6.86
2002-05-31,21.49,21.49,20.90,21.05,8500,6.88
2002-05-30,21.25,21.59,21.00,21.25,10800,6.94
2002-05-29,21.44,21.60,20.91,21.50,15400,7.02
2002-05-28,21.33,21.44,21.03,21.40,13900,6.99
2002-05-24,21.30,21.30,20.50,21.20,14900,6.93
2002-05-23,21.35,21.35,20.78,21.10,16900,6.89
2002-05-22,21.10,21.38,20.85,21.25,14600,6.94
2002-05-21,21.20,21.39,20.75,21.10,14300,6.89
2002-05-20,21.55,21.70,20.70,21.05,18000,6.88
2002-05-17,20.89,21.75,20.89,21.50,48800,7.02
2002-05-16,19.30,20.99,19.30,20.81,42100,6.80
2002-05-15,19.21,19.32,19.00,19.32,6300,6.31
2002-05-14,19.00,19.35,18.85,19.33,11000,6.32
2002-05-13,19.10,19.43,18.70,18.90,4700,6.17
2002-05-10,19.39,19.50,18.40,19.20,11600,6.27
2002-05-09,19.45,19.50,19.13,19.39,6200,6.33
2002-05-08,19.40,19.64,19.11,19.40,9800,6.34
2002-05-07,19.70,19.79,19.20,19.50,10900,6.37
2002-05-06,19.90,19.95,19.10,19.88,9200,6.49
2002-05-03,20.10,20.15,19.80,19.80,6800,6.47
2002-05-02,19.95,20.20,19.04,20.20,12700,6.60
2002-05-01,20.10,20.50,19.73,19.80,12400,6.47
2002-04-30,20.15,20.62,20.10,20.10,8500,6.57
2002-04-29,20.40,20.57,20.11,20.11,4600,6.57
2002-04-26,20.35,20.64,20.05,20.30,9100,6.63
2002-04-25,20.00,20.40,19.80,20.35,12000,6.65
2002-04-24,20.40,20.40,20.05,20.05,8800,6.55
2002-04-23,20.20,20.25,20.00,20.25,12600,6.62
2002-04-22,20.20,20.35,20.00,20.30,7600,6.63
2002-04-19,20.40,20.40,20.07,20.30,7800,6.63
2002-04-18,20.35,20.49,20.20,20.49,7200,6.69
2002-04-17,20.36,20.60,20.36,20.50,7200,6.70
2002-04-16,20.69,20.69,20.20,20.48,15200,6.69
2002-04-15,20.66,21.00,20.50,20.50,12000,6.70
2002-04-12,20.49,20.66,20.35,20.66,11000,6.75
2002-04-11,21.00,21.00,20.56,20.81,16700,6.65
2002-04-10,20.90,20.95,20.53,20.94,8200,6.69
2002-04-09,20.85,20.99,20.81,20.96,8600,6.69
2002-04-08,20.85,21.07,20.50,20.81,9700,6.65
2002-04-05,20.80,20.86,20.50,20.75,12300,6.63
2002-04-04,20.37,20.89,20.37,20.50,6500,6.55
2002-04-03,20.90,21.30,20.35,20.40,10300,6.51
2002-04-02,20.51,20.85,20.30,20.75,5600,6.63
2002-04-01,20.80,21.25,20.51,20.53,10900,6.56
2002-03-28,20.85,21.00,20.35,20.73,8200,6.62
2002-03-27,20.87,21.30,20.55,20.90,11300,6.67
2002-03-26,20.75,20.89,20.51,20.87,7700,6.66
2002-03-25,20.40,20.75,20.16,20.50,16300,6.55
2002-03-22,20.65,20.65,20.51,20.65,8200,6.59
2002-03-21,20.60,20.88,20.60,20.65,8500,6.59
2002-03-20,20.60,20.60,20.16,20.51,10000,6.55
2002-03-19,20.50,20.91,20.15,20.75,22100,6.63
2002-03-18,20.50,20.94,20.14,20.25,14900,6.47
2002-03-15,20.99,20.99,20.11,20.14,7500,6.43
2002-03-14,21.18,21.18,20.08,20.54,12900,6.56
2002-03-13,20.60,21.18,20.60,21.18,13100,6.76
2002-03-12,20.97,21.10,20.50,20.84,31500,6.66
2002-03-11,20.99,21.12,20.51,20.60,21900,6.58
2002-03-08,20.76,21.25,20.45,20.99,20600,6.70
2002-03-07,21.00,21.24,20.71,20.76,30300,6.63
2002-03-06,20.25,21.44,20.25,21.19,34800,6.77
2002-03-05,19.89,20.25,19.60,20.25,23600,6.47
2002-03-04,19.75,19.80,19.51,19.75,8900,6.31
2002-03-01,19.40,19.99,19.40,19.79,6100,6.32
2002-02-28,19.75,19.99,19.75,19.99,9800,6.38
2002-02-27,19.60,19.94,19.40,19.75,19100,6.31
2002-02-26,19.70,19.78,19.40,19.55,9800,6.24
2002-02-25,19.60,19.84,19.15,19.79,9800,6.32
2002-02-22,19.50,19.80,19.35,19.60,14200,6.26
2002-02-21,19.20,19.60,18.90,19.60,6800,6.26
2002-02-20,19.79,19.80,18.75,19.21,11900,6.13
2002-02-19,19.58,19.80,19.26,19.45,13400,6.21
2002-02-15,19.60,20.00,19.30,19.58,16800,6.25
2002-02-14,19.50,19.75,19.36,19.60,7800,6.26
2002-02-13,19.65,20.09,19.35,19.95,19100,6.37
2002-02-12,18.60,19.95,18.51,19.95,23500,6.37
2002-02-11,18.94,19.65,18.90,19.40,27800,6.20
2002-02-08,18.04,18.94,17.81,18.94,19200,6.05
2002-02-07,18.04,18.05,17.80,17.86,7600,5.70
2002-02-06,18.00,18.05,17.40,18.00,4900,5.75
2002-02-05,17.32,18.09,17.31,17.80,10700,5.68
2002-02-04,17.98,17.99,17.32,17.32,12700,5.53
2002-02-01,17.50,18.00,17.40,17.76,13200,5.67
2002-01-31,17.35,18.49,17.20,17.50,16900,5.59
2002-01-30,17.29,17.52,16.80,17.50,33400,5.59
2002-01-29,16.99,17.28,16.91,17.28,17400,5.52
2002-01-28,17.25,17.25,16.51,16.97,32700,5.42
2002-01-25,17.47,17.48,17.10,17.22,10000,5.50
2002-01-24,17.29,17.30,17.00,17.29,9300,5.52
2002-01-23,17.10,17.40,17.04,17.11,16500,5.46
2002-01-22,17.74,17.74,17.01,17.11,17400,5.46
2002-01-18,17.59,17.94,16.60,17.55,30400,5.60
2002-01-17,18.71,18.71,17.11,17.84,25900,5.70
2002-01-16,17.76,18.74,17.76,18.59,20800,5.94
2002-01-15,19.23,19.23,17.05,18.00,61100,5.75
2002-01-14,19.91,20.25,19.75,19.80,11700,6.17
2002-01-11,19.80,20.10,19.07,20.10,11100,6.27
2002-01-10,19.95,20.40,19.50,19.87,15200,6.20
2002-01-09,20.06,20.70,20.01,20.01,7600,6.24
2002-01-08,20.15,20.50,19.91,20.15,12800,6.28
2002-01-07,19.50,20.25,19.25,20.00,19400,6.24
2002-01-04,18.91,19.51,18.91,19.50,12800,6.08
2002-01-03,18.91,19.10,18.75,19.00,9100,5.92
2002-01-02,18.55,19.20,18.55,18.91,10500,5.90
2001-12-31,18.06,18.60,18.06,18.40,11200,5.74
2001-12-28,17.20,18.60,17.20,18.05,23100,5.63
2001-12-27,17.40,17.48,17.00,17.35,12000,5.41
2001-12-26,17.77,17.79,16.90,17.68,15500,5.51
2001-12-24,17.10,17.50,16.75,17.50,9000,5.46
2001-12-21,16.90,17.48,16.85,16.85,14200,5.25
2001-12-20,17.20,17.26,16.90,17.00,19200,5.30
2001-12-19,17.35,17.37,16.90,17.06,7900,5.32
2001-12-18,17.30,17.39,16.91,17.37,14400,5.42
2001-12-17,17.30,17.65,16.61,17.05,14600,5.32
2001-12-14,17.25,17.35,16.60,17.05,12500,5.32
2001-12-13,17.25,17.79,17.25,17.50,21700,5.46
2001-12-12,17.89,18.00,17.01,17.10,12300,5.33
2001-12-11,18.03,18.35,17.49,17.94,17200,5.59
2001-12-10,17.97,18.45,17.78,17.78,11700,5.54
2001-12-07,17.73,17.97,17.62,17.97,15600,5.60
2001-12-06,17.80,18.10,17.50,17.74,27600,5.53
2001-12-05,18.98,18.98,17.50,17.90,31100,5.58
2001-12-04,19.50,19.50,18.25,18.95,49000,5.91
2001-12-03,20.00,20.00,19.60,19.60,6300,6.11
2001-11-30,20.40,20.50,20.00,20.05,10900,6.25
2001-11-29,21.00,21.00,20.18,20.25,8700,6.31
2001-11-28,20.75,21.10,20.65,20.80,18600,6.49
2001-11-27,20.90,21.00,20.40,20.90,7900,6.52
2001-11-26,20.75,21.10,20.50,21.00,12900,6.55
2001-11-23,20.35,21.00,20.35,20.95,4500,6.53
2001-11-21,20.75,21.20,20.40,20.50,9900,6.39
2001-11-20,20.84,21.79,20.50,20.65,13400,6.44
2001-11-19,20.00,20.84,20.00,20.84,23000,6.50
2001-11-16,20.42,20.42,19.55,19.95,11400,6.22
2001-11-15,20.20,20.44,19.91,20.30,7000,6.33
2001-11-14,19.85,20.20,19.77,20.20,12700,6.30
2001-11-13,20.05,20.35,19.55,19.90,11700,6.20
2001-11-12,20.00,20.35,19.90,20.00,7900,6.24
2001-11-09,20.00,20.08,19.85,19.90,5500,6.20
2001-11-08,20.00,20.15,19.61,20.05,9600,6.25
2001-11-07,20.10,20.25,19.95,19.95,9000,6.22
2001-11-06,19.90,20.25,19.90,20.01,19400,6.24
2001-11-05,19.00,20.00,19.00,19.76,18300,6.16
2001-11-02,18.60,19.00,18.02,19.00,17200,5.92
2001-11-01,18.40,18.59,18.00,18.50,8600,5.77
2001-10-31,18.30,18.45,17.76,18.25,20400,5.69
2001-10-30,18.02,18.50,18.00,18.20,14300,5.67
2001-10-29,18.84,18.94,18.00,18.02,14100,5.62
2001-10-26,17.85,18.75,17.75,18.74,7300,5.84
2001-10-25,17.75,18.10,17.30,17.90,7000,5.58
2001-10-24,18.27,18.49,17.60,18.15,23600,5.66
2001-10-23,18.70,18.80,18.28,18.30,19700,5.71
2001-10-22,19.00,19.00,18.56,18.90,22900,5.89
2001-10-19,18.95,19.10,18.56,18.85,15500,5.88
2001-10-18,19.29,19.29,18.74,18.74,12400,5.84
2001-10-17,19.00,19.29,18.76,19.29,14200,6.01
2001-10-16,19.00,19.30,18.74,19.15,18800,5.97
2001-10-15,18.85,19.10,18.60,18.75,13200,5.85
2001-10-12,19.65,19.89,18.93,19.40,23300,5.90
2001-10-11,19.39,19.64,18.82,19.60,17400,5.96
2001-10-10,19.00,19.38,18.60,19.37,17900,5.89
2001-10-09,18.75,19.20,18.00,19.20,17500,5.84
2001-10-08,18.50,18.70,18.11,18.70,22600,5.69
2001-10-05,18.40,18.95,18.25,18.70,12800,5.69
2001-10-04,19.65,19.69,18.40,18.40,19800,5.60
2001-10-03,19.10,19.89,19.10,19.74,24000,6.01
2001-10-02,19.33,19.90,18.10,18.90,24500,5.75
2001-10-01,17.60,19.30,17.50,19.30,39200,5.87
2001-09-28,17.90,17.99,17.00,17.65,15800,5.37
2001-09-27,18.40,18.40,17.50,17.99,23900,5.47
2001-09-26,18.99,18.99,18.12,18.50,14200,5.63
2001-09-25,18.97,19.14,18.59,18.85,7600,5.74
2001-09-24,18.60,19.15,18.01,18.96,15200,5.77
2001-09-21,20.01,20.05,18.25,18.60,21400,5.66
2001-09-20,20.06,20.68,20.06,20.06,22200,6.10
2001-09-19,20.77,20.88,20.01,20.09,11600,6.11
2001-09-18,19.90,20.71,19.90,20.70,14000,6.30
2001-09-17,20.59,20.59,19.90,19.98,10800,6.08
2001-09-10,20.50,20.70,20.20,20.65,19100,6.28
2001-09-07,20.29,20.50,20.29,20.30,16500,6.18
2001-09-06,20.34,20.35,20.27,20.27,5600,6.17
2001-09-05,20.10,20.39,20.10,20.26,8200,6.16
2001-09-04,20.10,20.34,20.04,20.11,11000,6.12
2001-08-31,20.35,20.35,20.04,20.10,5700,6.12
2001-08-30,20.30,20.34,20.03,20.34,11700,6.19
2001-08-29,20.21,20.39,20.07,20.34,7500,6.19
2001-08-28,20.35,20.35,20.06,20.28,15300,6.17
2001-08-27,20.39,20.39,20.07,20.34,14200,6.19
2001-08-24,20.11,20.39,19.91,20.39,13200,6.20
2001-08-23,20.35,20.39,20.00,20.39,4200,6.20
2001-08-22,20.40,20.40,20.05,20.25,8300,6.16
2001-08-21,20.15,20.43,19.95,20.42,8000,6.21
2001-08-20,19.90,20.18,19.70,20.15,9800,6.13
2001-08-17,19.85,20.00,19.67,19.80,10200,6.02
2001-08-16,20.05,20.15,19.60,19.84,11600,6.04
2001-08-15,20.05,20.14,19.81,20.14,6900,6.13
2001-08-14,19.77,20.12,19.56,20.11,11200,6.12
2001-08-13,19.91,20.20,19.72,19.77,10000,6.02
2001-08-10,20.00,20.09,19.80,20.00,9700,6.09
2001-08-09,19.80,20.20,19.73,19.95,13400,6.07
2001-08-08,20.00,20.15,19.72,19.75,15900,6.01
2001-08-07,19.89,20.10,19.89,20.00,3900,6.09
2001-08-06,20.20,20.25,19.74,19.80,9300,6.02
2001-08-03,20.45,20.45,20.08,20.30,10700,6.18
2001-08-02,20.37,20.50,20.31,20.45,15700,6.22
2001-08-01,20.38,20.38,20.07,20.35,10000,6.19
2001-07-31,20.10,20.37,20.10,20.33,9200,6.19
2001-07-30,20.05,20.19,19.80,20.15,7100,6.13
2001-07-27,20.15,20.24,19.70,20.20,8900,6.15
2001-07-26,20.20,20.25,19.96,20.00,6100,6.09
2001-07-25,20.12,20.20,20.12,20.13,3100,6.12
2001-07-24,20.38,20.38,20.11,20.25,5900,6.16
2001-07-23,20.25,20.25,20.20,20.25,6500,6.16
2001-07-20,19.76,20.37,19.76,20.25,16400,6.16
2001-07-19,20.30,20.35,19.76,19.80,14500,6.02
2001-07-18,20.30,20.40,20.25,20.25,5100,6.16
2001-07-17,20.70,20.70,20.00,20.40,9900,6.21
2001-07-16,20.90,21.00,20.60,20.60,6700,6.27
2001-07-13,20.90,21.00,20.60,21.00,11200,6.39
2001-07-12,21.25,21.40,21.01,21.24,11400,6.32
2001-07-11,20.87,21.26,20.80,21.15,12100,6.29
2001-07-10,20.90,21.09,20.71,21.09,11400,6.27
2001-07-09,20.80,20.80,20.26,20.51,8100,6.10
2001-07-06,20.50,20.80,20.20,20.80,7600,6.19
2001-07-05,20.30,20.74,20.20,20.25,7200,6.03
2001-07-03,20.50,20.50,20.27,20.27,8700,6.03
2001-07-02,20.50,20.74,20.20,20.50,7600,6.10
2001-06-29,20.50,20.60,20.18,20.25,5700,6.03
2001-06-28,20.00,20.68,20.00,20.34,27500,6.05
2001-06-27,20.19,20.28,20.04,20.10,8300,5.98
2001-06-26,20.30,20.34,20.08,20.27,15800,6.03
2001-06-25,20.44,20.49,20.15,20.40,12800,6.07
2001-06-22,20.09,20.44,20.09,20.44,9800,6.08
2001-06-21,20.00,20.30,19.91,20.30,12400,6.04
2001-06-20,20.20,20.20,19.90,20.00,8600,5.95
2001-06-19,19.76,20.23,19.72,20.20,8900,6.01
2001-06-18,20.01,20.24,19.76,19.99,5100,5.95
2001-06-15,20.24,20.24,19.72,20.00,8800,5.95
2001-06-14,20.25,20.25,19.85,20.19,14900,6.01
2001-06-13,20.03,20.25,20.02,20.03,8400,5.96
2001-06-12,20.00,20.29,19.90,20.25,11100,6.03
2001-06-11,20.25,20.45,19.73,20.29,11300,6.04
2001-06-08,20.07,20.50,20.00,20.45,15800,6.08
2001-06-07,20.20,20.39,20.05,20.10,6700,5.98
2001-06-06,20.20,20.39,20.00,20.30,11100,6.04
2001-06-05,19.89,20.23,19.50,20.15,14400,6.00
2001-06-04,20.18,20.23,19.66,20.05,7200,5.97
2001-06-01,19.82,20.18,19.76,20.10,7700,5.98
2001-05-31,20.30,20.30,19.81,19.86,14100,5.91
2001-05-30,20.00,20.20,19.81,20.05,13300,5.97
2001-05-29,20.40,20.68,20.00,20.19,11900,6.01
2001-05-25,20.01,20.55,19.75,20.40,13400,6.07
2001-05-24,20.00,20.68,19.76,20.68,12400,6.15
2001-05-23,19.85,20.50,19.85,20.00,14200,5.95
2001-05-22,19.90,20.25,19.87,19.96,9500,5.94
2001-05-21,20.00,20.10,19.80,19.96,8800,5.94
2001-05-18,20.60,20.95,19.97,20.15,9600,6.00
2001-05-17,20.70,20.98,20.42,20.42,9300,6.08
2001-05-16,20.40,20.85,20.05,20.60,10600,6.13
2001-05-15,20.24,20.55,20.00,20.55,6100,6.11
2001-05-14,20.40,20.45,20.20,20.44,11000,6.08
2001-05-11,20.50,20.50,20.25,20.40,4200,6.07
2001-05-10,20.50,20.80,19.75,20.48,21900,6.09
2001-05-09,20.90,20.90,19.85,20.40,22800,6.07
2001-05-08,20.50,20.99,20.50,20.99,11500,6.25
2001-05-07,20.40,20.95,20.40,20.50,8000,6.10
2001-05-04,20.25,21.00,20.15,20.65,9000,6.14
2001-05-03,19.51,20.25,19.51,20.00,5600,5.95
2001-05-02,19.58,20.00,19.58,19.61,14600,5.83
2001-05-01,19.50,19.85,19.07,19.38,10900,5.77
2001-04-30,19.40,19.70,19.40,19.49,9100,5.80
2001-04-27,19.00,19.40,18.96,19.40,13200,5.77
2001-04-26,19.00,19.10,18.80,19.05,9200,5.67
2001-04-25,18.65,18.99,18.65,18.99,9000,5.65
2001-04-24,19.06,19.06,18.55,18.69,12100,5.56
2001-04-23,19.18,19.22,19.06,19.10,4700,5.68
2001-04-20,19.71,19.90,19.20,19.40,11200,5.77
2001-04-19,18.75,19.85,18.70,19.80,21100,5.89
2001-04-18,19.25,19.25,18.43,18.80,32100,5.59
2001-04-17,20.40,20.75,19.20,19.45,34800,5.79
2001-04-16,20.87,20.87,20.65,20.65,10500,6.14
2001-04-12,21.00,21.40,20.75,20.75,17600,6.17
2001-04-11,20.44,21.00,20.44,20.99,6100,6.25
2001-04-10,20.90,21.50,20.76,21.16,11200,6.16
2001-04-09,21.00,21.10,20.85,20.85,6000,6.07
2001-04-06,21.10,21.25,20.81,20.88,7700,6.07
2001-04-05,20.75,21.40,20.75,21.05,15900,6.12
2001-04-04,20.61,20.99,20.61,20.67,13300,6.01
2001-04-03,20.62,20.99,20.62,20.99,18300,6.11
2001-04-02,20.76,20.99,20.61,20.63,9300,6.00
2001-03-30,20.71,20.99,20.71,20.91,17200,6.08
2001-03-29,20.95,20.95,20.70,20.80,7000,6.05
2001-03-28,20.41,21.00,20.41,20.99,24600,6.11
2001-03-27,20.49,21.00,20.06,20.75,21600,6.04
2001-03-26,20.20,20.35,19.80,20.07,11900,5.84
2001-03-23,19.75,20.49,19.51,20.23,16400,5.89
2001-03-22,19.89,20.00,19.40,19.55,28100,5.69
2001-03-21,19.85,19.89,19.50,19.87,16700,5.78
2001-03-20,19.50,19.88,19.50,19.76,10300,5.75
2001-03-19,18.99,19.47,18.99,19.25,9900,5.60
2001-03-16,19.10,19.48,19.00,19.00,9400,5.53
2001-03-15,18.99,19.38,18.60,19.15,11900,5.57
2001-03-14,19.50,19.50,18.70,18.99,8700,5.52
2001-03-13,19.20,19.58,18.40,18.79,23200,5.47
2001-03-12,18.50,19.22,18.30,19.00,13500,5.53
2001-03-09,19.60,19.90,18.70,18.70,25500,5.44
2001-03-08,19.40,19.98,19.25,19.80,16500,5.76
2001-03-07,18.60,19.55,18.35,19.51,29300,5.68
2001-03-06,18.75,19.10,18.50,19.10,18200,5.56
2001-03-05,18.75,19.25,18.15,18.99,26800,5.52
2001-03-02,19.80,20.00,18.10,18.79,67900,5.47
2001-03-01,20.06,20.35,20.04,20.04,20800,5.83
2001-02-28,19.90,20.22,19.90,20.02,3600,5.82
2001-02-27,20.07,20.11,20.00,20.10,10400,5.85
2001-02-26,20.12,20.15,19.68,20.01,29900,5.82
2001-02-23,19.90,20.10,19.90,20.10,6800,5.85
2001-02-22,19.86,19.90,19.70,19.90,10300,5.79
2001-02-21,19.80,20.08,19.75,19.90,9000,5.79
2001-02-20,19.52,19.99,19.30,19.95,12900,5.80
2001-02-16,20.13,20.13,19.57,19.65,15500,5.72
2001-02-15,20.00,20.14,19.75,20.08,20300,5.84
2001-02-14,19.76,20.00,19.50,19.80,20100,5.76
2001-02-13,20.00,20.25,19.76,20.00,13200,5.82
2001-02-12,19.74,20.45,19.51,20.01,27100,5.82
2001-02-09,19.66,20.00,19.00,19.70,21300,5.73
2001-02-08,20.01,20.39,19.76,19.79,44800,5.76
2001-02-07,19.76,20.39,19.40,20.01,29700,5.82
2001-02-06,19.00,20.00,19.00,20.00,46900,5.82
2001-02-05,18.82,19.00,18.30,18.80,28200,5.47
2001-02-02,18.45,19.35,18.20,18.70,26100,5.44
2001-02-01,17.99,18.25,17.76,18.25,33500,5.31
2001-01-31,18.00,18.00,17.50,17.90,22600,5.21
2001-01-30,17.60,18.00,17.40,18.00,25700,5.24
2001-01-29,17.88,17.88,17.50,17.68,20800,5.14
2001-01-26,17.88,18.25,17.75,18.00,31000,5.24
2001-01-25,17.69,18.25,17.50,17.94,26100,5.22
2001-01-24,17.25,18.00,17.25,17.94,19800,5.22
2001-01-23,17.62,18.25,17.00,17.00,64500,4.95
2001-01-22,17.38,17.75,17.25,17.69,25500,5.15
2001-01-19,17.25,17.44,16.56,17.19,14200,5.00
2001-01-18,17.12,17.50,17.06,17.44,25500,5.07
2001-01-17,17.25,17.50,17.06,17.12,29800,4.98
2001-01-16,16.75,17.25,16.12,17.12,39300,4.98
2001-01-12,16.19,17.50,16.19,16.88,34800,4.91
2001-01-11,16.25,17.44,16.25,16.88,49600,4.77
2001-01-10,15.69,16.69,15.69,16.50,43800,4.67
2001-01-09,15.12,15.81,14.88,15.81,16100,4.47
2001-01-08,15.38,15.56,14.81,15.25,10500,4.31
2001-01-05,15.25,15.62,14.81,15.38,8600,4.35
2001-01-04,15.06,15.56,14.81,15.25,11700,4.31
2001-01-03,14.38,15.06,14.31,15.06,10100,4.26
2001-01-02,13.12,14.50,12.81,14.50,24700,4.10
2000-12-29,12.88,13.62,12.75,13.25,28400,3.75
2000-12-28,13.06,13.06,12.50,12.88,22400,3.64
2000-12-27,13.06,13.25,12.75,13.00,15200,3.68
2000-12-26,13.06,13.50,13.06,13.12,13600,3.71
2000-12-22,13.12,13.38,13.00,13.06,22800,3.69
2000-12-21,12.38,13.25,12.12,13.25,28300,3.75
2000-12-20,12.38,12.50,12.06,12.44,21000,3.52
2000-12-19,12.31,12.50,12.19,12.44,27100,3.52
2000-12-18,12.06,12.44,11.81,12.44,24000,3.52
2000-12-15,12.25,12.44,12.12,12.25,21500,3.46
2000-12-14,12.38,12.44,12.12,12.19,9200,3.45
2000-12-13,12.19,12.44,12.12,12.44,20000,3.52
2000-12-12,12.19,12.38,12.06,12.25,15300,3.46
2000-12-11,12.75,12.75,11.94,12.25,27100,3.46
2000-12-08,12.56,12.69,12.38,12.69,19600,3.59
2000-12-07,12.50,12.75,12.38,12.69,10500,3.59
2000-12-06,12.75,12.81,12.25,12.50,18800,3.54
2000-12-05,12.12,12.81,11.88,12.75,36900,3.61
2000-12-04,11.75,12.44,11.50,12.12,48300,3.43
2000-12-01,12.12,12.75,11.88,11.88,27400,3.36
2000-11-30,12.50,12.88,11.88,12.19,24100,3.45
2000-11-29,12.94,12.94,12.12,12.62,23800,3.57
2000-11-28,13.50,13.75,12.81,13.00,16700,3.68
2000-11-27,13.88,14.06,13.50,13.56,16600,3.84
2000-11-24,13.88,13.94,13.88,13.94,1700,3.94
2000-11-22,14.00,14.00,13.62,13.62,12100,3.85
2000-11-21,13.88,14.00,13.88,13.88,7900,3.92
2000-11-20,14.00,14.06,13.88,13.94,14300,3.94
2000-11-17,13.88,14.06,13.75,14.06,12200,3.98
2000-11-16,13.88,14.00,13.81,13.88,7400,3.92
2000-11-15,13.81,14.00,13.75,13.94,14900,3.94
2000-11-14,13.81,14.06,13.81,13.81,7500,3.91
2000-11-13,13.88,14.19,13.62,13.81,27800,3.91
2000-11-10,13.75,14.25,13.75,13.75,10500,3.89
2000-11-09,14.50,14.50,13.50,14.00,25400,3.96
2000-11-08,14.12,14.38,14.00,14.38,6100,4.07
2000-11-07,14.38,14.50,14.00,14.12,10000,4.00
2000-11-06,14.25,14.38,14.06,14.36,9300,4.06
2000-11-03,14.12,14.38,13.94,14.12,10500,4.00
2000-11-02,14.31,14.44,14.25,14.25,9200,4.03
2000-11-01,14.12,14.31,14.00,14.19,7000,4.01
2000-10-31,14.44,14.44,14.12,14.25,7500,4.03
2000-10-30,14.62,14.62,14.25,14.31,5700,4.05
2000-10-27,14.56,14.62,14.56,14.62,1500,4.14
2000-10-26,14.56,14.69,14.50,14.69,3000,4.15
2000-10-25,14.50,14.62,14.38,14.50,4300,4.10
2000-10-24,14.25,14.69,14.25,14.50,4100,4.10
2000-10-23,14.56,14.56,14.38,14.38,4500,4.07
2000-10-20,14.62,14.69,14.44,14.69,5200,4.15
2000-10-19,14.62,14.69,14.62,14.69,8200,4.15
2000-10-18,14.69,14.88,14.62,14.62,19300,4.14
2000-10-17,14.62,14.88,14.56,14.88,8900,4.21
2000-10-16,14.88,14.88,14.56,14.75,4900,4.17
2000-10-13,15.56,15.56,15.00,15.00,6200,4.24
2000-10-12,16.19,16.25,15.56,16.00,17400,4.39
2000-10-11,15.94,16.19,15.88,16.19,7800,4.44
2000-10-10,16.00,16.00,15.50,15.94,15100,4.38
2000-10-09,15.38,16.00,15.38,15.88,7900,4.36
2000-10-06,15.31,15.44,15.25,15.44,13900,4.24
2000-10-05,15.19,15.44,15.00,15.25,8700,4.19
2000-10-04,14.94,15.25,14.94,15.12,18300,4.15
2000-10-03,15.12,15.12,14.81,14.88,14800,4.08
2000-10-02,15.00,15.19,14.88,15.19,2900,4.17
2000-09-29,14.88,15.25,14.88,14.88,4100,4.08
2000-09-28,15.00,15.19,14.88,15.00,5200,4.12
2000-09-27,14.69,15.00,14.62,14.94,7300,4.10
2000-09-26,14.75,14.94,14.62,14.75,7800,4.05
2000-09-25,15.44,15.44,14.81,14.81,11800,4.07
2000-09-22,15.00,15.44,14.75,15.44,11800,4.24
2000-09-21,15.00,15.38,15.00,15.12,2700,4.15
2000-09-20,15.62,15.62,15.00,15.06,9700,4.14
2000-09-19,15.88,16.06,15.38,15.75,30000,4.32
2000-09-18,16.00,16.00,15.56,15.75,5900,4.32
2000-09-15,16.00,16.25,15.88,16.12,15500,4.43
2000-09-14,16.00,16.25,16.00,16.06,6500,4.41
2000-09-13,15.88,16.19,15.81,15.94,11000,4.38
2000-09-12,15.62,16.00,15.56,15.88,9600,4.36
2000-09-11,15.38,15.75,15.38,15.38,13500,4.22
2000-09-08,15.38,15.44,15.25,15.25,8000,4.19
2000-09-07,15.50,15.62,15.12,15.38,17800,4.22
2000-09-06,15.12,15.50,15.12,15.50,10700,4.26
2000-09-05,15.00,15.44,14.62,15.25,17300,4.19
2000-09-01,15.00,15.00,14.62,14.75,9200,4.05
2000-08-31,14.75,15.12,14.62,14.88,9300,4.08
2000-08-30,14.75,15.00,14.62,14.88,11900,4.08
2000-08-29,14.69,14.88,14.50,14.50,15200,3.98
2000-08-28,14.88,15.00,14.62,14.75,23700,4.05
2000-08-25,14.88,15.06,14.75,14.94,11800,4.10
2000-08-24,14.88,15.25,14.69,14.75,27200,4.05
2000-08-23,15.50,15.50,14.94,14.94,14900,4.10
2000-08-22,14.75,15.50,14.69,15.50,12600,4.26
2000-08-21,14.50,14.88,14.38,14.38,24100,3.95
2000-08-18,14.12,14.38,13.94,14.38,13600,3.95
2000-08-17,14.38,14.38,14.06,14.25,14100,3.91
2000-08-16,14.75,14.75,14.19,14.38,18600,3.95
2000-08-15,14.75,14.88,14.50,14.62,14300,4.02
2000-08-14,14.31,14.62,14.31,14.62,13700,4.02
2000-08-11,14.19,14.44,14.19,14.31,9100,3.93
2000-08-10,14.25,14.38,14.19,14.19,6700,3.90
2000-08-09,14.38,14.44,14.12,14.25,13800,3.91
2000-08-08,14.19,14.44,14.12,14.25,10600,3.91
2000-08-07,14.19,14.31,14.06,14.25,5300,3.91
2000-08-04,13.94,14.38,13.62,14.19,12600,3.90
2000-08-03,13.88,14.00,13.75,13.88,11700,3.81
2000-08-02,14.00,14.00,13.75,14.00,19500,3.84
2000-08-01,13.75,13.94,13.50,13.75,12800,3.78
2000-07-31,14.06,14.06,13.50,13.88,6200,3.81
2000-07-28,14.50,14.50,13.62,13.94,30500,3.83
2000-07-27,14.62,14.75,14.50,14.50,3800,3.98
2000-07-26,15.00,15.00,14.50,14.75,7300,4.05
2000-07-25,15.00,15.00,14.75,14.75,2000,4.05
2000-07-24,15.00,15.00,14.50,14.88,13000,4.08
2000-07-21,15.00,15.12,15.00,15.00,4600,4.12
2000-07-20,15.25,15.31,15.00,15.25,4100,4.19
2000-07-19,14.75,15.19,14.75,15.00,16200,4.12
2000-07-18,14.56,15.12,14.56,14.88,7100,4.08
2000-07-17,15.00,15.00,14.50,14.50,5300,3.98
2000-07-14,14.94,15.25,14.75,15.00,13200,4.12
2000-07-13,14.69,15.38,14.69,15.06,5800,4.14
2000-07-12,15.75,15.75,14.75,15.06,34400,4.01
2000-07-11,15.69,15.75,15.50,15.62,6200,4.16
2000-07-10,15.50,15.62,15.12,15.50,5600,4.12
2000-07-07,15.25,15.69,15.25,15.69,6500,4.17
2000-07-06,15.50,15.69,15.00,15.25,10000,4.06
2000-07-05,15.69,15.75,15.44,15.50,3200,4.12
2000-07-03,15.75,15.75,15.44,15.44,6100,4.11
2000-06-30,15.06,15.69,15.06,15.69,4100,4.17
2000-06-29,15.25,15.25,15.12,15.12,2200,4.02
2000-06-28,15.50,15.56,15.06,15.31,8900,4.07
2000-06-27,15.25,15.50,14.81,15.50,13500,4.12
2000-06-26,15.38,15.50,15.12,15.50,10000,4.12
2000-06-23,16.19,16.19,15.38,16.00,7100,4.26
2000-06-22,16.19,16.19,15.94,16.00,3800,4.26
2000-06-21,16.25,16.25,15.38,16.19,10500,4.31
2000-06-20,16.50,16.81,16.06,16.25,6300,4.32
2000-06-19,16.50,16.75,16.50,16.50,4700,4.39
2000-06-16,16.38,16.50,16.25,16.50,3600,4.39
2000-06-15,16.50,16.81,16.06,16.25,9900,4.32
2000-06-14,17.56,17.56,16.50,16.50,13300,4.39
2000-06-13,17.06,17.75,17.00,17.69,7900,4.71
2000-06-12,17.56,17.56,17.25,17.25,7100,4.59
2000-06-09,17.00,17.69,17.00,17.69,4800,4.71
2000-06-08,17.00,17.12,16.88,17.12,2700,4.56
2000-06-07,16.81,17.25,16.81,17.12,11900,4.56
2000-06-06,16.62,16.88,16.62,16.62,2700,4.42
2000-06-05,16.44,16.50,16.06,16.50,13200,4.39
2000-06-02,16.50,16.69,16.50,16.56,7100,4.41
2000-06-01,16.44,17.00,16.00,16.25,13500,4.32
2000-05-31,16.06,16.25,15.81,16.19,12400,4.31
2000-05-30,15.94,16.25,15.94,16.12,7800,4.29
2000-05-26,15.69,15.94,15.69,15.94,6700,4.24
2000-05-25,16.12,16.38,15.62,16.00,12300,4.26
2000-05-24,16.62,16.62,15.88,16.62,18900,4.42
2000-05-23,16.81,16.94,16.62,16.62,4300,4.42
2000-05-22,16.88,17.31,16.81,16.81,6900,4.47
2000-05-19,16.75,17.38,16.75,17.00,5400,4.52
2000-05-18,16.81,17.00,16.62,16.88,5600,4.49
2000-05-17,16.88,16.88,16.25,16.56,12800,4.41
2000-05-16,16.62,17.62,16.62,16.69,10700,4.44
2000-05-15,16.75,17.12,16.62,16.62,6700,4.42
2000-05-12,17.69,17.69,16.81,16.88,4600,4.49
2000-05-11,17.75,17.88,17.62,17.75,11300,4.72
2000-05-10,18.38,18.38,17.50,17.69,9500,4.71
2000-05-09,17.75,18.12,17.62,18.12,4400,4.82
2000-05-08,18.00,18.25,17.62,18.00,8300,4.79
2000-05-05,18.12,18.25,17.88,18.00,4000,4.79
2000-05-04,18.00,18.38,17.81,18.38,2900,4.89
2000-05-03,17.62,17.75,17.62,17.75,5400,4.72
2000-05-02,17.81,17.94,17.62,17.75,5100,4.72
2000-05-01,17.62,17.88,17.56,17.56,2600,4.67
2000-04-28,17.50,17.62,17.12,17.62,6300,4.69
2000-04-27,17.12,17.38,17.12,17.38,6300,4.62
2000-04-26,17.06,17.31,17.06,17.19,13400,4.57
2000-04-25,17.00,17.25,17.00,17.25,6600,4.59
2000-04-24,16.56,17.25,16.38,17.00,23900,4.52
2000-04-20,16.12,16.62,16.12,16.31,4800,4.34
2000-04-19,16.00,16.25,15.94,16.25,8600,4.32
2000-04-18,16.00,16.50,16.00,16.50,6500,4.39
2000-04-17,16.06,16.38,16.00,16.00,14100,4.26
2000-04-14,16.62,16.62,16.12,16.19,18800,4.31
2000-04-13,16.25,16.50,15.75,16.25,11800,4.32
2000-04-12,16.06,16.25,16.00,16.12,16300,4.29
2000-04-11,17.25,17.31,17.00,17.00,9600,4.40
2000-04-10,17.06,17.31,17.00,17.12,5400,4.43
2000-04-07,17.19,17.38,17.06,17.06,4000,4.41
2000-04-06,17.00,17.50,17.00,17.12,6000,4.43
2000-04-05,16.88,17.38,16.81,17.12,24200,4.43
2000-04-04,17.25,17.62,17.12,17.12,5900,4.43
2000-04-03,17.25,17.94,17.25,17.50,13900,4.53
2000-03-31,16.38,17.12,16.38,17.00,12600,4.40
2000-03-30,16.81,17.00,16.75,16.75,12400,4.33
2000-03-29,16.88,17.00,16.81,16.94,2100,4.38
2000-03-28,16.31,17.00,16.06,16.81,12100,4.35
2000-03-27,15.94,17.25,15.94,16.81,7800,4.35
2000-03-24,16.50,16.50,16.00,16.06,8200,4.15
2000-03-23,16.81,17.00,16.50,16.69,11500,4.32
2000-03-22,16.62,16.94,16.06,16.94,10300,4.38
2000-03-21,16.94,17.00,16.38,16.62,15600,4.30
2000-03-20,16.69,16.88,16.25,16.88,11500,4.37
2000-03-17,15.12,16.69,15.00,16.69,28800,4.32
2000-03-16,14.88,15.50,14.81,15.38,14000,3.98
2000-03-15,14.75,14.94,14.62,14.75,13900,3.82
2000-03-14,15.50,15.50,14.75,15.00,13100,3.88
2000-03-13,15.00,15.50,14.44,15.38,13700,3.98
2000-03-10,14.62,15.12,14.25,14.81,12700,3.83
2000-03-09,14.12,14.62,13.56,14.50,33300,3.75
2000-03-08,14.50,14.50,13.50,14.00,12800,3.62
2000-03-07,14.25,14.50,14.12,14.50,8300,3.75
2000-03-06,15.38,15.38,15.00,15.06,3900,3.90
2000-03-03,15.50,15.62,15.38,15.62,5000,4.04
2000-03-02,15.75,15.75,15.50,15.69,7900,4.06
2000-03-01,16.19,16.19,15.75,15.75,14200,4.07
2000-02-29,15.81,16.12,15.75,16.12,3500,4.17
2000-02-28,15.94,16.00,15.75,15.75,4100,4.07
2000-02-25,15.56,16.00,15.56,15.69,6700,4.06
2000-02-24,15.75,16.19,15.50,15.69,6900,4.06
2000-02-23,15.75,16.62,15.62,16.00,7200,4.14
2000-02-22,16.38,16.62,15.62,15.75,9200,4.07
2000-02-18,15.94,16.50,15.94,16.50,3100,4.27
2000-02-17,16.38,16.38,15.88,15.88,5800,4.11
2000-02-16,16.62,17.25,16.12,16.38,6000,4.24
2000-02-15,17.12,17.31,16.62,16.62,4900,4.30
2000-02-14,17.00,17.31,17.00,17.12,7800,4.43
2000-02-11,17.25,17.38,17.06,17.06,4100,4.41
2000-02-10,17.38,17.62,17.12,17.12,9100,4.43
2000-02-09,17.38,17.75,17.12,17.44,10600,4.51
2000-02-08,17.44,17.44,17.12,17.25,5000,4.46
2000-02-07,17.69,17.75,17.50,17.69,7200,4.58
2000-02-04,17.62,17.69,17.62,17.69,5200,4.58
2000-02-03,17.56,17.75,17.50,17.56,7000,4.54
2000-02-02,17.62,17.69,17.50,17.69,5800,4.58
2000-02-01,17.62,17.75,17.12,17.38,10400,4.49
2000-01-31,17.25,17.62,17.06,17.44,10600,4.51
2000-01-28,17.44,17.75,17.12,17.50,19400,4.53
2000-01-27,17.44,17.69,17.19,17.19,8300,4.45
2000-01-26,17.06,17.44,17.00,17.19,7200,4.45
2000-01-25,17.06,17.31,17.06,17.31,16600,4.48
2000-01-24,17.06,17.31,17.00,17.00,6800,4.40
2000-01-21,17.31,17.38,17.12,17.25,6600,4.46
2000-01-20,17.25,17.50,17.00,17.31,13400,4.48
2000-01-19,17.50,17.50,17.00,17.50,9900,4.53
2000-01-18,17.06,17.69,17.06,17.06,8900,4.41
2000-01-14,17.69,17.75,17.19,17.19,10600,4.45
2000-01-13,17.06,17.69,17.06,17.69,19900,4.58
2000-01-12,17.12,17.38,17.00,17.12,11100,4.43
2000-01-11,17.38,17.56,17.25,17.38,13100,4.37
2000-01-10,17.62,17.75,17.31,17.62,8900,4.44
2000-01-07,17.38,17.69,17.25,17.69,10200,4.45
2000-01-06,17.25,17.75,16.88,17.75,51000,4.47
2000-01-05,17.19,17.75,17.12,17.12,16600,4.31
2000-01-04,17.00,17.69,17.00,17.19,6500,4.33
2000-01-03,17.25,17.38,16.81,17.00,6400,4.28
1999-12-31,17.31,17.62,17.00,17.12,17000,4.31
1999-12-30,17.00,18.00,17.00,17.50,26100,4.40
1999-12-29,16.31,17.75,16.06,17.50,35800,4.40
1999-12-28,16.25,16.94,15.88,16.56,20200,4.17
1999-12-27,16.50,16.88,16.12,16.50,31100,4.15
1999-12-23,16.75,16.94,16.19,16.69,25300,4.20
1999-12-22,16.88,17.50,16.38,17.00,21400,4.28
1999-12-21,16.50,17.00,16.50,16.62,37200,4.18
1999-12-20,16.50,16.50,15.75,16.25,14100,4.09
1999-12-17,16.06,16.50,15.62,16.50,29100,4.15
1999-12-16,16.50,16.56,15.88,16.25,46300,4.09
1999-12-15,16.75,17.12,16.31,16.81,24100,4.23
1999-12-14,16.44,17.19,15.88,17.00,19700,4.28
1999-12-13,16.75,17.00,15.88,16.44,18600,4.14
1999-12-10,16.44,16.62,16.19,16.50,22600,4.15
1999-12-09,16.12,16.50,16.00,16.31,18100,4.11
1999-12-08,16.25,16.44,16.00,16.25,19100,4.09
1999-12-07,16.38,16.62,16.06,16.25,41500,4.09
1999-12-06,17.00,17.00,16.00,16.50,24200,4.15
1999-12-03,17.50,17.50,16.75,16.94,17400,4.26
1999-12-02,17.56,17.62,17.25,17.50,15000,4.40
1999-12-01,17.62,17.88,17.50,17.56,13400,4.42
1999-11-30,17.81,17.94,17.50,17.62,18200,4.44
1999-11-29,17.88,18.12,17.56,17.56,11500,4.42
1999-11-26,18.06,18.31,17.75,17.81,6200,4.48
1999-11-24,18.19,18.62,18.12,18.12,12200,4.56
1999-11-23,18.19,18.75,18.19,18.38,10100,4.63
1999-11-22,18.56,18.81,18.19,18.19,13700,4.58
1999-11-19,18.62,19.00,18.56,18.69,10500,4.70
1999-11-18,18.94,19.06,18.69,19.00,11700,4.78
1999-11-17,19.00,19.25,18.94,18.94,4400,4.77
1999-11-16,19.19,19.44,18.88,19.25,12200,4.85
1999-11-15,19.75,19.88,19.19,19.19,21400,4.83
1999-11-12,19.56,20.00,19.25,20.00,4800,5.03
1999-11-11,19.81,19.88,19.62,19.69,5400,4.96
1999-11-10,20.31,20.31,19.81,19.81,6600,4.99
1999-11-09,19.62,20.44,19.25,20.31,9000,5.11
1999-11-08,19.62,20.25,19.56,19.81,11400,4.99
1999-11-05,19.25,19.88,19.25,19.62,8100,4.94
1999-11-04,19.50,19.81,19.12,19.50,3700,4.91
1999-11-03,19.12,19.62,18.88,19.50,15800,4.91
1999-11-02,18.94,19.19,18.81,19.12,5700,4.81
1999-11-01,19.19,19.19,18.88,19.19,4700,4.83
1999-10-29,19.31,19.44,19.12,19.12,3800,4.81
1999-10-28,19.25,19.62,18.94,19.19,10700,4.83
1999-10-27,18.81,19.38,18.81,19.19,12000,4.83
1999-10-26,18.94,19.38,18.88,19.19,11400,4.83
1999-10-25,19.25,19.44,18.88,19.00,20800,4.78
1999-10-22,18.50,19.19,18.50,19.12,14900,4.81
1999-10-21,18.31,18.94,18.19,18.69,15000,4.70
1999-10-20,18.75,18.94,18.31,18.50,9600,4.66
1999-10-19,19.06,19.12,18.69,18.69,4900,4.70
1999-10-18,19.25,19.25,18.50,18.81,23400,4.74
1999-10-15,19.88,19.94,19.00,19.12,20300,4.81
1999-10-14,19.62,19.88,19.38,19.81,13700,4.99
1999-10-13,19.50,19.81,19.50,19.75,6600,4.97
1999-10-12,19.62,19.81,19.50,19.81,8200,4.87
1999-10-11,19.38,19.88,19.19,19.62,6700,4.82
1999-10-08,20.00,20.00,19.00,19.62,11500,4.82
1999-10-07,19.88,20.00,19.88,20.00,8800,4.91
1999-10-06,19.44,20.25,19.25,20.19,7200,4.96
1999-10-05,19.69,19.69,19.19,19.69,8600,4.84
1999-10-04,19.81,20.19,19.50,19.50,8700,4.79
1999-10-01,20.44,20.44,19.25,20.00,14400,4.91
1999-09-30,20.50,20.50,20.25,20.25,6300,4.98
1999-09-29,20.56,20.56,20.19,20.44,7600,5.02
1999-09-28,20.50,20.81,20.31,20.81,4300,5.11
1999-09-27,20.50,20.62,20.38,20.62,5500,5.07
1999-09-24,20.50,20.94,20.38,20.38,5600,5.01
1999-09-23,20.62,20.81,20.56,20.56,2600,5.05
1999-09-22,20.62,21.38,20.50,20.50,15100,5.04
1999-09-21,20.75,21.19,20.56,20.81,7400,5.11
1999-09-20,20.56,21.44,20.56,20.75,10600,5.10
1999-09-17,20.50,20.75,20.19,20.75,5800,5.10
1999-09-16,20.50,20.50,20.19,20.44,3900,5.02
1999-09-15,21.00,21.25,20.12,20.56,9300,5.05
1999-09-14,20.50,21.31,20.50,21.06,7400,5.18
1999-09-13,20.75,21.38,20.12,20.56,20200,5.05
1999-09-10,21.50,21.75,21.19,21.19,5500,5.21
1999-09-09,22.00,22.06,21.00,21.62,8700,5.31
1999-09-08,21.56,22.06,21.12,21.88,14300,5.38
1999-09-07,21.50,22.50,21.50,21.69,17900,5.33
1999-09-03,21.44,22.25,21.19,21.56,8200,5.30
1999-09-02,21.31,21.56,20.88,21.31,7800,5.24
1999-09-01,21.88,22.00,21.56,21.56,13500,5.30
1999-08-31,21.81,22.31,21.81,22.00,5300,5.41
1999-08-30,22.12,22.12,21.94,22.06,4700,5.42
1999-08-27,22.19,22.19,21.81,21.88,3300,5.38
1999-08-26,22.38,22.44,22.06,22.06,2700,5.42
1999-08-25,21.62,22.69,21.56,22.38,7700,5.50
1999-08-24,21.38,22.00,21.38,21.81,4300,5.36
1999-08-23,22.12,22.31,21.69,22.00,8300,5.41
1999-08-20,22.00,22.56,22.00,22.50,10300,5.53
1999-08-19,22.81,22.81,21.75,22.06,11300,5.42
1999-08-18,22.94,23.00,22.81,22.81,6200,5.61
1999-08-17,22.75,23.38,22.50,23.06,8200,5.67
1999-08-16,22.25,23.00,22.12,23.00,8400,5.65
1999-08-13,21.88,22.50,21.88,22.38,11300,5.50
1999-08-12,21.06,21.69,21.06,21.69,6100,5.33
1999-08-11,21.62,21.69,21.06,21.50,16900,5.28
1999-08-10,21.62,21.69,21.06,21.56,17200,5.30
1999-08-09,21.19,21.75,21.06,21.50,15800,5.28
1999-08-06,21.75,21.75,20.88,21.12,23100,5.19
1999-08-05,21.25,21.44,21.00,21.31,7100,5.24
1999-08-04,21.25,21.38,21.00,21.00,5500,5.16
1999-08-03,21.19,21.50,21.00,21.12,11800,5.19
1999-08-02,21.81,22.06,21.25,21.25,20500,5.22
1999-07-30,21.88,22.06,21.75,21.94,7000,5.39
1999-07-29,21.81,22.00,21.81,22.00,5500,5.41
1999-07-28,22.31,22.50,21.50,21.75,10400,5.35
1999-07-27,22.75,22.75,22.38,22.44,4800,5.51
1999-07-26,22.69,22.88,22.69,22.88,2000,5.62
1999-07-23,22.81,22.94,22.75,22.75,6600,5.59
1999-07-22,22.81,23.00,22.62,22.62,6400,5.56
1999-07-21,22.88,23.00,22.75,23.00,3300,5.65
1999-07-20,23.00,23.00,22.81,22.94,3500,5.64
1999-07-19,22.81,23.00,22.81,23.00,7400,5.65
1999-07-16,22.94,23.06,22.88,22.88,10000,5.62
1999-07-15,22.94,23.00,22.88,22.94,6200,5.64
1999-07-14,23.12,23.12,22.88,22.88,1200,5.62
1999-07-13,23.38,23.50,23.38,23.50,7900,5.66
1999-07-12,23.56,23.62,23.31,23.31,5000,5.61
1999-07-09,23.31,23.50,23.31,23.38,7200,5.63
1999-07-08,23.44,23.50,23.38,23.38,10900,5.63
1999-07-07,23.38,23.44,23.31,23.38,4400,5.63
1999-07-06,23.56,23.62,23.38,23.38,8400,5.63
1999-07-02,23.50,23.56,23.50,23.50,3100,5.66
1999-07-01,23.44,23.62,23.38,23.50,5400,5.66
1999-06-30,23.44,23.56,23.44,23.56,1200,5.68
1999-06-29,23.56,23.62,23.38,23.62,1200,5.69
1999-06-28,23.62,23.62,23.62,23.62,1200,5.69
1999-06-25,23.44,23.62,23.38,23.38,6800,5.63
1999-06-24,23.56,23.56,23.44,23.56,10000,5.68
1999-06-23,23.56,23.56,23.44,23.56,5800,5.68
1999-06-22,23.75,23.75,23.44,23.50,6600,5.66
1999-06-21,23.56,23.56,23.44,23.50,3500,5.66
1999-06-18,23.81,23.81,23.38,23.56,4700,5.68
1999-06-17,23.44,23.62,23.38,23.56,14600,5.68
1999-06-16,23.38,23.88,23.31,23.56,10400,5.68
1999-06-15,23.44,23.75,23.06,23.50,8300,5.66
1999-06-14,23.75,23.94,23.50,23.50,5800,5.66
1999-06-11,23.94,23.94,23.75,23.94,4000,5.77
1999-06-10,23.88,23.94,23.75,23.94,11800,5.77
1999-06-09,24.06,24.25,23.69,23.94,8100,5.77
1999-06-08,24.31,24.38,24.00,24.00,15300,5.78
1999-06-07,24.38,24.38,24.19,24.31,4900,5.86
1999-06-04,24.31,24.50,24.12,24.19,9700,5.83
1999-06-03,24.25,24.44,24.25,24.31,5800,5.86
1999-06-02,24.25,24.38,24.19,24.38,6400,5.87
1999-06-01,24.50,24.50,24.19,24.19,9400,5.83
1999-05-28,24.38,24.50,24.31,24.31,11100,5.86
1999-05-27,24.44,24.50,24.38,24.44,13600,5.89
1999-05-26,24.38,24.56,24.31,24.50,19100,5.90
1999-05-25,24.44,24.50,24.38,24.38,12200,5.87
1999-05-24,24.56,24.56,23.88,24.38,19400,5.87
1999-05-21,24.38,24.50,24.38,24.50,4800,5.90
1999-05-20,24.50,24.56,24.38,24.45,13100,5.89
1999-05-19,24.50,24.56,24.38,24.50,10700,5.90
1999-05-18,24.44,24.69,24.31,24.31,18800,5.86
1999-05-17,24.38,24.50,24.12,24.44,8600,5.89
1999-05-14,24.56,24.62,24.44,24.50,6700,5.90
1999-05-13,24.50,24.62,24.38,24.56,14900,5.92
1999-05-12,24.50,24.69,24.31,24.38,18000,5.87
1999-05-11,24.38,24.56,24.38,24.38,15500,5.87
1999-05-10,24.31,24.38,24.25,24.38,17400,5.87
1999-05-07,24.25,24.38,24.19,24.31,15500,5.86
1999-05-06,24.38,24.38,24.25,24.38,18100,5.87
1999-05-05,24.36,24.44,24.25,24.38,27100,5.87
1999-05-04,24.44,24.44,24.25,24.31,28500,5.86
1999-05-03,24.38,24.44,24.31,24.38,3700,5.87
1999-04-30,24.56,25.56,24.38,24.38,6000,5.87
1999-04-29,24.50,24.62,24.50,24.56,8100,5.92
1999-04-28,24.56,24.62,24.44,24.44,16200,5.89
1999-04-27,24.38,24.62,24.38,24.56,25400,5.92
1999-04-26,24.50,24.56,24.44,24.50,9100,5.90
1999-04-23,24.56,24.62,24.50,24.56,9800,5.92
1999-04-22,24.50,24.88,24.50,24.56,21800,5.92
1999-04-21,24.62,24.62,24.44,24.50,11600,5.90
1999-04-20,24.44,24.62,24.44,24.50,15400,5.90
1999-04-19,24.50,24.62,24.38,24.44,2400,5.89
1999-04-16,24.69,24.69,24.38,24.56,8100,5.92
1999-04-15,24.44,25.00,24.44,24.50,10500,5.90
1999-04-14,24.31,24.75,24.25,24.50,9800,5.90
1999-04-13,24.81,25.00,24.81,24.88,5700,5.88
1999-04-12,25.00,25.00,24.88,25.00,3300,5.91
1999-04-09,24.88,24.94,24.81,24.88,4300,5.88
1999-04-08,24.88,24.94,24.88,24.94,6700,5.89
1999-04-07,24.94,24.94,24.88,24.94,3800,5.89
1999-04-06,24.88,24.94,24.81,24.88,11400,5.88
1999-04-05,24.88,24.94,24.81,24.94,8300,5.89
1999-04-01,24.88,24.88,24.81,24.88,2900,5.88
1999-03-31,24.88,25.00,24.81,24.88,8100,5.88
1999-03-30,24.81,24.88,24.81,24.88,7700,5.88
1999-03-29,24.88,24.88,24.81,24.88,5800,5.88
1999-03-26,24.75,24.88,24.75,24.88,6600,5.88
1999-03-25,24.81,24.88,24.75,24.75,3400,5.85
1999-03-24,24.69,24.81,24.62,24.81,8900,5.86
1999-03-23,24.69,24.81,24.62,24.81,10300,5.86
1999-03-22,24.88,24.88,24.62,24.69,28400,5.83
1999-03-19,24.81,24.81,24.75,24.81,10600,5.86
1999-03-18,24.81,24.88,24.56,24.88,14600,5.88
1999-03-17,24.88,24.88,24.50,24.56,7700,5.80
1999-03-16,24.88,24.94,24.75,24.88,7000,5.88
1999-03-15,24.94,24.94,24.81,24.94,5300,5.89
1999-03-12,24.94,25.00,24.88,24.94,7000,5.89
1999-03-11,24.94,24.94,24.81,24.81,3500,5.86
1999-03-10,24.81,24.94,24.81,24.88,3900,5.88
1999-03-09,24.75,24.94,24.75,24.94,9500,5.89
1999-03-08,24.81,24.88,24.75,24.88,6900,5.88
1999-03-05,24.81,24.94,24.75,24.88,6700,5.88
1999-03-04,24.88,24.94,24.81,24.81,9600,5.86
1999-03-03,24.94,24.94,24.81,24.88,10300,5.88
1999-03-02,24.88,25.00,24.88,24.88,8400,5.88
1999-03-01,25.06,25.12,24.88,24.88,9600,5.88
1999-02-26,24.94,25.06,24.81,24.94,15200,5.89
1999-02-25,25.06,25.06,24.81,24.94,14000,5.89
1999-02-24,25.00,25.12,24.88,25.06,4500,5.92
1999-02-23,24.94,25.12,24.94,25.12,6700,5.94
1999-02-22,25.06,25.06,24.88,25.00,5500,5.91
1999-02-19,24.88,25.12,24.81,24.88,8000,5.88
1999-02-18,24.75,25.06,24.75,25.00,11300,5.91
1999-02-17,24.88,25.06,24.75,25.00,12900,5.91
1999-02-16,24.88,24.88,24.69,24.75,17200,5.85
1999-02-12,24.88,24.88,24.75,24.88,16400,5.88
1999-02-11,24.88,25.00,24.50,24.88,15200,5.88
1999-02-10,24.88,25.00,24.88,25.00,9300,5.91
1999-02-09,25.00,25.06,24.94,25.00,4700,5.91
1999-02-08,24.94,25.06,24.88,24.94,6200,5.89
1999-02-05,24.94,25.00,24.94,25.00,5400,5.91
1999-02-04,24.88,25.12,24.88,25.00,16100,5.91
1999-02-03,24.94,25.00,24.80,24.80,40100,5.86
1999-02-02,25.00,25.00,24.88,24.94,4200,5.89
1999-02-01,25.00,25.12,24.94,25.00,7200,5.91
1999-01-29,25.00,25.12,24.88,25.06,14500,5.92
1999-01-28,24.88,25.06,24.88,25.00,9800,5.91
1999-01-27,25.00,25.12,24.94,25.00,12400,5.91
1999-01-26,24.94,25.06,24.84,25.00,23600,5.91
1999-01-25,24.94,25.00,24.88,24.94,11200,5.89
1999-01-22,24.88,24.94,24.88,24.88,7700,5.88
1999-01-21,24.88,24.94,24.88,24.94,52200,5.89
1999-01-20,25.00,25.06,24.88,24.88,13100,5.88
1999-01-19,25.00,25.12,24.88,25.06,6700,5.92
1999-01-15,25.12,25.12,24.88,24.94,26300,5.89
1999-01-14,25.00,25.25,25.00,25.12,36100,5.94
1999-01-13,25.06,25.25,25.00,25.06,10100,5.92
1999-01-12,25.44,25.62,25.44,25.50,12500,5.92
1999-01-11,25.62,25.62,25.44,25.44,11700,5.90
1999-01-08,25.56,25.69,25.50,25.56,9200,5.93
1999-01-07,25.62,25.69,24.94,25.50,62700,5.92
1999-01-06,25.69,25.75,25.56,25.69,14900,5.96
1999-01-05,25.69,25.75,25.62,25.69,9900,5.96
1999-01-04,25.56,25.69,25.56,25.62,9500,5.94
1998-12-31,25.69,25.69,25.56,25.62,4600,5.94
1998-12-30,25.62,25.69,25.56,25.56,2300,5.93
1998-12-29,25.62,25.75,25.56,25.75,12700,5.97
1998-12-28,25.50,25.75,25.50,25.56,348500,5.93
1998-12-24,25.69,25.75,25.56,25.56,10300,5.93
1998-12-23,25.56,25.69,25.56,25.56,8100,5.93
1998-12-22,25.56,26.64,25.56,25.69,22700,5.96
1998-12-21,25.50,25.69,25.44,25.69,24900,5.96
1998-12-18,25.44,25.56,25.44,25.50,26000,5.92
1998-12-17,25.50,25.50,25.38,25.44,14400,5.90
1998-12-16,25.38,25.50,25.38,25.38,21500,5.89
1998-12-15,25.44,25.75,25.38,25.38,73900,5.89
1998-12-14,25.44,25.50,25.38,25.44,21600,5.90
1998-12-11,25.50,25.50,25.44,25.50,7100,5.92
1998-12-10,25.44,25.50,25.41,25.44,64100,5.90
1998-12-09,25.31,25.62,25.31,25.50,64000,5.92
1998-12-08,25.25,25.44,25.25,25.38,5400,5.89
1998-12-07,25.44,25.44,25.19,25.38,54000,5.89
1998-12-04,25.31,25.50,25.25,25.38,13600,5.89
1998-12-03,25.25,25.62,25.25,25.56,23700,5.93
1998-12-02,25.06,25.19,25.06,25.12,6600,5.83
1998-12-01,25.06,25.19,25.00,25.12,20900,5.83
1998-11-30,25.00,25.06,25.00,25.06,8100,5.81
1998-11-27,25.06,25.12,25.06,25.12,5100,5.83
1998-11-25,25.00,25.12,25.00,25.06,13800,5.81
1998-11-24,24.81,25.62,24.81,25.12,44500,5.83
1998-11-23,24.88,24.94,24.81,24.94,29400,5.79
1998-11-20,24.88,24.94,24.88,24.88,16000,5.77
1998-11-19,24.94,24.94,24.88,24.94,3900,5.79
1998-11-18,24.88,24.94,24.81,24.94,11300,5.79
1998-11-17,24.81,24.88,24.81,24.81,9400,5.76
1998-11-16,24.75,24.94,24.75,24.88,17300,5.77
1998-11-13,24.88,24.88,24.75,24.88,21400,5.77
1998-11-12,24.88,24.88,24.75,24.81,14600,5.76
1998-11-11,24.94,24.94,24.75,24.88,5000,5.77
1998-11-10,24.88,24.88,24.75,24.88,5700,5.77
1998-11-09,24.75,24.88,24.62,24.88,7300,5.77
1998-11-06,24.75,24.88,24.62,24.88,28600,5.77
1998-11-05,24.88,24.88,24.75,24.75,9200,5.74
1998-11-04,24.88,25.00,24.88,24.94,9000,5.79
1998-11-03,24.94,24.94,24.88,24.88,8300,5.77
1998-11-02,24.88,24.94,24.81,24.81,4800,5.76
1998-10-30,24.75,24.88,24.75,24.88,11000,5.77
1998-10-29,24.69,24.88,24.62,24.69,5800,5.73
1998-10-28,24.75,24.88,24.56,24.62,4400,5.71
1998-10-27,24.88,24.88,24.38,24.56,10100,5.70
1998-10-26,25.06,25.06,24.94,24.94,19600,5.79
1998-10-23,25.00,25.06,25.00,25.00,14300,5.80
1998-10-22,25.00,25.12,25.00,25.06,11500,5.81
1998-10-21,25.06,25.12,25.00,25.06,9900,5.81
1998-10-20,25.06,26.06,24.94,25.06,32800,5.81
1998-10-19,25.06,25.12,25.00,25.06,15100,5.81
1998-10-16,25.06,25.06,25.00,25.06,9600,5.81
1998-10-15,25.00,25.12,25.00,25.06,7100,5.81
1998-10-14,24.94,25.25,24.94,25.06,161400,5.81
