Date,Open,High,Low,Close,Volume,Adj Close
2014-06-19,18.99,19.12,18.94,19.11,699100,19.11
2014-06-18,18.90,19.07,18.74,19.03,635800,19.03
2014-06-17,18.94,18.99,18.81,18.92,544500,18.92
2014-06-16,19.08,19.11,18.82,18.89,659700,18.89
2014-06-13,19.08,19.14,18.92,19.07,798700,19.07
2014-06-12,19.13,19.22,18.85,19.05,1139600,19.05
2014-06-11,19.22,19.32,19.07,19.14,649500,19.14
2014-06-10,19.63,19.67,19.21,19.24,872100,19.24
2014-06-09,19.65,19.80,19.57,19.64,1417400,19.64
2014-06-06,19.63,19.75,19.52,19.70,1257900,19.70
2014-06-05,18.97,19.67,18.95,19.65,1252500,19.65
2014-06-04,18.87,18.99,18.87,18.94,451600,18.94
2014-06-03,18.80,18.92,18.77,18.91,462100,18.91
2014-06-02,18.62,18.87,18.61,18.85,577300,18.85
2014-05-30,18.46,18.73,18.46,18.62,2094000,18.62
2014-05-29,18.55,18.62,18.47,18.52,601600,18.52
2014-05-28,18.71,18.71,18.42,18.54,800200,18.54
2014-05-27,18.69,18.94,18.60,18.88,745700,18.68
2014-05-23,18.50,18.66,18.50,18.62,684400,18.42
2014-05-22,18.69,18.73,18.50,18.51,884100,18.31
2014-05-21,18.91,18.94,18.67,18.72,545400,18.52
2014-05-20,18.75,18.92,18.71,18.91,1032300,18.71
2014-05-19,18.81,18.85,18.60,18.73,625200,18.53
2014-05-16,18.73,18.89,18.63,18.86,699100,18.66
2014-05-15,18.74,18.78,18.49,18.75,795600,18.55
2014-05-14,18.74,18.96,18.61,18.79,653400,18.59
2014-05-13,18.79,18.91,18.65,18.72,616700,18.52
2014-05-12,18.58,18.82,18.55,18.80,544100,18.60
2014-05-09,18.51,18.60,18.44,18.51,576300,18.31
2014-05-08,18.59,18.69,18.48,18.52,575400,18.32
2014-05-07,18.37,18.62,18.31,18.59,840400,18.39
2014-05-06,18.27,18.43,18.20,18.35,599600,18.16
2014-05-05,18.29,18.33,18.14,18.31,677700,18.12
2014-05-02,18.27,18.58,18.03,18.35,1716900,18.16
2014-05-01,17.55,18.24,17.45,18.18,1519300,17.99
2014-04-30,17.63,17.65,17.50,17.61,517100,17.42
2014-04-29,17.68,17.73,17.58,17.64,471900,17.45
2014-04-28,17.53,17.67,17.44,17.67,464400,17.48
2014-04-25,17.53,17.58,17.44,17.46,511600,17.28
2014-04-24,17.44,17.56,17.42,17.56,437500,17.37
2014-04-23,17.57,17.57,17.36,17.43,1124300,17.25
2014-04-22,17.46,17.56,17.35,17.53,446400,17.34
2014-04-21,17.33,17.46,17.33,17.41,330400,17.23
2014-04-17,17.49,17.49,17.31,17.39,413300,17.21
2014-04-16,17.54,17.62,17.45,17.49,729600,17.30
2014-04-15,17.16,17.38,17.03,17.37,473900,17.19
2014-04-14,17.11,17.14,17.00,17.12,489200,16.94
2014-04-11,17.15,17.28,17.02,17.05,786800,16.87
2014-04-10,17.21,17.33,17.11,17.19,652000,17.01
2014-04-09,17.39,17.39,17.10,17.19,674500,17.01
2014-04-08,17.03,17.35,17.01,17.33,776600,17.15
2014-04-07,16.95,17.20,16.95,17.07,447800,16.89
2014-04-04,16.96,17.05,16.83,16.97,681800,16.79
2014-04-03,17.03,17.03,16.82,16.95,576900,16.77
2014-04-02,16.98,17.02,16.90,16.97,764800,16.79
2014-04-01,17.15,17.19,16.88,17.03,964200,16.85
2014-03-31,16.88,17.27,16.77,17.15,1401800,16.97
2014-03-28,16.75,16.91,16.68,16.85,560300,16.67
2014-03-27,16.71,16.74,16.54,16.69,566500,16.51
2014-03-26,16.97,16.97,16.66,16.68,510000,16.50
2014-03-25,16.88,17.00,16.82,16.97,551600,16.79
2014-03-24,16.95,16.98,16.69,16.81,709300,16.63
2014-03-21,16.63,16.97,16.63,16.90,2148500,16.72
2014-03-20,16.56,16.63,16.37,16.63,825800,16.45
2014-03-19,16.81,16.90,16.49,16.59,957400,16.41
2014-03-18,16.72,16.80,16.62,16.78,966900,16.60
2014-03-17,16.64,16.78,16.62,16.71,1008100,16.53
2014-03-14,16.57,16.76,16.57,16.64,823600,16.46
2014-03-13,16.74,16.81,16.62,16.64,624300,16.46
2014-03-12,16.71,16.88,16.68,16.75,576400,16.57
2014-03-11,16.81,16.91,16.70,16.79,751900,16.61
2014-03-10,16.89,16.97,16.78,16.82,860200,16.64
2014-03-07,17.06,17.16,16.68,16.93,1568200,16.75
2014-03-06,17.27,17.31,17.06,17.07,654800,16.89
2014-03-05,17.29,17.35,17.09,17.27,908000,17.09
2014-03-04,17.14,17.33,17.14,17.27,1114800,17.09
2014-03-03,17.21,17.29,17.02,17.14,734100,16.96
2014-02-28,17.02,17.29,16.99,17.28,2330100,17.10
2014-02-27,17.09,17.17,16.97,17.05,1180800,16.87
2014-02-26,17.08,17.30,17.02,17.10,1301300,16.92
2014-02-25,16.98,17.42,16.98,17.24,1424100,16.86
2014-02-24,17.22,17.39,17.02,17.03,1055800,16.65
2014-02-21,17.20,17.36,17.19,17.25,1146300,16.87
2014-02-20,17.06,17.25,17.02,17.17,1054300,16.79
2014-02-19,17.04,17.24,17.02,17.10,1069500,16.72
2014-02-18,16.91,17.09,16.88,17.05,1113600,16.67
2014-02-14,16.66,16.93,16.61,16.91,1371800,16.54
2014-02-13,16.68,16.85,16.62,16.71,1175600,16.34
2014-02-12,16.50,16.71,16.46,16.71,765300,16.34
2014-02-11,16.29,16.63,16.15,16.51,2034000,16.15
2014-02-10,16.07,16.32,16.00,16.25,1620200,15.89
2014-02-07,16.54,16.54,15.83,16.09,2915200,15.73
2014-02-06,16.50,16.64,16.45,16.54,1310200,16.17
2014-02-05,16.57,16.65,16.47,16.51,1100800,16.15
2014-02-04,16.42,16.69,16.38,16.61,1643700,16.24
2014-02-03,16.72,16.72,16.35,16.43,1111800,16.07
2014-01-31,16.56,16.79,16.46,16.67,1035100,16.30
2014-01-30,16.63,16.83,16.52,16.74,772100,16.37
2014-01-29,16.63,16.74,16.50,16.52,596800,16.16
2014-01-28,16.65,16.83,16.60,16.74,774100,16.37
2014-01-27,16.65,16.85,16.55,16.59,818400,16.22
2014-01-24,16.79,16.79,16.55,16.68,1458500,16.31
2014-01-23,16.75,16.81,16.70,16.81,1444000,16.44
2014-01-22,16.63,16.83,16.59,16.76,1942700,16.39
2014-01-21,16.51,16.76,16.45,16.66,959900,16.29
2014-01-17,16.58,16.59,16.44,16.50,1812700,16.14
2014-01-16,16.60,16.69,16.47,16.59,686000,16.22
2014-01-15,16.55,16.67,16.55,16.65,903400,16.28
2014-01-14,16.47,16.65,16.40,16.52,739000,16.16
2014-01-13,16.56,16.61,16.41,16.47,961300,16.11
2014-01-10,16.46,16.62,16.38,16.53,1359000,16.17
2014-01-09,16.46,16.47,16.20,16.36,1146800,16.00
2014-01-08,16.50,16.50,16.26,16.47,1165900,16.11
2014-01-07,16.36,16.52,16.25,16.45,1066300,16.09
2014-01-06,16.44,16.52,16.34,16.37,1285300,16.01
2014-01-03,16.49,16.60,16.38,16.45,1162600,16.09
2014-01-02,16.50,16.69,16.36,16.52,930700,16.16
2013-12-31,16.78,16.84,16.49,16.52,1145100,16.16
2013-12-30,16.70,16.83,16.70,16.77,583700,16.40
2013-12-27,16.73,16.74,16.59,16.73,832400,16.36
2013-12-26,16.83,16.96,16.68,16.69,885500,16.32
2013-12-24,16.87,17.00,16.81,16.84,363400,16.47
2013-12-23,16.95,17.18,16.86,16.90,1654700,16.53
2013-12-20,16.45,16.84,16.40,16.83,1948100,16.46
2013-12-19,16.50,16.52,16.35,16.44,2336200,16.08
2013-12-18,16.13,16.59,16.02,16.55,1504300,16.18
2013-12-17,15.98,16.16,15.86,16.15,1649800,15.79
2013-12-16,16.08,16.09,15.90,15.96,1513600,15.61
2013-12-13,16.11,16.34,15.91,16.00,982600,15.65
2013-12-12,16.14,16.22,16.01,16.11,908300,15.75
2013-12-11,16.52,16.52,16.10,16.11,1203000,15.75
2013-12-10,16.62,16.72,16.47,16.52,708800,16.16
2013-12-09,16.68,16.73,16.59,16.63,686000,16.26
2013-12-06,16.45,16.79,16.45,16.71,981400,16.34
2013-12-05,16.40,16.52,16.26,16.38,994800,16.02
2013-12-04,16.28,16.53,16.24,16.45,854600,16.09
2013-12-03,16.36,16.59,16.29,16.45,1255300,16.09
2013-12-02,16.32,16.49,16.24,16.43,1474800,16.07
2013-11-29,16.58,16.59,16.38,16.38,640900,16.02
2013-11-27,16.54,16.61,16.41,16.55,542400,16.18
2013-11-26,16.68,16.78,16.55,16.56,1053300,16.19
2013-11-25,16.92,16.99,16.76,16.82,970500,16.25
2013-11-22,17.13,17.17,16.86,16.96,902700,16.39
2013-11-21,16.85,17.18,16.81,17.12,1219100,16.54
2013-11-20,16.95,17.06,16.79,16.82,1298500,16.25
2013-11-19,17.21,17.30,16.95,16.96,764900,16.39
2013-11-18,17.36,17.39,17.16,17.20,802600,16.62
2013-11-15,17.39,17.48,17.26,17.35,751000,16.77
2013-11-14,17.50,17.75,17.41,17.43,620900,16.84
2013-11-13,17.28,17.57,17.17,17.54,860500,16.95
2013-11-12,17.30,17.36,17.04,17.33,840400,16.75
2013-11-11,17.29,17.43,17.26,17.38,641900,16.79
2013-11-08,17.63,17.68,17.24,17.35,1263500,16.77
2013-11-07,17.99,18.01,17.68,17.76,987800,17.16
2013-11-06,18.06,18.19,17.92,17.95,926200,17.35
2013-11-05,18.08,18.16,17.97,18.04,1194600,17.43
2013-11-04,17.98,18.18,17.91,18.14,1444400,17.53
2013-11-01,18.52,18.67,17.70,18.18,2429900,17.57
2013-10-31,18.44,18.56,18.27,18.48,1230700,17.86
2013-10-30,18.56,18.61,18.40,18.47,1051400,17.85
2013-10-29,18.64,18.66,18.43,18.62,893500,17.99
2013-10-28,18.86,18.87,18.54,18.69,1142500,18.06
2013-10-25,18.75,18.93,18.66,18.90,819500,18.26
2013-10-24,18.47,18.71,18.40,18.69,1332000,18.06
2013-10-23,18.35,18.48,18.27,18.45,792800,17.83
2013-10-22,18.17,18.45,18.11,18.44,1032500,17.82
2013-10-21,18.09,18.19,18.00,18.17,995100,17.56
2013-10-18,18.20,18.20,17.97,18.12,602100,17.51
2013-10-17,17.74,18.20,17.70,18.19,1257500,17.58
2013-10-16,17.72,17.97,17.71,17.79,1246500,17.19
2013-10-15,17.84,17.90,17.62,17.69,747900,17.09
2013-10-14,17.77,17.88,17.66,17.81,913200,17.21
2013-10-11,17.78,17.88,17.72,17.86,608900,17.26
2013-10-10,17.35,17.81,17.34,17.80,1577800,17.20
2013-10-09,17.45,17.66,17.26,17.26,1655900,16.68
2013-10-08,17.73,17.87,17.48,17.48,709400,16.89
2013-10-07,17.67,17.89,17.63,17.81,723500,17.21
2013-10-04,17.56,17.98,17.55,17.79,2777600,17.19
2013-10-03,17.65,17.74,17.48,17.60,1562500,17.01
2013-10-02,17.69,17.70,17.49,17.68,735400,17.08
2013-10-01,17.34,17.86,17.34,17.71,832500,17.11
2013-09-30,17.51,17.64,17.25,17.36,987400,16.77
2013-09-27,17.68,17.77,17.52,17.59,749300,17.00
2013-09-26,17.51,17.68,17.51,17.68,539700,17.08
2013-09-25,17.48,17.66,17.37,17.56,766000,16.97
2013-09-24,17.65,17.69,17.49,17.51,1022600,16.92
2013-09-23,17.73,17.88,17.63,17.66,834400,17.06
2013-09-20,18.22,18.22,17.77,17.78,1529000,17.18
2013-09-19,18.24,18.43,18.12,18.14,762300,17.53
2013-09-18,17.62,18.19,17.40,18.16,1139900,17.55
2013-09-17,17.72,17.89,17.66,17.66,816600,17.06
2013-09-16,17.85,17.88,17.65,17.76,877400,17.16
2013-09-13,17.48,17.63,17.42,17.58,1036800,16.99
2013-09-12,17.65,17.82,17.39,17.45,1596500,16.86
2013-09-11,17.56,17.74,17.55,17.66,612600,17.06
2013-09-10,17.56,17.64,17.49,17.62,1395100,17.03
2013-09-09,17.34,17.56,17.29,17.54,955600,16.95
2013-09-06,17.24,17.40,17.19,17.35,1228100,16.77
2013-09-05,17.17,17.33,17.01,17.08,1116500,16.50
2013-09-04,16.92,17.21,16.91,17.16,1252000,16.58
2013-09-03,17.42,17.42,16.83,16.94,2519000,16.37
2013-08-30,17.27,17.37,17.14,17.18,1297700,16.60
2013-08-29,17.13,17.30,17.03,17.26,1362100,16.68
2013-08-28,17.34,17.46,17.18,17.20,1125800,16.62
2013-08-27,17.40,17.56,17.32,17.47,1513400,16.88
2013-08-26,17.55,17.62,17.43,17.49,1273200,16.90
2013-08-23,17.35,17.60,17.32,17.54,1102400,16.95
2013-08-22,17.35,17.39,17.26,17.36,756200,16.77
2013-08-21,17.27,17.46,17.11,17.25,1154800,16.67
2013-08-20,17.00,17.36,17.00,17.33,1296300,16.75
2013-08-19,17.07,17.13,16.98,17.01,1680800,16.44
2013-08-16,17.27,17.35,17.11,17.11,2164800,16.53
2013-08-15,17.50,17.62,17.34,17.37,832800,16.78
2013-08-14,17.75,17.78,17.65,17.71,638100,17.11
2013-08-13,17.96,17.96,17.70,17.76,922600,17.16
2013-08-12,18.00,18.00,17.82,17.94,682800,17.34
2013-08-09,17.67,18.16,17.67,18.00,676300,17.39
2013-08-08,17.61,17.79,17.56,17.71,837700,17.11
2013-08-07,17.84,17.92,17.72,17.89,770500,17.29
2013-08-06,17.84,17.99,17.82,17.83,1215000,17.23
2013-08-05,17.72,17.96,17.65,17.86,560500,17.26
2013-08-02,17.99,18.17,17.73,17.75,851600,17.15
2013-08-01,18.13,18.19,17.84,17.98,1227600,17.37
2013-07-31,18.58,18.58,18.01,18.09,626600,17.48
2013-07-30,18.40,18.61,18.34,18.49,1057100,17.87
2013-07-29,18.55,18.65,18.39,18.40,466900,17.78
2013-07-26,18.54,18.68,18.50,18.64,432200,18.01
2013-07-25,18.48,18.65,18.44,18.62,375400,17.99
2013-07-24,18.72,18.74,18.37,18.53,860600,17.91
2013-07-23,18.84,18.91,18.71,18.77,683700,18.14
2013-07-22,18.75,19.06,18.71,18.84,848900,18.21
2013-07-19,18.77,18.87,18.72,18.78,671100,18.15
2013-07-18,18.68,18.85,18.67,18.76,773200,18.13
2013-07-17,18.71,18.78,18.64,18.69,620700,18.06
2013-07-16,18.64,18.77,18.60,18.65,979600,18.02
2013-07-15,18.53,18.73,18.45,18.63,559100,18.00
2013-07-12,18.62,18.64,18.35,18.47,1365800,17.85
2013-07-11,18.37,18.73,18.37,18.62,750800,17.99
2013-07-10,18.31,18.39,18.13,18.21,1053700,17.60
2013-07-09,18.29,18.53,18.26,18.37,802200,17.75
2013-07-08,18.24,18.39,18.23,18.29,751300,17.67
2013-07-05,18.30,18.46,17.90,18.26,815800,17.64
2013-07-03,18.22,18.39,18.12,18.29,896500,17.67
2013-07-02,17.97,18.38,17.96,18.32,2250700,17.70
2013-07-01,17.94,18.11,17.89,18.04,856600,17.43
2013-06-28,17.83,18.01,17.60,17.88,1489500,17.28
2013-06-27,17.60,17.89,17.58,17.86,684500,17.26
2013-06-26,17.53,17.71,17.47,17.50,882600,16.91
2013-06-25,17.07,17.61,16.96,17.43,1512900,16.84
2013-06-24,16.81,17.33,16.49,16.96,1647800,16.39
2013-06-21,17.17,17.31,16.98,17.00,1788000,16.43
2013-06-20,17.43,17.46,16.89,17.00,1700700,16.43
2013-06-19,18.21,18.21,17.53,17.55,949500,16.96
2013-06-18,18.01,18.31,17.88,18.16,785500,17.55
2013-06-17,18.25,18.36,17.84,17.98,811400,17.37
2013-06-14,18.22,18.43,17.93,18.15,783600,17.54
2013-06-13,17.64,18.29,17.62,18.22,738100,17.61
2013-06-12,17.98,17.99,17.63,17.65,674200,17.06
2013-06-11,18.16,18.28,17.91,17.93,829500,17.33
2013-06-10,18.44,18.49,18.14,18.30,730500,17.68
2013-06-07,18.72,18.75,18.31,18.39,1093500,17.77
2013-06-06,18.60,18.69,18.40,18.69,1079800,18.06
2013-06-05,18.69,18.79,18.51,18.62,826200,17.99
2013-06-04,19.00,19.09,18.63,18.70,1575700,18.07
2013-06-03,18.99,19.23,18.82,19.07,987500,18.43
2013-05-31,19.11,19.29,18.92,18.99,1428400,18.35
2013-05-30,19.55,19.68,19.10,19.20,885900,18.55
2013-05-29,19.53,19.66,19.09,19.58,1614300,18.92
2013-05-28,20.25,20.36,19.69,19.91,929000,19.05
2013-05-24,20.18,20.23,19.94,20.11,959000,19.24
2013-05-23,20.20,20.27,19.93,20.21,1090300,19.33
2013-05-22,20.84,21.00,20.27,20.39,878600,19.50
2013-05-21,20.98,20.98,20.80,20.87,751800,19.96
2013-05-20,20.85,20.94,20.82,20.91,780800,20.00
2013-05-17,20.87,20.94,20.76,20.86,833900,19.95
2013-05-16,20.96,21.09,20.80,20.84,1087100,19.94
2013-05-15,20.74,20.94,20.56,20.94,729200,20.03
2013-05-14,20.70,20.87,20.60,20.73,1808000,19.83
2013-05-13,20.62,20.69,20.51,20.69,644100,19.79
2013-05-10,20.67,20.73,20.52,20.59,972700,19.70
2013-05-09,20.91,20.96,20.61,20.65,952600,19.75
2013-05-08,20.86,20.98,20.76,20.93,625600,20.02
2013-05-07,20.80,20.94,20.71,20.87,888800,19.96
2013-05-06,20.55,20.87,20.55,20.81,1256700,19.91
2013-05-03,20.17,20.72,19.86,20.59,1689100,19.70
2013-05-02,20.46,20.67,20.32,20.61,1382700,19.72
2013-05-01,20.39,20.62,20.31,20.41,917100,19.52
2013-04-30,20.25,20.54,20.25,20.52,1071900,19.63
2013-04-29,20.11,20.35,20.07,20.29,901700,19.41
2013-04-26,19.97,20.25,19.97,20.10,951500,19.23
2013-04-25,20.07,20.24,19.99,20.17,909800,19.29
2013-04-24,20.00,20.13,19.98,20.09,621900,19.22
2013-04-23,19.83,20.05,19.82,20.01,924000,19.14
2013-04-22,19.89,19.90,19.67,19.83,455000,18.97
2013-04-19,19.75,19.89,19.65,19.87,977300,19.01
2013-04-18,19.57,19.62,19.44,19.60,644500,18.75
2013-04-17,19.56,19.63,19.40,19.55,1282200,18.70
2013-04-16,19.03,19.76,18.78,19.72,1284900,18.86
2013-04-15,19.85,19.94,19.49,19.52,794300,18.67
2013-04-12,19.85,19.93,19.75,19.93,658700,19.06
2013-04-11,19.80,19.95,19.80,19.90,884100,19.04
2013-04-10,19.81,19.95,19.69,19.83,672800,18.97
2013-04-09,19.80,19.93,19.65,19.87,924700,19.01
2013-04-08,19.57,19.84,19.54,19.84,537200,18.98
2013-04-05,19.50,19.64,19.40,19.62,1102000,18.77
2013-04-04,19.44,19.70,19.41,19.66,1078800,18.81
2013-04-03,19.56,19.64,19.40,19.43,1187700,18.59
2013-04-02,19.51,19.68,19.43,19.47,907800,18.62
2013-04-01,19.01,19.54,18.86,19.53,1280200,18.68
2013-03-28,19.55,19.65,19.46,19.59,1069200,18.74
2013-03-27,19.52,19.52,19.35,19.52,667600,18.67
2013-03-26,19.36,19.56,19.34,19.55,921000,18.70
2013-03-25,19.36,19.49,19.13,19.33,1450600,18.49
2013-03-22,19.36,19.47,19.28,19.36,1791700,18.52
2013-03-21,19.53,19.67,19.27,19.28,2258400,18.44
2013-03-20,19.68,19.71,19.45,19.53,1927000,18.68
2013-03-19,19.81,19.89,19.58,19.65,1247600,18.80
2013-03-18,19.75,19.88,19.62,19.81,990800,18.95
2013-03-15,19.65,19.79,19.42,19.77,1561200,18.91
2013-03-14,19.66,19.82,19.57,19.62,1740600,18.77
2013-03-13,19.71,19.83,19.55,19.59,1988700,18.74
2013-03-12,19.86,19.90,19.64,19.70,1217600,18.84
2013-03-11,19.83,19.95,19.77,19.95,1035100,19.08
2013-03-08,19.75,19.87,19.65,19.86,931900,19.00
2013-03-07,19.75,19.90,19.61,19.63,1849300,18.78
2013-03-06,19.98,20.00,19.83,19.97,835900,18.91
2013-03-05,19.75,19.99,19.68,19.97,1129100,18.91
2013-03-04,19.67,19.82,19.63,19.72,1138400,18.68
2013-03-01,19.62,19.76,19.51,19.73,1129300,18.68
2013-02-28,19.75,19.79,19.65,19.66,2266500,18.62
2013-02-27,19.60,19.80,19.53,19.66,1332900,18.62
2013-02-26,19.64,19.88,19.55,19.67,1370400,18.63
2013-02-25,19.93,19.98,19.65,19.66,1957800,18.62
2013-02-22,19.52,20.00,19.52,19.96,1620500,18.90
2013-02-21,19.60,19.69,19.47,19.52,1774500,18.49
2013-02-20,19.59,19.87,19.59,19.59,1473500,18.55
2013-02-19,19.49,19.62,19.47,19.62,937700,18.58
2013-02-15,19.47,19.53,19.40,19.50,1123900,18.47
2013-02-14,19.27,19.51,19.27,19.48,1182800,18.45
2013-02-13,19.19,19.40,19.19,19.36,898900,18.33
2013-02-12,18.82,19.22,18.69,19.20,2775400,18.18
2013-02-11,19.00,19.37,19.00,19.09,2592100,18.08
2013-02-08,19.00,19.22,14.62,19.10,1827400,18.09
2013-02-07,19.30,19.41,19.20,19.22,1646300,18.20
2013-02-06,19.09,19.35,19.04,19.31,1197900,18.29
2013-02-05,19.35,19.35,19.18,19.20,1159800,18.18
2013-02-04,19.19,19.32,19.13,19.31,2707600,18.29
2013-02-01,19.41,19.54,19.26,19.32,2174300,18.30
2013-01-31,19.52,19.59,19.27,19.33,3356600,18.31
2013-01-30,19.51,19.67,19.48,19.57,912600,18.53
2013-01-29,19.45,19.71,19.43,19.65,681300,18.61
2013-01-28,19.46,19.54,19.41,19.48,911100,18.45
2013-01-25,19.30,19.56,19.27,19.50,1163300,18.47
2013-01-24,19.30,19.36,19.13,19.30,853600,18.28
2013-01-23,19.14,19.30,19.02,19.26,716900,18.24
2013-01-22,19.07,19.26,19.01,19.23,761700,18.21
2013-01-18,18.85,19.08,18.74,19.03,704600,18.02
2013-01-17,18.73,18.91,18.72,18.88,714400,17.88
2013-01-16,18.74,18.80,18.50,18.75,1653100,17.76
2013-01-15,18.57,18.70,18.46,18.70,818800,17.71
2013-01-14,18.36,18.50,18.34,18.50,414600,17.52
2013-01-11,18.27,18.41,18.17,18.40,661100,17.43
2013-01-10,18.51,18.51,18.23,18.30,752100,17.33
2013-01-09,18.46,18.51,18.40,18.48,744500,17.50
2013-01-08,18.21,18.47,18.21,18.42,680500,17.44
2013-01-07,18.20,18.28,18.15,18.27,461900,17.30
2013-01-04,18.10,18.25,17.98,18.25,487300,17.28
2013-01-03,18.11,18.14,17.96,18.10,651100,17.14
2013-01-02,18.24,18.24,17.94,18.10,1316600,17.14
2012-12-31,17.87,18.07,17.78,18.05,949400,17.09
2012-12-28,17.98,18.07,17.91,17.94,619500,16.99
2012-12-27,17.97,18.10,17.90,18.10,861200,17.14
2012-12-26,17.96,18.03,17.86,17.96,690500,17.01
2012-12-24,18.00,18.00,17.85,17.95,386900,17.00
2012-12-21,17.95,18.10,17.74,18.02,2419100,17.07
2012-12-20,17.87,18.13,17.87,18.12,837700,17.16
2012-12-19,17.84,17.94,17.69,17.88,952200,16.93
2012-12-18,17.84,17.86,17.72,17.84,680100,16.89
2012-12-17,17.75,17.82,17.67,17.76,618200,16.82
2012-12-14,17.67,17.75,17.57,17.72,730800,16.78
2012-12-13,17.81,17.87,17.61,17.66,1085400,16.72
2012-12-12,17.93,17.94,17.76,17.89,725200,16.94
2012-12-11,17.96,17.99,17.87,17.92,726700,16.97
2012-12-10,17.83,18.00,17.77,17.93,958500,16.98
2012-12-07,17.63,17.85,17.51,17.80,722200,16.86
2012-12-06,17.68,17.79,17.61,17.64,583400,16.71
2012-12-05,17.63,17.69,17.50,17.66,774700,16.72
2012-12-04,17.65,17.77,17.58,17.61,888000,16.68
2012-12-03,17.62,17.85,17.60,17.68,649000,16.74
2012-11-30,17.59,17.75,17.51,17.65,1805000,16.71
2012-11-29,17.54,17.60,17.41,17.53,1009400,16.60
2012-11-28,17.54,17.61,17.35,17.49,947100,16.56
2012-11-27,17.75,17.85,17.57,17.69,1090200,16.56
2012-11-26,17.67,17.82,17.57,17.72,718400,16.59
2012-11-23,17.67,17.75,17.56,17.68,235700,16.55
2012-11-21,17.53,17.60,17.35,17.55,681600,16.43
2012-11-20,17.40,17.55,17.30,17.53,586500,16.41
2012-11-19,17.45,17.54,17.34,17.40,950400,16.29
2012-11-16,17.22,17.35,17.12,17.32,573600,16.22
2012-11-15,17.17,17.32,17.08,17.22,803700,16.12
2012-11-14,17.57,17.57,17.18,17.25,1002300,16.15
2012-11-13,17.45,17.60,17.45,17.48,501600,16.37
2012-11-12,17.57,17.57,17.46,17.50,579100,16.39
2012-11-09,17.56,17.71,17.51,17.51,585500,16.39
2012-11-08,17.75,17.88,17.66,17.66,868100,16.54
2012-11-07,17.95,18.01,17.76,17.78,1019900,16.65
2012-11-06,18.23,18.28,17.95,18.04,972800,16.89
2012-11-05,18.30,18.37,18.07,18.18,783400,17.02
2012-11-02,18.25,18.56,18.21,18.28,2117000,17.12
2012-11-01,17.85,18.06,17.71,18.03,1814200,16.88
2012-10-31,17.40,17.96,17.31,17.80,1726000,16.67
2012-10-26,17.48,17.48,17.31,17.42,1172600,16.31
2012-10-25,17.59,17.69,17.33,17.53,1030800,16.41
2012-10-24,17.51,17.60,17.39,17.57,1089400,16.45
2012-10-23,17.48,17.57,17.36,17.46,964700,16.35
2012-10-22,17.62,17.64,17.43,17.58,697900,16.46
2012-10-19,17.72,17.76,17.54,17.61,739300,16.49
2012-10-18,17.53,17.71,17.51,17.69,797600,16.56
2012-10-17,17.52,17.61,17.39,17.55,929400,16.43
2012-10-16,17.55,17.58,17.46,17.55,763600,16.43
2012-10-15,17.39,17.51,17.30,17.49,1065000,16.38
2012-10-12,17.38,17.47,17.34,17.41,1023900,16.30
2012-10-11,17.39,17.41,17.32,17.36,739800,16.25
2012-10-10,17.26,17.35,17.21,17.33,580300,16.23
2012-10-09,17.36,17.41,17.20,17.30,1199400,16.20
2012-10-08,17.25,17.35,17.18,17.32,566700,16.22
2012-10-05,17.35,17.45,17.23,17.26,1130900,16.16
2012-10-04,17.41,17.44,17.18,17.27,1009900,16.17
2012-10-03,17.26,17.49,17.23,17.35,804100,16.24
2012-10-02,17.30,17.32,17.18,17.26,738900,16.16
2012-10-01,17.42,17.48,17.12,17.25,938500,16.15
2012-09-28,17.55,17.66,17.30,17.34,1490200,16.24
2012-09-27,17.64,17.78,17.47,17.64,1439100,16.52
2012-09-26,17.56,17.64,17.47,17.56,1190100,16.44
2012-09-25,17.77,17.77,17.52,17.57,2574000,16.45
2012-09-24,17.71,17.87,17.57,17.74,1040900,16.61
2012-09-21,17.85,17.93,17.70,17.75,2624600,16.62
2012-09-20,17.82,17.86,17.65,17.80,1124900,16.67
2012-09-19,17.90,17.98,17.75,17.88,1027100,16.74
2012-09-18,17.87,17.94,17.73,17.92,782100,16.78
2012-09-17,17.90,17.96,17.84,17.87,857100,16.73
2012-09-14,17.64,17.98,17.64,17.91,905500,16.77
2012-09-13,17.42,17.82,17.42,17.70,967000,16.57
2012-09-12,17.45,17.54,17.38,17.45,1176400,16.34
2012-09-11,17.21,17.47,17.14,17.45,758600,16.34
2012-09-10,17.25,17.37,17.20,17.22,652700,16.12
2012-09-07,17.18,17.33,17.09,17.30,675100,16.20
2012-09-06,17.10,17.20,17.07,17.17,756400,16.08
2012-09-05,17.15,17.16,16.97,17.07,604500,15.98
2012-09-04,16.96,17.16,16.85,17.16,803400,16.07
2012-08-31,17.01,17.15,16.97,16.97,1278400,15.89
2012-08-30,16.87,17.01,16.82,17.00,587300,15.92
2012-08-29,16.79,17.03,16.76,17.01,685000,15.93
2012-08-28,16.91,17.02,16.84,16.96,604300,15.69
2012-08-27,16.99,16.99,16.90,16.94,821700,15.67
2012-08-24,16.87,16.98,16.64,16.95,394500,15.68
2012-08-23,16.96,16.98,16.88,16.88,577400,15.62
2012-08-22,17.06,17.07,16.78,16.94,637700,15.67
2012-08-21,17.05,17.12,16.97,17.05,572300,15.78
2012-08-20,17.04,17.09,16.93,17.05,525400,15.78
2012-08-17,17.10,17.15,17.02,17.03,439000,15.76
2012-08-16,17.10,17.19,17.02,17.11,544900,15.83
2012-08-15,17.07,17.20,17.02,17.14,501900,15.86
2012-08-14,17.17,17.23,17.05,17.11,411600,15.83
2012-08-13,17.25,17.25,17.08,17.17,395300,15.89
2012-08-10,17.11,17.26,17.08,17.23,546200,15.94
2012-08-09,17.23,17.29,17.19,17.22,577400,15.93
2012-08-08,17.30,17.38,17.21,17.26,613800,15.97
2012-08-07,17.56,17.59,17.33,17.40,958800,16.10
2012-08-06,17.41,17.56,17.34,17.56,860300,16.25
2012-08-03,17.38,17.47,17.27,17.37,635200,16.07
2012-08-02,16.82,17.22,16.80,17.21,758900,15.92
2012-08-01,17.17,17.28,16.92,16.95,680700,15.68
2012-07-31,17.04,17.09,16.93,17.06,606700,15.79
2012-07-30,17.10,17.21,17.04,17.11,491700,15.83
2012-07-27,16.84,17.15,16.80,17.07,866500,15.79
2012-07-26,16.91,17.07,16.78,16.86,889400,15.60
2012-07-25,16.65,16.92,16.65,16.74,1412700,15.49
2012-07-24,16.67,16.78,16.57,16.64,1267000,15.40
2012-07-23,16.76,16.90,16.65,16.66,1131600,15.41
2012-07-20,16.95,17.06,16.90,16.94,1158000,15.67
2012-07-19,17.29,17.32,17.04,17.11,1234400,15.83
2012-07-18,17.29,17.47,17.29,17.29,809400,16.00
2012-07-17,17.17,17.43,17.15,17.41,804800,16.11
2012-07-16,16.98,17.15,16.88,17.09,766000,15.81
2012-07-13,16.78,17.02,16.78,16.96,1366400,15.69
2012-07-12,16.84,16.94,16.69,16.83,1579100,15.57
2012-07-11,16.96,17.04,16.86,16.89,849100,15.63
2012-07-10,17.17,17.23,16.96,16.97,640400,15.70
2012-07-09,17.20,17.31,17.03,17.10,847300,15.82
2012-07-06,17.15,17.27,17.08,17.17,661700,15.89
2012-07-05,17.35,17.47,17.23,17.28,1005800,15.99
2012-07-03,17.38,17.46,17.32,17.46,381100,16.16
2012-07-02,17.27,17.42,17.17,17.40,785700,16.10
2012-06-29,17.25,17.30,17.18,17.21,1075000,15.92
2012-06-28,16.70,17.09,16.70,17.07,1750700,15.79
2012-06-27,16.74,16.92,16.69,16.88,626200,15.62
2012-06-26,16.79,16.91,16.71,16.72,811400,15.47
2012-06-25,16.68,16.97,16.68,16.83,1103200,15.57
2012-06-22,16.78,16.98,16.69,16.84,1427100,15.58
2012-06-21,16.86,16.93,16.60,16.62,888400,15.38
2012-06-20,16.88,16.95,16.70,16.87,683000,15.61
2012-06-19,16.86,17.10,16.78,16.91,1013400,15.65
2012-06-18,16.61,16.85,16.58,16.74,2092600,15.49
2012-06-15,16.77,16.80,16.60,16.71,851500,15.46
2012-06-14,16.54,16.82,16.49,16.77,889700,15.52
2012-06-13,16.29,16.60,16.29,16.56,1008900,15.32
2012-06-12,16.23,16.44,16.23,16.44,768300,15.21
2012-06-11,16.70,16.70,16.23,16.23,831400,15.02
2012-06-08,16.44,16.61,16.44,16.60,627900,15.36
2012-06-07,16.80,16.83,16.52,16.52,625400,15.29
2012-06-06,16.61,16.69,16.34,16.69,1033400,15.44
2012-06-05,16.14,16.39,16.10,16.31,919300,15.09
2012-06-04,16.33,16.38,16.14,16.19,1528300,14.98
2012-06-01,16.22,16.43,16.19,16.35,1104700,15.13
2012-05-31,16.47,16.54,16.31,16.51,1290600,15.28
2012-05-30,16.46,16.63,16.38,16.44,1608700,15.21
2012-05-29,16.72,16.83,16.60,16.79,645100,15.35
2012-05-25,16.69,16.80,16.54,16.60,500300,15.18
2012-05-24,16.68,16.80,16.53,16.78,771100,15.34
2012-05-23,16.60,16.65,16.39,16.65,686000,15.22
2012-05-22,16.62,16.73,16.53,16.73,740900,15.30
2012-05-21,16.45,16.65,16.32,16.65,612200,15.22
2012-05-18,16.52,16.62,16.37,16.43,1307000,15.02
2012-05-17,16.83,16.85,16.44,16.45,997400,15.04
2012-05-16,17.09,17.16,16.84,16.85,836500,15.41
2012-05-15,16.92,17.05,16.86,17.00,1175600,15.54
2012-05-14,17.00,17.12,16.95,16.99,1093800,15.53
2012-05-11,17.00,17.22,16.92,17.06,630700,15.60
2012-05-10,17.14,17.17,16.94,17.00,780800,15.54
2012-05-09,16.93,17.25,16.88,17.09,687700,15.62
2012-05-08,17.07,17.18,17.01,17.10,565700,15.63
2012-05-07,17.16,17.22,17.04,17.12,1000000,15.65
2012-05-04,17.42,17.52,17.20,17.25,661900,15.77
2012-05-03,17.72,17.77,17.51,17.52,731000,16.02
2012-05-02,17.70,17.82,17.54,17.66,686600,16.15
2012-05-01,17.69,17.89,17.61,17.80,627400,16.27
2012-04-30,17.61,17.75,17.52,17.74,702100,16.22
2012-04-27,17.57,17.77,17.49,17.70,657300,16.18
2012-04-26,17.46,17.61,17.39,17.56,760800,16.05
2012-04-25,17.31,17.49,17.26,17.45,685900,15.95
2012-04-24,16.95,17.25,16.94,17.23,710300,15.75
2012-04-23,17.02,17.02,16.87,16.96,1006300,15.51
2012-04-20,17.01,17.17,17.01,17.11,642100,15.64
2012-04-19,17.04,17.13,16.89,17.00,678100,15.54
2012-04-18,17.20,17.23,17.04,17.04,599700,15.58
2012-04-17,17.10,17.36,17.04,17.28,984200,15.80
2012-04-16,16.97,17.21,16.97,17.07,804200,15.61
2012-04-13,17.00,17.10,16.92,16.92,510600,15.47
2012-04-12,16.93,17.07,16.86,17.07,711200,15.61
2012-04-11,16.87,16.95,16.72,16.94,780600,15.49
2012-04-10,17.33,17.43,16.73,16.76,1193500,15.32
2012-04-09,17.30,17.31,17.14,17.18,634300,15.71
2012-04-05,17.39,17.48,17.34,17.46,581000,15.96
2012-04-04,17.37,17.62,17.35,17.49,845200,15.99
2012-04-03,17.71,17.82,17.54,17.54,1321200,16.04
2012-04-02,17.71,17.97,17.62,17.80,1342900,16.27
2012-03-30,17.94,18.06,17.75,17.75,1066200,16.23
2012-03-29,17.93,17.99,17.75,17.91,428300,16.37
2012-03-28,17.88,18.03,17.87,18.00,919800,16.46
2012-03-27,18.00,18.04,17.85,17.95,987900,16.41
2012-03-26,17.78,17.89,17.70,17.81,1068900,16.28
2012-03-23,17.66,17.77,17.51,17.68,853300,16.16
2012-03-22,17.83,17.85,17.65,17.70,1323400,16.18
2012-03-21,17.92,18.08,17.85,18.00,1094900,16.46
2012-03-20,17.65,17.96,17.63,17.92,1136100,16.38
2012-03-19,17.73,17.88,17.65,17.81,1214700,16.28
2012-03-16,17.49,17.68,17.46,17.68,655300,16.16
2012-03-15,17.69,17.69,17.44,17.54,584800,16.04
2012-03-14,17.67,17.75,17.46,17.61,661400,16.10
2012-03-13,17.51,17.73,17.40,17.71,861100,16.19
2012-03-12,17.41,17.48,17.29,17.39,612400,15.90
2012-03-09,17.27,17.50,17.20,17.36,766500,15.87
2012-03-08,17.33,17.34,17.16,17.29,764800,15.81
2012-03-07,17.32,17.36,17.13,17.31,785000,15.83
2012-03-06,17.66,17.79,17.47,17.50,1524400,15.82
2012-03-05,17.72,17.83,17.64,17.80,637900,16.09
2012-03-02,17.69,17.89,17.67,17.79,885200,16.08
2012-03-01,17.65,17.77,17.50,17.77,1112000,16.06
2012-02-29,17.68,17.87,17.60,17.62,747700,15.92
2012-02-28,17.84,17.96,17.62,17.71,621400,16.01
2012-02-27,17.78,17.98,17.61,17.88,657100,16.16
2012-02-24,17.95,17.98,17.70,17.86,563700,16.14
2012-02-23,17.76,17.99,17.73,17.99,856800,16.26
2012-02-22,17.75,17.96,17.73,17.77,844600,16.06
2012-02-21,17.98,17.99,17.74,17.85,1191800,16.13
2012-02-17,17.99,18.09,17.66,17.99,2079800,16.26
2012-02-16,17.80,18.15,17.80,18.13,1017400,16.39
2012-02-15,17.71,18.00,17.60,17.88,904300,16.16
2012-02-14,17.98,18.01,17.68,17.73,1120900,16.02
2012-02-13,18.21,18.58,18.02,18.07,1065400,16.33
2012-02-10,18.69,18.70,18.04,18.09,1234300,16.35
2012-02-09,18.54,18.79,18.29,18.30,1358700,16.54
2012-02-08,18.62,18.74,18.43,18.53,1206700,16.75
2012-02-07,18.68,18.87,18.54,18.54,915500,16.76
2012-02-06,18.83,18.91,18.72,18.77,904600,16.96
2012-02-03,18.76,18.91,18.55,18.91,3273000,17.09
2012-02-02,18.80,18.86,18.48,18.56,1151600,16.77
2012-02-01,18.56,18.88,18.56,18.82,916300,17.01
2012-01-31,18.38,18.52,18.19,18.52,1231000,16.74
2012-01-30,18.25,18.49,18.14,18.27,926600,16.51
2012-01-27,18.31,18.52,18.25,18.50,713300,16.72
2012-01-26,18.35,18.50,18.30,18.43,677900,16.66
2012-01-25,18.16,18.31,18.09,18.25,1378700,16.49
2012-01-24,18.09,18.24,18.01,18.24,1305800,16.49
2012-01-23,18.21,18.40,18.14,18.25,1609100,16.49
2012-01-20,17.80,18.21,17.71,18.20,958500,16.45
2012-01-19,17.80,17.92,17.69,17.82,672400,16.11
2012-01-18,17.45,17.80,17.45,17.78,431300,16.07
2012-01-17,17.65,17.70,17.46,17.51,541600,15.83
2012-01-13,17.46,17.60,17.36,17.58,567600,15.89
2012-01-12,17.61,17.63,17.32,17.58,857900,15.89
2012-01-11,17.78,17.79,17.50,17.70,721900,16.00
2012-01-10,17.31,17.49,17.26,17.44,604200,15.76
2012-01-09,17.17,17.28,17.07,17.18,499600,15.53
2012-01-06,17.34,17.43,17.13,17.18,530100,15.53
2012-01-05,17.09,17.34,16.97,17.30,572800,15.64
2012-01-04,17.10,17.40,17.05,17.18,1484600,15.53
2012-01-03,17.28,17.59,17.03,17.20,868100,15.55
2011-12-30,17.06,17.30,17.03,17.04,587300,15.40
2011-12-29,17.04,17.16,16.94,17.11,709000,15.46
2011-12-28,17.27,17.29,17.00,17.02,744100,15.38
2011-12-27,17.37,17.50,17.21,17.34,401200,15.67
2011-12-23,17.51,17.67,17.39,17.42,609100,15.74
2011-12-22,17.15,17.58,17.14,17.47,1820200,15.79
2011-12-21,17.06,17.24,17.03,17.17,718400,15.52
2011-12-20,17.08,17.19,16.85,17.13,1237900,15.48
2011-12-19,17.03,17.12,16.81,16.92,1151800,15.29
2011-12-16,16.57,17.06,16.51,17.03,1986900,15.39
2011-12-15,16.32,16.60,16.21,16.54,1209400,14.95
2011-12-14,16.04,16.41,16.00,16.22,817600,14.66
2011-12-13,16.24,16.40,16.09,16.14,792600,14.59
2011-12-12,16.15,16.29,15.95,16.19,1078600,14.63
2011-12-09,16.26,16.50,16.21,16.37,925100,14.80
2011-12-08,16.64,16.64,16.16,16.19,887400,14.63
2011-12-07,16.50,16.72,16.32,16.70,869200,15.09
2011-12-06,16.68,16.79,16.50,16.54,555200,14.95
2011-12-05,16.63,16.80,16.47,16.73,872600,15.12
2011-12-02,16.56,16.63,16.40,16.45,1148200,14.87
2011-12-01,16.51,16.61,16.30,16.46,1103500,14.88
2011-11-30,16.77,16.78,16.21,16.64,2153100,15.04
2011-11-29,16.12,16.24,15.99,16.14,1295700,14.59
2011-11-28,16.48,16.48,16.25,16.43,1452900,14.56
2011-11-25,16.00,16.34,15.96,16.01,505900,14.19
2011-11-23,16.25,16.36,15.98,16.02,879700,14.20
2011-11-22,16.55,16.68,16.44,16.47,1077800,14.60
2011-11-21,16.68,16.84,16.44,16.60,1334400,14.72
2011-11-18,16.66,16.99,16.60,16.97,1269900,15.04
2011-11-17,16.66,16.85,16.53,16.60,1670000,14.72
2011-11-16,16.60,16.91,16.56,16.63,765100,14.74
2011-11-15,16.71,16.89,16.59,16.76,851100,14.86
2011-11-14,16.97,17.06,16.76,16.80,745700,14.89
2011-11-11,16.96,17.27,16.87,17.16,723300,15.21
2011-11-10,16.96,17.05,16.63,16.77,1760300,14.87
2011-11-09,17.12,17.26,16.63,16.67,1607800,14.78
2011-11-08,17.22,17.53,16.95,17.50,765800,15.51
2011-11-07,17.05,17.31,16.94,17.13,931000,15.19
2011-11-04,17.30,17.37,17.03,17.18,797200,15.23
2011-11-03,17.50,17.50,17.00,17.37,761300,15.40
2011-11-02,16.76,17.48,16.74,17.38,1385700,15.41
2011-11-01,16.57,17.00,16.41,16.51,1459800,14.64
2011-10-31,17.06,17.24,16.79,16.98,787100,15.05
2011-10-28,17.26,17.39,17.08,17.38,815400,15.41
2011-10-27,17.18,17.46,16.86,17.39,1142500,15.42
2011-10-26,16.55,16.80,16.42,16.73,1027400,14.83
2011-10-25,16.87,16.88,16.43,16.46,900400,14.59
2011-10-24,16.32,17.02,16.25,17.02,1118700,15.09
2011-10-21,16.56,16.91,16.45,16.91,966800,14.99
2011-10-20,16.21,16.36,15.82,16.36,1157500,14.50
2011-10-19,16.57,16.72,16.15,16.21,1104200,14.37
2011-10-18,16.17,16.70,16.09,16.64,1221600,14.75
2011-10-17,16.61,16.70,16.13,16.18,992800,14.34
2011-10-14,16.48,16.79,16.41,16.70,1084900,14.80
2011-10-13,16.30,16.52,15.99,16.35,1232600,14.49
2011-10-12,16.04,16.49,15.92,16.35,1216200,14.49
2011-10-11,16.22,16.28,15.86,15.93,711400,14.12
2011-10-10,15.95,16.37,15.86,16.37,1090600,14.51
2011-10-07,16.34,16.51,15.64,15.68,1658900,13.90
2011-10-06,15.75,16.23,15.62,16.22,1112700,14.38
2011-10-05,16.18,16.19,15.17,15.80,1207800,14.01
2011-10-04,15.16,16.21,14.91,16.21,2100000,14.37
2011-10-03,16.04,16.31,15.41,15.42,1423900,13.67
2011-09-30,16.34,16.71,16.17,16.17,1495000,14.33
2011-09-29,16.53,16.61,16.26,16.61,1164200,14.72
2011-09-28,16.59,16.79,16.22,16.23,1217500,14.39
2011-09-27,16.73,16.88,16.48,16.61,1011700,14.72
2011-09-26,16.36,16.46,16.04,16.46,917200,14.59
2011-09-23,16.05,16.25,15.94,16.18,1590100,14.34
2011-09-22,16.73,16.73,15.92,16.08,4099500,14.25
2011-09-21,17.85,17.92,16.99,16.99,1133100,15.06
2011-09-20,17.86,18.13,17.78,17.89,1013600,15.86
2011-09-19,17.90,18.06,17.82,17.82,1262200,15.80
2011-09-16,18.27,18.35,17.92,18.14,1128100,16.08
2011-09-15,18.28,18.44,18.13,18.30,1154600,16.22
2011-09-14,18.25,18.30,18.02,18.16,1922900,16.10
2011-09-13,17.72,18.23,17.61,18.19,2178500,16.12
2011-09-12,17.40,17.74,17.28,17.73,1402100,15.72
2011-09-09,17.71,17.89,17.49,17.59,1202100,15.59
2011-09-08,18.22,18.27,17.86,17.95,1603900,15.91
2011-09-07,17.92,18.27,17.67,18.27,1466800,16.20
2011-09-06,17.22,17.79,17.00,17.66,1265000,15.66
2011-09-02,18.22,18.35,17.71,17.72,1639600,15.71
2011-09-01,19.00,19.09,18.51,18.52,1690000,16.42
2011-08-31,18.88,18.98,18.64,18.90,1814800,16.75
2011-08-30,18.50,18.82,18.21,18.73,1465300,16.60
2011-08-29,18.49,18.91,18.49,18.90,1595900,16.47
2011-08-26,18.27,18.74,17.96,18.33,1835800,15.98
2011-08-25,19.05,19.14,18.36,18.44,2064100,16.07
2011-08-24,18.53,18.94,18.37,18.92,1207400,16.49
2011-08-23,18.20,18.64,18.11,18.64,991600,16.25
2011-08-22,18.46,18.57,17.97,18.19,868900,15.86
2011-08-19,18.61,18.80,18.09,18.17,1509700,15.84
2011-08-18,18.87,19.11,18.62,18.77,1513600,16.36
2011-08-17,19.49,19.71,19.22,19.47,652400,16.97
2011-08-16,19.40,19.60,19.21,19.38,882500,16.89
2011-08-15,18.94,19.71,18.94,19.69,1191100,17.16
2011-08-12,19.10,19.46,18.80,18.92,1398400,16.49
2011-08-11,18.16,19.25,18.11,18.95,2453700,16.52
2011-08-10,17.97,18.99,17.52,18.09,2717600,15.77
2011-08-09,17.39,18.80,17.22,18.79,2879900,16.38
2011-08-08,18.21,18.34,17.12,17.12,2857000,14.92
2011-08-05,18.97,19.15,18.38,18.64,2122700,16.25
2011-08-04,19.46,19.56,18.82,18.83,1280000,16.41
2011-08-03,19.67,19.77,19.15,19.71,1325700,17.18
2011-08-02,20.12,20.23,19.69,19.70,1636100,17.17
2011-08-01,20.66,20.88,20.14,20.23,1646500,17.63
2011-07-29,20.19,20.56,20.09,20.55,890400,17.91
2011-07-28,20.34,20.72,20.16,20.43,716600,17.81
2011-07-27,20.94,20.98,20.35,20.35,1065900,17.74
2011-07-26,20.99,21.05,20.80,20.99,659400,18.30
2011-07-25,20.82,21.06,20.82,20.99,738000,18.30
2011-07-22,21.02,21.14,20.91,21.14,517500,18.43
2011-07-21,21.00,21.19,20.85,20.97,794700,18.28
2011-07-20,20.85,21.07,20.84,20.97,728500,18.28
2011-07-19,20.65,20.91,20.56,20.91,836400,18.23
2011-07-18,20.83,20.83,20.52,20.65,670100,18.00
2011-07-15,20.45,20.87,20.37,20.87,1161000,18.19
2011-07-14,20.71,20.74,20.33,20.44,772800,17.82
2011-07-13,21.09,21.14,20.58,20.63,958200,17.98
2011-07-12,20.83,21.22,20.79,21.04,753400,18.34
2011-07-11,21.02,21.14,20.90,20.93,821700,18.24
2011-07-08,21.03,21.29,20.95,21.25,864500,18.52
2011-07-07,21.10,21.32,21.07,21.21,752500,18.49
2011-07-06,20.95,21.17,20.82,21.07,822100,18.37
2011-07-05,20.62,21.00,20.60,21.00,1082500,18.31
2011-07-01,20.37,20.93,20.37,20.75,1031900,18.09
2011-06-30,20.49,20.63,20.36,20.39,702900,17.77
2011-06-29,20.39,20.63,20.17,20.49,1358300,17.86
2011-06-28,20.21,20.31,19.96,20.31,1139400,17.70
2011-06-27,20.15,20.31,20.04,20.12,1132800,17.54
2011-06-24,20.48,20.64,20.07,20.10,7382500,17.52
2011-06-23,20.61,20.68,20.23,20.40,1759000,17.78
2011-06-22,20.75,21.11,20.74,20.89,2250200,18.21
2011-06-21,20.37,20.82,20.26,20.81,2044900,18.14
2011-06-20,20.50,20.87,20.47,20.72,1405500,18.06
2011-06-17,20.43,20.60,20.22,20.53,2123300,17.90
2011-06-16,20.20,20.45,19.88,20.19,1495500,17.60
2011-06-15,20.36,20.51,19.97,20.17,1544900,17.58
2011-06-14,20.29,20.70,20.29,20.55,1533800,17.91
2011-06-13,20.10,20.47,20.08,20.20,1426500,17.61
2011-06-10,20.26,20.26,19.86,20.06,1548200,17.49
2011-06-09,20.41,20.66,20.09,20.29,1106700,17.69
2011-06-08,20.38,20.59,20.27,20.44,1009000,17.82
2011-06-07,20.47,20.65,20.27,20.48,1019000,17.85
2011-06-06,20.50,20.65,20.36,20.41,1001700,17.79
2011-06-03,20.21,20.64,20.12,20.57,1164600,17.93
2011-06-02,20.08,20.44,20.08,20.34,1734800,17.73
2011-06-01,20.56,20.71,19.98,20.03,1427800,17.46
2011-05-31,20.40,20.62,20.23,20.56,6846600,17.92
2011-05-27,20.29,20.38,20.09,20.35,874700,17.74
2011-05-26,20.09,20.48,19.92,20.39,1113000,17.50
2011-05-25,19.98,20.19,19.80,20.09,806400,17.24
2011-05-24,20.19,20.30,20.06,20.08,974400,17.23
2011-05-23,20.21,20.35,20.18,20.18,919700,17.32
2011-05-20,20.21,20.47,20.21,20.41,1096100,17.52
2011-05-19,20.41,20.50,20.26,20.37,1083300,17.48
2011-05-18,20.16,20.45,20.05,20.43,1186500,17.53
2011-05-17,19.94,20.28,19.89,20.16,2146400,17.30
2011-05-16,19.70,19.89,19.64,19.88,867100,17.06
2011-05-13,19.90,19.96,19.79,19.81,979400,17.00
2011-05-12,19.64,19.95,19.54,19.94,1039000,17.11
2011-05-11,19.87,19.92,19.59,19.66,932800,16.87
2011-05-10,19.49,19.98,19.49,19.98,926800,17.15
2011-05-09,19.42,19.50,19.24,19.44,563100,16.68
2011-05-06,19.37,19.74,19.33,19.39,668700,16.64
2011-05-05,19.80,19.95,19.63,19.81,620800,17.00
2011-05-04,19.89,19.98,19.74,19.89,871600,17.07
2011-05-03,19.85,19.98,19.60,19.95,1241400,17.12
2011-05-02,19.99,19.99,19.73,19.95,775500,17.12
2011-04-29,19.94,19.99,19.69,19.90,690000,17.08
2011-04-28,19.95,20.06,19.88,19.97,1734900,17.14
2011-04-27,19.90,20.00,19.86,19.90,1160100,17.08
2011-04-26,19.84,19.97,19.77,19.94,686900,17.11
2011-04-25,19.66,19.92,19.53,19.83,632200,17.02
2011-04-21,19.71,19.77,19.48,19.73,434000,16.93
2011-04-20,19.76,19.78,19.55,19.74,505300,16.94
2011-04-19,19.42,19.69,19.41,19.69,551300,16.90
2011-04-18,19.57,19.66,19.35,19.45,515800,16.69
2011-04-15,19.60,19.79,19.57,19.70,792800,16.91
2011-04-14,19.14,19.67,19.12,19.65,1495500,16.86
2011-04-13,19.01,19.38,18.98,19.29,988700,16.56
2011-04-12,18.89,19.10,18.86,18.99,727500,16.30
2011-04-11,18.85,19.20,18.85,18.97,716000,16.28
2011-04-08,19.14,19.20,18.82,18.88,488300,16.20
2011-04-07,19.32,19.44,19.05,19.12,704000,16.41
2011-04-06,19.39,19.44,19.21,19.40,646600,16.65
2011-04-05,19.24,19.40,19.14,19.40,704400,16.65
2011-04-04,19.42,19.46,19.11,19.31,798300,16.57
2011-04-01,19.43,19.48,19.19,19.44,1066400,16.68
2011-03-31,19.17,19.48,19.17,19.41,851900,16.66
2011-03-30,19.00,19.19,18.91,19.17,736300,16.45
2011-03-29,18.82,19.04,18.56,19.04,776700,16.34
2011-03-28,18.99,19.00,18.77,18.90,547300,16.22
2011-03-25,18.76,19.01,18.69,18.92,696700,16.24
2011-03-24,18.87,18.97,18.52,18.80,945900,16.13
2011-03-23,19.00,19.03,18.68,18.86,1153200,16.19
2011-03-22,19.17,19.24,18.91,19.07,1385300,16.37
2011-03-21,19.25,19.30,19.05,19.18,1361000,16.46
2011-03-18,19.06,19.50,18.90,19.19,4756700,16.47
2011-03-17,19.02,19.08,18.76,19.04,1397800,16.34
2011-03-16,18.76,19.14,18.63,18.76,1578800,16.10
2011-03-15,18.65,18.92,18.41,18.80,792600,16.13
2011-03-14,18.97,19.02,18.79,18.96,869400,16.27
2011-03-11,18.56,19.19,18.56,19.14,938200,16.43
2011-03-10,18.61,18.84,18.60,18.69,1167000,16.04
2011-03-09,19.05,19.05,18.75,18.75,573400,16.09
2011-03-08,18.63,19.14,18.59,19.03,1040400,16.33
2011-03-07,18.91,19.04,18.47,18.70,1150800,16.05
2011-03-04,19.18,19.26,18.80,18.91,742600,16.23
2011-03-03,19.23,19.43,19.04,19.21,891100,16.49
2011-03-02,19.60,19.64,19.16,19.31,1599400,16.30
2011-03-01,20.01,20.01,19.65,19.73,1525300,16.66
2011-02-28,19.73,20.04,19.60,20.00,5821300,16.88
2011-02-25,19.42,19.82,19.35,19.58,1825800,16.53
2011-02-24,19.41,19.62,19.32,19.35,1126400,16.34
2011-02-23,19.48,19.58,19.41,19.50,1153000,16.46
2011-02-22,19.79,19.88,19.45,19.51,1372400,16.47
2011-02-18,19.67,20.00,19.65,20.00,878300,16.88
2011-02-17,19.60,19.83,19.60,19.78,662500,16.70
2011-02-16,19.57,19.78,19.41,19.71,857900,16.64
2011-02-15,19.49,19.61,19.39,19.57,754000,16.52
2011-02-14,19.79,19.90,19.43,19.63,892400,16.57
2011-02-11,19.85,20.00,19.64,19.87,1752200,16.77
2011-02-10,19.63,19.94,19.63,19.86,965200,16.77
2011-02-09,19.76,19.89,19.47,19.88,830300,16.78
2011-02-08,19.66,19.94,19.56,19.88,914000,16.78
2011-02-07,19.50,19.73,19.36,19.73,1031800,16.66
2011-02-04,19.82,19.82,19.56,19.56,1024500,16.51
2011-02-03,19.64,19.83,19.61,19.82,944200,16.73
2011-02-02,19.57,19.90,19.47,19.80,1214100,16.72
2011-02-01,19.53,19.83,19.27,19.82,2295500,16.73
2011-01-31,19.72,19.95,19.58,19.78,1057000,16.70
2011-01-28,19.87,19.92,19.40,19.57,547800,16.52
2011-01-27,19.75,19.98,19.71,19.83,628100,16.74
2011-01-26,19.88,19.88,19.53,19.67,804200,16.61
2011-01-25,19.72,19.90,19.56,19.84,453000,16.75
2011-01-24,19.65,19.99,19.62,19.81,354000,16.72
2011-01-21,19.61,19.68,19.40,19.64,365700,16.58
2011-01-20,19.59,19.87,19.48,19.67,379800,16.61
2011-01-19,19.83,19.92,19.50,19.55,354000,16.50
2011-01-18,19.78,19.94,19.61,19.94,691000,16.83
2011-01-14,19.92,20.00,19.73,19.86,534000,16.77
2011-01-13,19.86,20.04,19.70,20.04,432700,16.92
2011-01-12,19.74,19.98,19.58,19.98,480300,16.87
2011-01-11,19.45,19.91,19.28,19.78,776700,16.70
2011-01-10,19.94,19.96,19.74,19.86,334900,16.77
2011-01-07,20.13,20.32,19.91,20.01,317100,16.89
2011-01-06,20.48,20.49,19.98,20.00,428500,16.88
2011-01-05,20.05,20.61,20.02,20.55,653000,17.35
2011-01-04,20.59,20.64,19.80,20.05,595600,16.93
2011-01-03,20.24,20.53,20.08,20.53,814200,17.33
2010-12-31,20.13,20.33,20.12,20.14,345100,17.00
2010-12-30,20.09,20.26,20.01,20.19,372600,17.04
2010-12-29,20.33,20.39,20.18,20.23,225000,17.08
2010-12-28,20.20,20.31,20.11,20.26,531000,17.10
2010-12-27,20.10,20.27,19.98,20.20,359400,17.05
2010-12-23,20.21,20.32,19.95,20.13,337700,16.99
2010-12-22,19.95,20.50,19.88,20.31,837600,17.15
2010-12-21,18.99,19.97,18.64,19.94,1183600,16.83
2010-12-20,20.00,20.22,19.83,20.15,850800,17.01
2010-12-17,19.68,21.00,19.68,20.18,7427800,17.04
2010-12-16,19.54,19.79,19.45,19.75,766400,16.67
2010-12-15,19.74,19.80,19.48,19.58,875500,16.53
2010-12-14,19.57,19.99,19.44,19.72,774800,16.65
2010-12-13,19.48,19.80,19.48,19.69,641300,16.62
2010-12-10,19.32,19.49,19.13,19.31,410600,16.30
2010-12-09,19.61,19.83,19.23,19.30,453400,16.29
2010-12-08,19.79,19.85,19.41,19.68,526000,16.61
2010-12-07,19.80,19.95,19.71,19.85,591800,16.76
2010-12-06,19.66,19.97,19.48,19.80,445600,16.72
2010-12-03,19.75,19.87,19.61,19.75,426100,16.67
2010-12-02,19.75,19.93,19.54,19.90,633900,16.80
2010-12-01,20.00,20.09,19.41,19.86,1064400,16.77
2010-11-30,19.93,20.43,19.71,19.89,10469300,16.79
2010-11-29,19.61,20.21,19.60,20.13,1647100,16.99
2010-11-26,19.87,20.02,19.72,20.02,507800,16.64
2010-11-24,19.54,20.00,19.53,20.00,919100,16.62
2010-11-23,19.45,19.91,19.43,19.70,853200,16.37
2010-11-22,19.60,19.73,19.51,19.67,619400,16.34
2010-11-19,19.36,19.75,19.11,19.70,859300,16.37
2010-11-18,19.18,19.54,18.91,19.52,740500,16.22
2010-11-17,18.85,19.19,18.67,19.15,338100,15.91
2010-11-16,19.30,19.31,18.58,18.85,519700,15.66
2010-11-15,19.38,19.75,19.34,19.51,667000,16.21
2010-11-12,19.36,19.75,19.28,19.54,1581600,16.24
2010-11-11,18.18,19.95,18.18,19.51,2913800,16.21
2010-11-10,18.15,18.37,17.37,18.27,796400,15.18
2010-11-09,18.84,18.90,18.04,18.25,1233700,15.16
2010-11-08,19.26,19.26,18.77,18.89,289800,15.70
2010-11-05,19.13,19.37,19.05,19.35,206700,16.08
2010-11-04,19.04,19.25,18.83,19.22,343600,15.97
2010-11-03,19.12,19.15,18.97,19.02,185500,15.80
2010-11-02,19.08,19.19,18.91,19.16,268200,15.92
2010-11-01,18.87,19.06,18.78,19.05,295100,15.83
2010-10-29,18.79,18.89,18.50,18.87,179100,15.68
2010-10-28,18.75,18.89,18.40,18.76,171600,15.59
2010-10-27,18.78,18.87,18.56,18.72,159200,15.56
2010-10-26,18.97,19.00,18.75,18.92,178500,15.72
2010-10-25,19.05,19.15,18.73,19.06,182400,15.84
2010-10-22,18.80,19.10,18.80,19.00,182200,15.79
2010-10-21,19.10,19.19,18.61,18.72,277900,15.56
2010-10-20,18.72,19.17,18.72,19.09,470200,15.86
2010-10-19,18.59,18.97,18.59,18.76,259400,15.59
2010-10-18,18.36,18.89,18.32,18.75,432000,15.58
2010-10-15,18.33,18.56,18.20,18.39,310600,15.28
2010-10-14,18.74,18.76,18.19,18.27,460000,15.18
2010-10-13,18.90,18.96,18.72,18.81,300200,15.63
2010-10-12,18.47,18.90,18.41,18.87,231900,15.68
2010-10-11,18.64,18.71,18.42,18.54,181600,15.41
2010-10-08,18.59,18.73,18.50,18.63,132400,15.48
2010-10-07,18.70,18.79,18.63,18.67,168000,15.51
2010-10-06,18.76,18.85,18.64,18.69,204400,15.53
2010-10-05,18.66,18.90,18.28,18.81,563000,15.63
2010-10-04,18.61,18.73,18.19,18.67,307900,15.51
2010-10-01,18.86,18.86,18.37,18.72,212400,15.56
2010-09-30,18.85,18.95,18.43,18.91,361800,15.71
2010-09-29,18.93,18.94,18.65,18.83,354500,15.65
2010-09-28,18.58,18.97,18.24,18.93,351300,15.73
2010-09-27,18.27,18.75,18.18,18.50,370000,15.37
2010-09-24,17.93,18.23,17.93,18.20,806700,15.12
2010-09-23,18.31,18.51,17.80,17.84,413900,14.82
2010-09-22,18.49,18.77,18.45,18.56,285800,15.42
2010-09-21,18.50,18.91,18.29,18.57,430800,15.43
2010-09-20,18.57,18.95,18.29,18.60,620900,15.46
2010-09-17,18.05,18.68,17.91,18.60,578300,15.46
2010-09-16,18.25,18.31,17.81,17.95,285500,14.92
2010-09-15,18.33,18.62,18.21,18.32,197200,15.22
2010-09-14,18.29,18.43,18.05,18.30,255700,15.21
2010-09-13,18.28,18.50,18.19,18.36,256500,15.26
2010-09-10,18.43,18.48,18.30,18.36,136000,14.99
2010-09-09,18.61,18.62,18.19,18.39,229500,15.02
2010-09-08,18.45,18.71,18.43,18.50,354000,15.11
2010-09-07,18.37,18.59,18.19,18.45,205800,15.07
2010-09-03,18.60,18.60,18.31,18.50,177200,15.11
2010-09-02,18.83,18.87,18.31,18.50,453200,15.11
2010-09-01,18.44,18.98,17.87,18.92,508200,15.45
2010-08-31,17.82,18.47,17.75,18.36,497200,14.99
2010-08-30,18.07,18.12,17.77,17.89,236500,14.61
2010-08-27,17.98,18.19,17.54,18.18,283500,14.85
2010-08-26,17.88,18.17,17.84,18.01,370800,14.71
2010-08-25,17.85,18.00,17.54,17.96,454900,14.67
2010-08-24,17.13,17.99,17.13,17.98,842200,14.68
2010-08-23,17.44,17.50,17.24,17.33,283000,14.15
2010-08-20,17.12,17.48,17.08,17.46,442900,14.26
2010-08-19,17.16,17.35,16.86,17.12,316800,13.98
2010-08-18,17.14,17.39,17.05,17.21,204100,14.06
2010-08-17,17.14,17.40,17.03,17.22,296700,14.06
2010-08-16,17.04,17.31,17.00,17.09,275800,13.96
2010-08-13,16.96,17.44,16.96,17.17,302900,14.02
2010-08-12,16.89,17.29,16.89,17.10,425200,13.97
2010-08-11,16.85,17.37,15.46,17.10,793400,13.97
2010-08-10,17.72,17.72,16.98,17.50,846900,14.29
2010-08-09,17.88,18.12,17.82,17.99,201000,14.69
2010-08-06,18.04,18.35,17.85,17.89,128100,14.61
2010-08-05,17.97,18.31,17.84,18.20,216900,14.86
2010-08-04,17.91,18.11,17.88,18.11,149400,14.79
2010-08-03,18.45,18.56,17.76,17.95,245600,14.66
2010-08-02,18.12,18.59,18.00,18.57,257600,15.17
2010-07-30,17.74,18.00,17.74,18.00,115600,14.70
2010-07-29,18.05,18.10,17.75,17.88,93900,14.60
2010-07-28,18.07,18.13,17.89,17.99,90800,14.69
2010-07-27,18.09,18.18,17.98,18.18,184200,14.85
2010-07-26,18.05,18.13,17.83,18.13,267600,14.81
2010-07-23,17.92,18.07,17.67,18.07,78600,14.76
2010-07-22,17.86,18.05,17.70,18.02,161600,14.72
2010-07-21,18.08,18.10,17.61,17.68,145300,14.44
2010-07-20,17.55,18.10,17.35,18.07,135700,14.76
2010-07-19,17.56,17.75,16.72,17.71,238800,14.46
2010-07-16,17.67,17.90,17.57,17.77,263000,14.51
2010-07-15,17.84,18.01,17.59,17.81,77800,14.55
2010-07-14,17.99,18.12,17.75,17.89,94100,14.61
2010-07-13,17.87,18.09,17.72,18.06,137300,14.75
2010-07-12,17.93,18.13,17.57,17.80,145000,14.54
2010-07-09,17.62,18.14,17.62,18.00,88500,14.70
2010-07-08,17.68,17.89,17.50,17.70,89700,14.46
2010-07-07,17.28,17.77,17.25,17.57,214300,14.35
2010-07-06,18.00,18.18,17.09,17.34,242800,14.16
2010-07-02,18.15,18.23,17.38,17.78,233600,14.52
2010-07-01,18.68,18.87,18.03,18.11,407000,14.79
2010-06-30,18.75,19.13,18.66,18.73,409500,15.30
2010-06-29,19.14,19.14,18.67,18.71,309100,15.28
2010-06-28,19.35,19.47,19.12,19.25,169800,15.72
2010-06-25,19.00,19.56,18.92,19.42,595000,15.86
2010-06-24,18.85,19.10,18.72,18.89,292200,15.43
2010-06-23,18.54,18.95,17.88,18.87,174800,15.41
2010-06-22,19.25,19.38,18.44,18.62,294600,15.21
2010-06-21,19.93,19.95,19.18,19.31,169500,15.77
2010-06-18,19.62,19.81,19.41,19.80,133400,16.17
2010-06-17,19.51,19.80,19.33,19.59,273100,16.00
2010-06-16,19.35,19.62,19.22,19.57,244400,15.98
2010-06-15,19.33,19.48,19.04,19.44,170200,15.88
2010-06-14,19.04,19.50,18.96,19.28,225900,15.75
2010-06-11,18.70,19.01,18.65,19.01,185300,15.53
2010-06-10,18.65,19.13,18.36,19.12,311500,15.36
2010-06-09,18.31,18.73,18.09,18.45,149700,14.82
2010-06-08,18.03,18.35,17.75,18.27,238500,14.68
2010-06-07,18.22,18.66,18.00,18.07,95600,14.51
2010-06-04,18.36,18.50,18.11,18.23,381000,14.64
2010-06-03,18.61,19.15,18.50,18.57,165100,14.92
2010-06-02,18.76,18.76,18.04,18.71,369000,15.03
2010-06-01,18.81,19.32,18.38,18.82,196000,15.12
2010-05-28,19.02,19.17,18.71,18.98,328200,15.25
2010-05-27,18.88,19.13,18.05,19.09,328100,15.33
2010-05-26,18.14,19.07,18.14,18.70,305100,15.02
2010-05-25,17.90,18.50,17.60,17.90,217100,14.38
2010-05-24,18.60,18.92,18.07,18.16,139500,14.59
2010-05-21,18.09,18.91,17.30,18.71,362600,15.03
2010-05-20,18.30,18.73,18.08,18.34,272900,14.73
2010-05-19,18.60,18.85,18.43,18.51,196600,14.87
2010-05-18,19.31,19.31,18.59,18.67,252600,15.00
2010-05-17,19.46,19.48,19.05,19.25,158100,15.46
2010-05-14,19.50,19.59,19.38,19.49,135700,15.65
2010-05-13,19.65,19.77,19.50,19.57,128300,15.72
2010-05-12,19.74,19.83,19.57,19.77,260000,15.88
2010-05-11,19.58,20.00,19.55,19.80,208100,15.90
2010-05-10,19.83,19.92,19.34,19.81,495200,15.91
2010-05-07,19.60,19.95,19.34,19.43,512500,15.61
2010-05-06,19.99,20.19,19.45,19.54,267700,15.70
2010-05-05,20.15,20.15,19.85,20.00,154200,16.06
2010-05-04,19.98,20.78,19.91,20.36,528600,16.35
2010-05-03,20.05,20.26,19.85,20.26,180100,16.27
2010-04-30,20.06,20.19,19.90,20.04,277500,16.10
2010-04-29,19.82,20.20,19.68,20.12,269900,16.16
2010-04-28,19.60,20.10,19.39,19.76,150300,15.87
2010-04-27,19.85,20.07,19.59,19.59,172200,15.74
2010-04-26,20.05,20.10,19.67,20.04,271600,16.10
2010-04-23,19.50,20.04,19.50,19.99,187400,16.06
2010-04-22,19.27,19.61,19.26,19.55,125200,15.70
2010-04-21,19.41,19.61,19.31,19.45,107400,15.62
2010-04-20,19.72,19.82,19.22,19.47,167400,15.64
2010-04-19,19.36,19.98,19.36,19.47,163800,15.64
2010-04-16,19.67,19.97,19.43,19.49,146400,15.65
2010-04-15,19.94,20.10,19.18,19.81,285100,15.91
2010-04-14,20.01,20.12,19.77,20.10,282900,16.14
2010-04-13,20.01,20.28,19.75,20.02,275200,16.08
2010-04-12,20.00,20.23,19.73,20.14,126000,16.18
2010-04-09,19.89,20.20,19.60,20.14,154700,16.18
2010-04-08,19.50,20.10,19.47,19.78,157900,15.89
2010-04-07,19.87,20.10,19.38,19.59,218000,15.74
2010-04-06,19.65,20.00,19.65,19.80,668900,15.90
2010-04-05,19.77,19.90,19.60,19.75,685300,15.86
2010-04-01,19.75,19.97,19.48,19.64,290400,15.78
2010-03-31,19.42,20.00,19.23,19.85,2044300,15.94
2010-03-30,20.08,20.25,19.31,19.52,311900,15.68
2010-03-29,19.74,20.48,19.68,20.20,733000,16.23
2010-03-26,19.35,19.88,19.28,19.86,429600,15.95
2010-03-25,19.30,19.58,19.25,19.34,450200,15.53
2010-03-24,19.25,19.68,19.25,19.34,405800,15.53
2010-03-23,19.40,19.55,19.00,19.35,204700,15.54
2010-03-22,19.47,19.67,19.00,19.56,251600,15.71
2010-03-19,19.39,19.45,18.57,19.39,1700000,15.57
2010-03-18,18.97,19.25,18.92,19.18,306500,15.41
2010-03-17,18.51,19.05,18.50,19.05,340400,15.30
2010-03-16,17.84,18.82,17.82,18.59,758000,14.93
2010-03-15,17.70,17.95,17.55,17.85,349100,14.34
2010-03-12,17.35,17.92,17.35,17.65,314500,14.18
2010-03-11,17.40,17.76,17.28,17.55,377100,14.10
2010-03-10,17.32,18.04,17.32,17.68,222100,13.95
2010-03-09,17.10,17.65,17.10,17.60,455900,13.89
2010-03-08,17.25,17.50,17.20,17.34,214700,13.68
2010-03-05,17.19,17.50,17.11,17.40,278200,13.73
2010-03-04,17.03,17.25,16.90,17.20,217500,13.57
2010-03-03,17.51,17.65,17.02,17.05,305800,13.45
2010-03-02,16.96,18.20,16.60,17.82,465800,14.06
2010-03-01,16.80,17.19,16.72,17.00,225500,13.41
2010-02-26,17.00,17.00,16.60,16.75,260100,13.21
2010-02-25,16.70,17.28,16.40,16.94,282900,13.36
2010-02-24,16.90,16.97,15.97,16.88,614400,13.32
2010-02-23,16.78,17.33,16.75,16.97,258100,13.39
2010-02-22,17.83,17.99,16.82,17.00,1016600,13.41
2010-02-19,17.25,18.00,16.80,17.87,2028600,14.10
2010-02-18,16.30,17.25,16.30,17.25,819200,13.61
2010-02-17,16.51,16.54,15.98,16.54,644100,13.05
2010-02-16,16.75,16.98,15.77,16.40,392500,12.94
2010-02-12,15.83,21.01,15.58,16.00,805500,12.62
2010-02-11,15.57,15.92,15.28,15.75,889900,12.43
2010-02-10,14.75,15.74,14.37,15.60,4343100,12.31
